# IsPeriodic    : True
# Period        : 0.395470 days
# Normalization : <g_mag>=0
# 
# Phase u_mag  g_mag  r_mag  i_mag  z_mag  y_mag
 0.000  0.947 -0.278 -0.263 -0.256 -0.232 -0.232
 0.002  0.947 -0.278 -0.263 -0.256 -0.232 -0.232
 0.004  0.947 -0.278 -0.263 -0.256 -0.232 -0.232
 0.006  0.947 -0.277 -0.263 -0.256 -0.232 -0.232
 0.008  0.947 -0.277 -0.263 -0.255 -0.231 -0.231
 0.010  0.947 -0.277 -0.263 -0.255 -0.231 -0.231
 0.012  0.947 -0.277 -0.263 -0.255 -0.231 -0.231
 0.014  0.947 -0.276 -0.263 -0.255 -0.231 -0.231
 0.016  0.948 -0.276 -0.263 -0.254 -0.231 -0.231
 0.018  0.948 -0.276 -0.262 -0.254 -0.231 -0.231
 0.020  0.949 -0.276 -0.262 -0.254 -0.231 -0.231
 0.022  0.949 -0.275 -0.262 -0.253 -0.231 -0.231
 0.024  0.950 -0.275 -0.262 -0.253 -0.230 -0.230
 0.026  0.950 -0.275 -0.261 -0.252 -0.230 -0.230
 0.028  0.950 -0.274 -0.261 -0.252 -0.230 -0.230
 0.030  0.951 -0.274 -0.261 -0.251 -0.230 -0.230
 0.032  0.952 -0.274 -0.260 -0.251 -0.229 -0.229
 0.034  0.952 -0.273 -0.260 -0.250 -0.229 -0.229
 0.036  0.953 -0.273 -0.259 -0.249 -0.229 -0.229
 0.038  0.954 -0.272 -0.259 -0.248 -0.228 -0.228
 0.040  0.955 -0.272 -0.259 -0.248 -0.228 -0.228
 0.042  0.955 -0.272 -0.258 -0.247 -0.228 -0.228
 0.044  0.956 -0.272 -0.258 -0.246 -0.227 -0.227
 0.046  0.957 -0.271 -0.257 -0.246 -0.227 -0.227
 0.048  0.958 -0.271 -0.256 -0.245 -0.226 -0.226
 0.050  0.959 -0.271 -0.256 -0.244 -0.226 -0.226
 0.052  0.960 -0.270 -0.255 -0.244 -0.225 -0.225
 0.054  0.961 -0.270 -0.255 -0.243 -0.225 -0.225
 0.056  0.962 -0.270 -0.254 -0.242 -0.225 -0.225
 0.058  0.963 -0.269 -0.253 -0.242 -0.224 -0.224
 0.060  0.964 -0.269 -0.253 -0.241 -0.223 -0.223
 0.062  0.966 -0.269 -0.252 -0.240 -0.223 -0.223
 0.064  0.967 -0.268 -0.251 -0.240 -0.222 -0.222
 0.066  0.968 -0.268 -0.251 -0.239 -0.222 -0.222
 0.068  0.970 -0.268 -0.250 -0.238 -0.221 -0.221
 0.070  0.971 -0.267 -0.249 -0.238 -0.221 -0.221
 0.072  0.972 -0.267 -0.248 -0.237 -0.220 -0.220
 0.074  0.974 -0.267 -0.247 -0.236 -0.220 -0.220
 0.076  0.975 -0.266 -0.246 -0.236 -0.219 -0.219
 0.078  0.977 -0.265 -0.246 -0.235 -0.218 -0.218
 0.080  0.978 -0.265 -0.245 -0.234 -0.218 -0.218
 0.082  0.980 -0.264 -0.244 -0.234 -0.217 -0.217
 0.084  0.981 -0.264 -0.243 -0.233 -0.217 -0.217
 0.086  0.983 -0.263 -0.242 -0.232 -0.216 -0.216
 0.088  0.984 -0.263 -0.241 -0.232 -0.215 -0.215
 0.090  0.986 -0.262 -0.240 -0.231 -0.215 -0.215
 0.092  0.987 -0.262 -0.239 -0.230 -0.214 -0.214
 0.094  0.989 -0.261 -0.238 -0.229 -0.213 -0.213
 0.096  0.990 -0.260 -0.237 -0.229 -0.213 -0.213
 0.098  0.992 -0.259 -0.236 -0.228 -0.212 -0.212
 0.100  0.993 -0.258 -0.235 -0.227 -0.211 -0.211
 0.102  0.995 -0.257 -0.234 -0.227 -0.211 -0.211
 0.104  0.996 -0.256 -0.233 -0.226 -0.210 -0.210
 0.106  0.998 -0.255 -0.232 -0.225 -0.209 -0.209
 0.108  0.999 -0.254 -0.231 -0.225 -0.209 -0.209
 0.110  1.001 -0.253 -0.230 -0.224 -0.208 -0.208
 0.112  1.003 -0.252 -0.229 -0.223 -0.207 -0.207
 0.114  1.004 -0.251 -0.228 -0.222 -0.207 -0.207
 0.116  1.006 -0.250 -0.226 -0.222 -0.206 -0.206
 0.118  1.007 -0.249 -0.225 -0.221 -0.205 -0.205
 0.120  1.009 -0.248 -0.224 -0.220 -0.205 -0.205
 0.122  1.010 -0.246 -0.223 -0.220 -0.204 -0.204
 0.124  1.012 -0.245 -0.221 -0.219 -0.203 -0.203
 0.126  1.013 -0.243 -0.220 -0.218 -0.203 -0.203
 0.128  1.015 -0.242 -0.219 -0.217 -0.202 -0.202
 0.130  1.017 -0.240 -0.218 -0.216 -0.201 -0.201
 0.132  1.018 -0.239 -0.216 -0.216 -0.201 -0.201
 0.134  1.020 -0.237 -0.215 -0.215 -0.200 -0.200
 0.136  1.021 -0.236 -0.214 -0.214 -0.199 -0.199
 0.138  1.023 -0.234 -0.213 -0.213 -0.198 -0.198
 0.140  1.025 -0.232 -0.211 -0.212 -0.198 -0.198
 0.142  1.026 -0.231 -0.210 -0.212 -0.197 -0.197
 0.144  1.028 -0.229 -0.209 -0.211 -0.196 -0.196
 0.146  1.029 -0.227 -0.207 -0.210 -0.195 -0.195
 0.148  1.031 -0.225 -0.206 -0.209 -0.194 -0.194
 0.150  1.033 -0.224 -0.205 -0.208 -0.193 -0.193
 0.152  1.034 -0.222 -0.203 -0.207 -0.193 -0.193
 0.154  1.036 -0.220 -0.202 -0.207 -0.192 -0.192
 0.156  1.038 -0.218 -0.201 -0.206 -0.191 -0.191
 0.158  1.040 -0.216 -0.199 -0.205 -0.190 -0.190
 0.160  1.041 -0.214 -0.198 -0.204 -0.189 -0.189
 0.162  1.043 -0.212 -0.197 -0.203 -0.188 -0.188
 0.164  1.045 -0.211 -0.196 -0.202 -0.187 -0.187
 0.166  1.046 -0.208 -0.194 -0.201 -0.186 -0.186
 0.168  1.049 -0.206 -0.193 -0.200 -0.185 -0.185
 0.170  1.050 -0.205 -0.191 -0.199 -0.184 -0.184
 0.172  1.052 -0.203 -0.190 -0.198 -0.182 -0.182
 0.174  1.054 -0.201 -0.189 -0.197 -0.181 -0.181
 0.176  1.056 -0.199 -0.187 -0.196 -0.180 -0.180
 0.178  1.057 -0.197 -0.186 -0.196 -0.179 -0.179
 0.180  1.060 -0.195 -0.184 -0.195 -0.178 -0.178
 0.182  1.061 -0.193 -0.183 -0.194 -0.177 -0.177
 0.184  1.063 -0.191 -0.182 -0.193 -0.176 -0.176
 0.186  1.065 -0.189 -0.180 -0.192 -0.174 -0.174
 0.188  1.067 -0.187 -0.179 -0.191 -0.173 -0.173
 0.190  1.069 -0.185 -0.178 -0.190 -0.172 -0.172
 0.192  1.071 -0.183 -0.176 -0.189 -0.171 -0.171
 0.194  1.073 -0.181 -0.175 -0.188 -0.169 -0.169
 0.196  1.075 -0.179 -0.173 -0.187 -0.168 -0.168
 0.198  1.077 -0.177 -0.172 -0.186 -0.167 -0.167
 0.200  1.080 -0.175 -0.170 -0.185 -0.165 -0.165
 0.202  1.082 -0.173 -0.169 -0.184 -0.164 -0.164
 0.204  1.084 -0.171 -0.168 -0.183 -0.163 -0.163
 0.206  1.086 -0.168 -0.166 -0.182 -0.161 -0.161
 0.208  1.088 -0.166 -0.165 -0.181 -0.160 -0.160
 0.210  1.090 -0.165 -0.163 -0.180 -0.159 -0.159
 0.212  1.092 -0.162 -0.162 -0.179 -0.157 -0.157
 0.214  1.094 -0.160 -0.160 -0.178 -0.156 -0.156
 0.216  1.096 -0.158 -0.159 -0.177 -0.155 -0.155
 0.218  1.099 -0.156 -0.157 -0.176 -0.154 -0.154
 0.220  1.101 -0.154 -0.156 -0.175 -0.152 -0.152
 0.222  1.103 -0.152 -0.154 -0.174 -0.151 -0.151
 0.224  1.105 -0.149 -0.153 -0.173 -0.150 -0.150
 0.226  1.108 -0.147 -0.151 -0.172 -0.149 -0.149
 0.228  1.110 -0.145 -0.150 -0.171 -0.147 -0.147
 0.230  1.112 -0.143 -0.148 -0.170 -0.146 -0.146
 0.232  1.114 -0.141 -0.147 -0.169 -0.145 -0.145
 0.234  1.116 -0.138 -0.145 -0.167 -0.144 -0.144
 0.236  1.119 -0.136 -0.144 -0.166 -0.142 -0.142
 0.238  1.121 -0.134 -0.142 -0.165 -0.141 -0.141
 0.240  1.123 -0.131 -0.141 -0.164 -0.140 -0.140
 0.242  1.125 -0.129 -0.139 -0.163 -0.139 -0.139
 0.244  1.128 -0.127 -0.138 -0.162 -0.138 -0.138
 0.246  1.130 -0.124 -0.136 -0.161 -0.136 -0.136
 0.248  1.132 -0.122 -0.134 -0.160 -0.135 -0.135
 0.250  1.135 -0.120 -0.133 -0.159 -0.134 -0.134
 0.252  1.137 -0.117 -0.131 -0.158 -0.133 -0.133
 0.254  1.139 -0.115 -0.130 -0.156 -0.132 -0.132
 0.256  1.142 -0.112 -0.128 -0.155 -0.131 -0.131
 0.258  1.144 -0.110 -0.127 -0.154 -0.130 -0.130
 0.260  1.146 -0.108 -0.125 -0.153 -0.129 -0.129
 0.262  1.148 -0.105 -0.123 -0.152 -0.128 -0.128
 0.264  1.150 -0.103 -0.122 -0.151 -0.126 -0.126
 0.266  1.153 -0.100 -0.120 -0.149 -0.125 -0.125
 0.268  1.155 -0.098 -0.118 -0.148 -0.124 -0.124
 0.270  1.158 -0.095 -0.117 -0.147 -0.123 -0.123
 0.272  1.160 -0.092 -0.115 -0.146 -0.122 -0.122
 0.274  1.162 -0.090 -0.113 -0.144 -0.121 -0.121
 0.276  1.164 -0.088 -0.112 -0.143 -0.120 -0.120
 0.278  1.167 -0.085 -0.110 -0.142 -0.119 -0.119
 0.280  1.169 -0.083 -0.109 -0.140 -0.118 -0.118
 0.282  1.172 -0.080 -0.107 -0.139 -0.117 -0.117
 0.284  1.174 -0.077 -0.105 -0.138 -0.116 -0.116
 0.286  1.176 -0.075 -0.103 -0.137 -0.115 -0.115
 0.288  1.178 -0.072 -0.102 -0.135 -0.114 -0.114
 0.290  1.181 -0.069 -0.100 -0.134 -0.113 -0.113
 0.292  1.183 -0.067 -0.098 -0.132 -0.111 -0.111
 0.294  1.186 -0.064 -0.097 -0.131 -0.110 -0.110
 0.296  1.188 -0.062 -0.095 -0.130 -0.109 -0.109
 0.298  1.190 -0.059 -0.094 -0.128 -0.108 -0.108
 0.300  1.192 -0.056 -0.092 -0.127 -0.107 -0.107
 0.302  1.195 -0.054 -0.090 -0.125 -0.106 -0.106
 0.304  1.197 -0.051 -0.089 -0.124 -0.105 -0.105
 0.306  1.199 -0.048 -0.087 -0.123 -0.103 -0.103
 0.308  1.201 -0.046 -0.085 -0.121 -0.102 -0.102
 0.310  1.203 -0.044 -0.083 -0.120 -0.101 -0.101
 0.312  1.205 -0.041 -0.082 -0.118 -0.100 -0.100
 0.314  1.207 -0.039 -0.080 -0.117 -0.099 -0.099
 0.316  1.209 -0.036 -0.079 -0.115 -0.098 -0.098
 0.318  1.212 -0.034 -0.077 -0.113 -0.097 -0.097
 0.320  1.214 -0.031 -0.075 -0.112 -0.095 -0.095
 0.322  1.215 -0.029 -0.074 -0.111 -0.094 -0.094
 0.324  1.218 -0.027 -0.072 -0.109 -0.093 -0.093
 0.326  1.220 -0.024 -0.070 -0.107 -0.092 -0.092
 0.328  1.221 -0.022 -0.068 -0.106 -0.090 -0.090
 0.330  1.223 -0.020 -0.067 -0.104 -0.089 -0.089
 0.332  1.225 -0.017 -0.065 -0.103 -0.088 -0.088
 0.334  1.227 -0.015 -0.063 -0.101 -0.087 -0.087
 0.336  1.229 -0.013 -0.062 -0.100 -0.085 -0.085
 0.338  1.231 -0.011 -0.061 -0.099 -0.084 -0.084
 0.340  1.233 -0.008 -0.059 -0.097 -0.083 -0.083
 0.342  1.235 -0.006 -0.057 -0.096 -0.082 -0.082
 0.344  1.236 -0.004 -0.056 -0.094 -0.081 -0.081
 0.346  1.238 -0.002 -0.054 -0.093 -0.079 -0.079
 0.348  1.240  0.000 -0.052 -0.091 -0.078 -0.078
 0.350  1.241  0.003 -0.051 -0.090 -0.077 -0.077
 0.352  1.243  0.005 -0.049 -0.088 -0.076 -0.076
 0.354  1.245  0.007 -0.048 -0.087 -0.074 -0.074
 0.356  1.246  0.009 -0.046 -0.086 -0.073 -0.073
 0.358  1.248  0.011 -0.045 -0.084 -0.072 -0.072
 0.360  1.250  0.013 -0.043 -0.083 -0.071 -0.071
 0.362  1.251  0.015 -0.042 -0.081 -0.069 -0.069
 0.364  1.253  0.017 -0.040 -0.080 -0.068 -0.068
 0.366  1.254  0.019 -0.039 -0.079 -0.067 -0.067
 0.368  1.256  0.021 -0.037 -0.077 -0.065 -0.065
 0.370  1.258  0.024 -0.036 -0.076 -0.064 -0.064
 0.372  1.260  0.026 -0.034 -0.075 -0.063 -0.063
 0.374  1.261  0.028 -0.033 -0.073 -0.062 -0.062
 0.376  1.263  0.030 -0.031 -0.072 -0.061 -0.061
 0.378  1.265  0.032 -0.029 -0.070 -0.060 -0.060
 0.380  1.266  0.035 -0.028 -0.069 -0.058 -0.058
 0.382  1.268  0.037 -0.027 -0.068 -0.057 -0.057
 0.384  1.270  0.039 -0.025 -0.067 -0.056 -0.056
 0.386  1.271  0.042 -0.024 -0.065 -0.055 -0.055
 0.388  1.273  0.044 -0.022 -0.064 -0.054 -0.054
 0.390  1.275  0.046 -0.021 -0.063 -0.052 -0.052
 0.392  1.277  0.049 -0.019 -0.061 -0.051 -0.051
 0.394  1.278  0.051 -0.018 -0.060 -0.050 -0.050
 0.396  1.280  0.053 -0.016 -0.059 -0.049 -0.049
 0.398  1.282  0.056 -0.015 -0.057 -0.048 -0.048
 0.400  1.283  0.058 -0.013 -0.056 -0.047 -0.047
 0.402  1.285  0.061 -0.012 -0.055 -0.046 -0.046
 0.404  1.287  0.063 -0.010 -0.054 -0.045 -0.045
 0.406  1.289  0.065 -0.009 -0.053 -0.044 -0.044
 0.408  1.291  0.068 -0.007 -0.051 -0.043 -0.043
 0.410  1.293  0.070 -0.006 -0.050 -0.042 -0.042
 0.412  1.294  0.073 -0.004 -0.049 -0.041 -0.041
 0.414  1.296  0.076 -0.003 -0.048 -0.040 -0.040
 0.416  1.298  0.078 -0.001 -0.047 -0.039 -0.039
 0.418  1.300  0.081  0.000 -0.046 -0.038 -0.038
 0.420  1.302  0.084  0.002 -0.045 -0.037 -0.037
 0.422  1.304  0.087  0.003 -0.044 -0.036 -0.036
 0.424  1.306  0.089  0.005 -0.043 -0.035 -0.035
 0.426  1.308  0.092  0.006 -0.041 -0.035 -0.035
 0.428  1.309  0.095  0.008 -0.040 -0.034 -0.034
 0.430  1.311  0.097  0.009 -0.040 -0.033 -0.033
 0.432  1.313  0.100  0.010 -0.038 -0.032 -0.032
 0.434  1.315  0.103  0.012 -0.037 -0.031 -0.031
 0.436  1.317  0.106  0.013 -0.036 -0.031 -0.031
 0.438  1.319  0.108  0.015 -0.035 -0.030 -0.030
 0.440  1.320  0.111  0.016 -0.035 -0.029 -0.029
 0.442  1.322  0.114  0.017 -0.034 -0.029 -0.029
 0.444  1.324  0.116  0.019 -0.032 -0.028 -0.028
 0.446  1.325  0.119  0.020 -0.032 -0.027 -0.027
 0.448  1.327  0.121  0.022 -0.031 -0.027 -0.027
 0.450  1.328  0.124  0.023 -0.030 -0.026 -0.026
 0.452  1.330  0.127  0.024 -0.029 -0.025 -0.025
 0.454  1.331  0.129  0.025 -0.028 -0.025 -0.025
 0.456  1.333  0.131  0.026 -0.027 -0.024 -0.024
 0.458  1.334  0.134  0.028 -0.026 -0.024 -0.024
 0.460  1.336  0.136  0.029 -0.025 -0.023 -0.023
 0.462  1.336  0.138  0.030 -0.025 -0.022 -0.022
 0.464  1.338  0.140  0.031 -0.024 -0.022 -0.022
 0.466  1.339  0.143  0.033 -0.023 -0.022 -0.022
 0.468  1.340  0.145  0.034 -0.022 -0.021 -0.021
 0.470  1.341  0.147  0.035 -0.022 -0.020 -0.020
 0.472  1.342  0.149  0.036 -0.021 -0.020 -0.020
 0.474  1.343  0.151  0.037 -0.020 -0.019 -0.019
 0.476  1.345  0.153  0.038 -0.019 -0.019 -0.019
 0.478  1.345  0.155  0.039 -0.019 -0.019 -0.019
 0.480  1.346  0.158  0.040 -0.018 -0.018 -0.018
 0.482  1.347  0.159  0.041 -0.017 -0.018 -0.018
 0.484  1.348  0.161  0.042 -0.016 -0.017 -0.017
 0.486  1.349  0.163  0.043 -0.016 -0.017 -0.017
 0.488  1.349  0.165  0.044 -0.015 -0.017 -0.017
 0.490  1.350  0.167  0.045 -0.014 -0.016 -0.016
 0.492  1.350  0.168  0.046 -0.014 -0.016 -0.016
 0.494  1.351  0.171  0.047 -0.013 -0.015 -0.015
 0.496  1.352  0.172  0.048 -0.012 -0.015 -0.015
 0.498  1.352  0.174  0.048 -0.012 -0.014 -0.014
 0.500  1.353  0.176  0.049 -0.011 -0.014 -0.014
 0.502  1.353  0.177  0.050 -0.011 -0.014 -0.014
 0.504  1.353  0.179  0.051 -0.010 -0.013 -0.013
 0.506  1.354  0.180  0.051 -0.009 -0.013 -0.013
 0.508  1.354  0.182  0.052 -0.009 -0.012 -0.012
 0.510  1.355  0.183  0.053 -0.008 -0.012 -0.012
 0.512  1.355  0.185  0.053 -0.008 -0.011 -0.011
 0.514  1.356  0.186  0.054 -0.007 -0.011 -0.011
 0.516  1.356  0.188  0.055 -0.006 -0.011 -0.011
 0.518  1.356  0.190  0.055 -0.006 -0.010 -0.010
 0.520  1.357  0.191  0.055 -0.005 -0.010 -0.010
 0.522  1.357  0.193  0.056 -0.005 -0.010 -0.010
 0.524  1.358  0.195  0.056 -0.004 -0.009 -0.009
 0.526  1.358  0.196  0.057 -0.004 -0.009 -0.009
 0.528  1.359  0.198  0.057 -0.003 -0.009 -0.009
 0.530  1.359  0.199  0.058 -0.003 -0.008 -0.008
 0.532  1.359  0.201  0.058 -0.002 -0.008 -0.008
 0.534  1.360  0.203  0.059 -0.002 -0.008 -0.008
 0.536  1.360  0.204  0.059 -0.002 -0.007 -0.007
 0.538  1.361  0.206  0.059 -0.001 -0.007 -0.007
 0.540  1.361  0.208  0.060 -0.001 -0.007 -0.007
 0.542  1.361  0.209  0.060 -0.000 -0.006 -0.006
 0.544  1.362  0.211  0.060  0.000 -0.006 -0.006
 0.546  1.362  0.212  0.061  0.000 -0.006 -0.006
 0.548  1.363  0.215  0.061  0.001 -0.006 -0.006
 0.550  1.363  0.216  0.061  0.001 -0.005 -0.005
 0.552  1.364  0.218  0.061  0.001 -0.005 -0.005
 0.554  1.364  0.219  0.062  0.002 -0.005 -0.005
 0.556  1.364  0.221  0.062  0.002 -0.005 -0.005
 0.558  1.365  0.223  0.062  0.002 -0.004 -0.004
 0.560  1.365  0.224  0.062  0.002 -0.004 -0.004
 0.562  1.366  0.227  0.062  0.003 -0.004 -0.004
 0.564  1.366  0.228  0.063  0.003 -0.004 -0.004
 0.566  1.367  0.230  0.063  0.003 -0.004 -0.004
 0.568  1.367  0.231  0.063  0.003 -0.003 -0.003
 0.570  1.367  0.233  0.063  0.003 -0.003 -0.003
 0.572  1.368  0.235  0.063  0.004 -0.003 -0.003
 0.574  1.368  0.237  0.063  0.004 -0.003 -0.003
 0.576  1.369  0.238  0.063  0.004 -0.003 -0.003
 0.578  1.369  0.240  0.063  0.004 -0.003 -0.003
 0.580  1.369  0.242  0.063  0.004 -0.003 -0.003
 0.582  1.370  0.243  0.064  0.004 -0.003 -0.003
 0.584  1.370  0.245  0.064  0.004 -0.003 -0.003
 0.586  1.370  0.247  0.064  0.004 -0.003 -0.003
 0.588  1.370  0.248  0.064  0.004 -0.003 -0.003
 0.590  1.370  0.249  0.064  0.004 -0.003 -0.003
 0.592  1.371  0.251  0.064  0.004 -0.003 -0.003
 0.594  1.371  0.252  0.064  0.004 -0.003 -0.003
 0.596  1.371  0.253  0.064  0.004 -0.003 -0.003
 0.598  1.371  0.254  0.064  0.004 -0.003 -0.003
 0.600  1.371  0.255  0.064  0.004 -0.003 -0.003
 0.602  1.371  0.256  0.063  0.004 -0.003 -0.003
 0.604  1.371  0.257  0.063  0.004 -0.003 -0.003
 0.606  1.371  0.258  0.063  0.004 -0.003 -0.003
 0.608  1.371  0.259  0.063  0.003 -0.003 -0.003
 0.610  1.371  0.260  0.063  0.003 -0.004 -0.004
 0.612  1.371  0.260  0.063  0.003 -0.004 -0.004
 0.614  1.371  0.261  0.063  0.003 -0.004 -0.004
 0.616  1.371  0.262  0.063  0.003 -0.004 -0.004
 0.618  1.370  0.262  0.062  0.003 -0.004 -0.004
 0.620  1.370  0.263  0.062  0.003 -0.004 -0.004
 0.622  1.370  0.263  0.062  0.002 -0.005 -0.005
 0.624  1.370  0.263  0.062  0.002 -0.005 -0.005
 0.626  1.370  0.264  0.061  0.002 -0.005 -0.005
 0.628  1.369  0.264  0.061  0.002 -0.006 -0.006
 0.630  1.369  0.264  0.061  0.002 -0.006 -0.006
 0.632  1.368  0.264  0.060  0.002 -0.006 -0.006
 0.634  1.368  0.264  0.060  0.001 -0.007 -0.007
 0.636  1.367  0.264  0.060  0.001 -0.007 -0.007
 0.638  1.367  0.264  0.059  0.001 -0.008 -0.008
 0.640  1.367  0.264  0.059  0.001 -0.008 -0.008
 0.642  1.366  0.264  0.058  0.000 -0.009 -0.009
 0.644  1.366  0.264  0.058  0.000 -0.009 -0.009
 0.646  1.365  0.263  0.057 -0.000 -0.010 -0.010
 0.648  1.364  0.263  0.057 -0.000 -0.010 -0.010
 0.650  1.364  0.263  0.056 -0.001 -0.011 -0.011
 0.652  1.363  0.263  0.055 -0.001 -0.012 -0.012
 0.654  1.362  0.262  0.055 -0.001 -0.013 -0.013
 0.656  1.361  0.262  0.054 -0.002 -0.013 -0.013
 0.658  1.360  0.262  0.054 -0.002 -0.014 -0.014
 0.660  1.359  0.261  0.053 -0.002 -0.015 -0.015
 0.662  1.358  0.261  0.052 -0.002 -0.016 -0.016
 0.664  1.357  0.260  0.051 -0.003 -0.017 -0.017
 0.666  1.356  0.260  0.050 -0.003 -0.018 -0.018
 0.668  1.355  0.260  0.050 -0.003 -0.019 -0.019
 0.670  1.353  0.259  0.049 -0.004 -0.020 -0.020
 0.672  1.352  0.259  0.048 -0.004 -0.021 -0.021
 0.674  1.351  0.258  0.047 -0.004 -0.022 -0.022
 0.676  1.349  0.257  0.046 -0.005 -0.023 -0.023
 0.678  1.348  0.257  0.045 -0.005 -0.025 -0.025
 0.680  1.346  0.256  0.044 -0.006 -0.026 -0.026
 0.682  1.345  0.256  0.043 -0.006 -0.027 -0.027
 0.684  1.343  0.255  0.042 -0.007 -0.029 -0.029
 0.686  1.341  0.255  0.041 -0.008 -0.030 -0.030
 0.688  1.339  0.254  0.039 -0.008 -0.032 -0.032
 0.690  1.338  0.254  0.038 -0.009 -0.033 -0.033
 0.692  1.336  0.253  0.037 -0.010 -0.035 -0.035
 0.694  1.334  0.253  0.036 -0.011 -0.037 -0.037
 0.696  1.332  0.252  0.035 -0.012 -0.039 -0.039
 0.698  1.330  0.251  0.033 -0.013 -0.041 -0.041
 0.700  1.328  0.251  0.032 -0.014 -0.042 -0.042
 0.702  1.325  0.250  0.031 -0.015 -0.044 -0.044
 0.704  1.323  0.250  0.029 -0.016 -0.046 -0.046
 0.706  1.321  0.249  0.028 -0.017 -0.048 -0.048
 0.708  1.319  0.248  0.026 -0.018 -0.050 -0.050
 0.710  1.316  0.248  0.024 -0.020 -0.052 -0.052
 0.712  1.314  0.247  0.022 -0.021 -0.054 -0.054
 0.714  1.311  0.246  0.021 -0.022 -0.056 -0.056
 0.716  1.308  0.245  0.019 -0.024 -0.058 -0.058
 0.718  1.306  0.244  0.017 -0.025 -0.060 -0.060
 0.720  1.303  0.244  0.015 -0.027 -0.063 -0.063
 0.722  1.300  0.243  0.013 -0.029 -0.065 -0.065
 0.724  1.297  0.242  0.011 -0.030 -0.067 -0.067
 0.726  1.294  0.241  0.008 -0.032 -0.069 -0.069
 0.728  1.291  0.240  0.006 -0.034 -0.072 -0.072
 0.730  1.288  0.239  0.004 -0.036 -0.074 -0.074
 0.732  1.285  0.238  0.001 -0.037 -0.076 -0.076
 0.734  1.282  0.237 -0.001 -0.039 -0.079 -0.079
 0.736  1.278  0.236 -0.004 -0.041 -0.081 -0.081
 0.738  1.275  0.235 -0.006 -0.043 -0.083 -0.083
 0.740  1.271  0.233 -0.009 -0.045 -0.086 -0.086
 0.742  1.268  0.232 -0.012 -0.048 -0.088 -0.088
 0.744  1.264  0.230 -0.015 -0.050 -0.091 -0.091
 0.746  1.260  0.229 -0.018 -0.052 -0.093 -0.093
 0.748  1.256  0.227 -0.021 -0.054 -0.095 -0.095
 0.750  1.252  0.225 -0.024 -0.057 -0.098 -0.098
 0.752  1.249  0.224 -0.027 -0.059 -0.100 -0.100
 0.754  1.244  0.222 -0.030 -0.061 -0.103 -0.103
 0.756  1.240  0.220 -0.034 -0.064 -0.105 -0.105
 0.758  1.236  0.218 -0.037 -0.066 -0.108 -0.108
 0.760  1.232  0.216 -0.041 -0.069 -0.110 -0.110
 0.762  1.228  0.214 -0.044 -0.071 -0.112 -0.112
 0.764  1.223  0.212 -0.048 -0.074 -0.115 -0.115
 0.766  1.219  0.210 -0.051 -0.076 -0.117 -0.117
 0.768  1.214  0.208 -0.055 -0.079 -0.119 -0.119
 0.770  1.209  0.206 -0.059 -0.081 -0.122 -0.122
 0.772  1.204  0.204 -0.062 -0.084 -0.124 -0.124
 0.774  1.200  0.201 -0.066 -0.086 -0.126 -0.126
 0.776  1.195  0.199 -0.070 -0.089 -0.128 -0.128
 0.778  1.189  0.196 -0.074 -0.092 -0.130 -0.130
 0.780  1.184  0.194 -0.078 -0.094 -0.133 -0.133
 0.782  1.179  0.191 -0.082 -0.097 -0.135 -0.135
 0.784  1.174  0.189 -0.086 -0.100 -0.137 -0.137
 0.786  1.169  0.186 -0.090 -0.102 -0.139 -0.139
 0.788  1.163  0.183 -0.094 -0.105 -0.141 -0.141
 0.790  1.158  0.180 -0.097 -0.108 -0.143 -0.143
 0.792  1.153  0.177 -0.101 -0.111 -0.145 -0.145
 0.794  1.148  0.174 -0.105 -0.114 -0.147 -0.147
 0.796  1.143  0.171 -0.109 -0.117 -0.149 -0.149
 0.798  1.138  0.167 -0.112 -0.120 -0.151 -0.151
 0.800  1.133  0.164 -0.116 -0.123 -0.153 -0.153
 0.802  1.128  0.160 -0.119 -0.126 -0.155 -0.155
 0.804  1.123  0.157 -0.123 -0.129 -0.157 -0.157
 0.806  1.118  0.153 -0.127 -0.132 -0.159 -0.159
 0.808  1.113  0.149 -0.130 -0.135 -0.161 -0.161
 0.810  1.109  0.145 -0.134 -0.138 -0.163 -0.163
 0.812  1.105  0.140 -0.138 -0.141 -0.165 -0.165
 0.814  1.100  0.136 -0.141 -0.144 -0.166 -0.166
 0.816  1.096  0.131 -0.145 -0.147 -0.168 -0.168
 0.818  1.092  0.127 -0.148 -0.150 -0.170 -0.170
 0.820  1.088  0.122 -0.152 -0.153 -0.171 -0.171
 0.822  1.084  0.116 -0.155 -0.156 -0.173 -0.173
 0.824  1.080  0.112 -0.159 -0.159 -0.174 -0.174
 0.826  1.076  0.106 -0.162 -0.162 -0.176 -0.176
 0.828  1.072  0.101 -0.165 -0.165 -0.178 -0.178
 0.830  1.068  0.095 -0.168 -0.168 -0.179 -0.179
 0.832  1.065  0.089 -0.171 -0.171 -0.181 -0.181
 0.834  1.061  0.083 -0.175 -0.173 -0.182 -0.182
 0.836  1.058  0.077 -0.178 -0.176 -0.183 -0.183
 0.838  1.054  0.071 -0.180 -0.178 -0.185 -0.185
 0.840  1.051  0.065 -0.183 -0.181 -0.186 -0.186
 0.842  1.048  0.059 -0.186 -0.183 -0.187 -0.187
 0.844  1.045  0.052 -0.189 -0.185 -0.189 -0.189
 0.846  1.041  0.045 -0.191 -0.188 -0.190 -0.190
 0.848  1.038  0.039 -0.194 -0.190 -0.191 -0.191
 0.850  1.035  0.032 -0.196 -0.192 -0.192 -0.192
 0.852  1.033  0.025 -0.199 -0.194 -0.193 -0.193
 0.854  1.030  0.017 -0.201 -0.196 -0.194 -0.194
 0.856  1.027  0.010 -0.203 -0.197 -0.195 -0.195
 0.858  1.025  0.003 -0.206 -0.199 -0.196 -0.196
 0.860  1.022 -0.005 -0.208 -0.201 -0.198 -0.198
 0.862  1.020 -0.013 -0.210 -0.203 -0.198 -0.198
 0.864  1.017 -0.020 -0.212 -0.204 -0.199 -0.199
 0.866  1.015 -0.028 -0.214 -0.206 -0.200 -0.200
 0.868  1.012 -0.035 -0.216 -0.208 -0.201 -0.201
 0.870  1.010 -0.043 -0.218 -0.209 -0.202 -0.202
 0.872  1.008 -0.050 -0.219 -0.210 -0.203 -0.203
 0.874  1.006 -0.057 -0.221 -0.212 -0.204 -0.204
 0.876  1.003 -0.064 -0.223 -0.213 -0.205 -0.205
 0.878  1.001 -0.071 -0.224 -0.214 -0.205 -0.205
 0.880  0.999 -0.078 -0.226 -0.215 -0.206 -0.206
 0.882  0.998 -0.085 -0.227 -0.216 -0.207 -0.207
 0.884  0.995 -0.091 -0.229 -0.217 -0.207 -0.207
 0.886  0.993 -0.098 -0.230 -0.218 -0.208 -0.208
 0.888  0.992 -0.104 -0.231 -0.219 -0.209 -0.209
 0.890  0.990 -0.110 -0.232 -0.220 -0.209 -0.209
 0.892  0.988 -0.116 -0.234 -0.220 -0.210 -0.210
 0.894  0.986 -0.122 -0.235 -0.221 -0.211 -0.211
 0.896  0.984 -0.128 -0.236 -0.222 -0.212 -0.212
 0.898  0.983 -0.134 -0.237 -0.223 -0.212 -0.212
 0.900  0.981 -0.140 -0.238 -0.223 -0.213 -0.213
 0.902  0.980 -0.145 -0.239 -0.224 -0.213 -0.213
 0.904  0.978 -0.150 -0.240 -0.225 -0.214 -0.214
 0.906  0.977 -0.156 -0.241 -0.226 -0.214 -0.214
 0.908  0.975 -0.161 -0.242 -0.227 -0.215 -0.215
 0.910  0.974 -0.166 -0.242 -0.227 -0.216 -0.216
 0.912  0.972 -0.171 -0.243 -0.228 -0.216 -0.216
 0.914  0.971 -0.176 -0.244 -0.229 -0.217 -0.217
 0.916  0.970 -0.181 -0.245 -0.230 -0.217 -0.217
 0.918  0.969 -0.185 -0.246 -0.231 -0.218 -0.218
 0.920  0.968 -0.190 -0.246 -0.232 -0.219 -0.219
 0.922  0.967 -0.194 -0.247 -0.232 -0.219 -0.219
 0.924  0.965 -0.199 -0.248 -0.233 -0.220 -0.220
 0.926  0.964 -0.203 -0.248 -0.234 -0.220 -0.220
 0.928  0.964 -0.207 -0.249 -0.235 -0.221 -0.221
 0.930  0.962 -0.211 -0.250 -0.236 -0.221 -0.221
 0.932  0.961 -0.214 -0.250 -0.236 -0.222 -0.222
 0.934  0.961 -0.218 -0.251 -0.237 -0.222 -0.222
 0.936  0.960 -0.222 -0.252 -0.238 -0.223 -0.223
 0.938  0.959 -0.225 -0.252 -0.239 -0.223 -0.223
 0.940  0.958 -0.229 -0.253 -0.240 -0.224 -0.224
 0.942  0.958 -0.232 -0.254 -0.241 -0.224 -0.224
 0.944  0.957 -0.235 -0.254 -0.241 -0.225 -0.225
 0.946  0.956 -0.238 -0.255 -0.242 -0.225 -0.225
 0.948  0.956 -0.241 -0.255 -0.243 -0.226 -0.226
 0.950  0.955 -0.244 -0.256 -0.244 -0.226 -0.226
 0.952  0.954 -0.247 -0.256 -0.245 -0.226 -0.226
 0.954  0.953 -0.249 -0.257 -0.246 -0.227 -0.227
 0.956  0.953 -0.252 -0.257 -0.246 -0.227 -0.227
 0.958  0.953 -0.254 -0.258 -0.247 -0.228 -0.228
 0.960  0.952 -0.256 -0.258 -0.248 -0.228 -0.228
 0.962  0.951 -0.258 -0.259 -0.249 -0.228 -0.228
 0.964  0.951 -0.261 -0.259 -0.250 -0.229 -0.229
 0.966  0.950 -0.263 -0.260 -0.250 -0.229 -0.229
 0.968  0.950 -0.264 -0.260 -0.251 -0.229 -0.229
 0.970  0.950 -0.266 -0.261 -0.252 -0.230 -0.230
 0.972  0.949 -0.268 -0.261 -0.252 -0.230 -0.230
 0.974  0.949 -0.269 -0.261 -0.253 -0.230 -0.230
 0.976  0.948 -0.270 -0.262 -0.253 -0.230 -0.230
 0.978  0.948 -0.272 -0.262 -0.254 -0.231 -0.231
 0.980  0.948 -0.273 -0.262 -0.254 -0.231 -0.231
 0.982  0.947 -0.274 -0.262 -0.254 -0.231 -0.231
 0.984  0.947 -0.275 -0.263 -0.255 -0.231 -0.231
 0.986  0.947 -0.276 -0.263 -0.255 -0.231 -0.231
 0.988  0.947 -0.276 -0.263 -0.255 -0.231 -0.231
 0.990  0.947 -0.277 -0.263 -0.255 -0.231 -0.231
 0.992  0.947 -0.277 -0.263 -0.256 -0.231 -0.231
 0.994  0.947 -0.277 -0.263 -0.256 -0.232 -0.232
 0.996  0.947 -0.278 -0.263 -0.256 -0.232 -0.232
 0.998  0.947 -0.278 -0.263 -0.256 -0.232 -0.232
