# IsPeriodic    : True
# Period        : 0.358944 days
# Normalization : <g_mag>=0
# 
# Phase u_mag  g_mag  r_mag  i_mag  z_mag  y_mag
 0.000  0.886 -0.260 -0.284 -0.252 -0.230 -0.230
 0.002  0.886 -0.260 -0.284 -0.252 -0.230 -0.230
 0.004  0.886 -0.260 -0.284 -0.252 -0.230 -0.230
 0.006  0.886 -0.260 -0.284 -0.252 -0.230 -0.230
 0.008  0.886 -0.259 -0.284 -0.252 -0.230 -0.230
 0.010  0.886 -0.259 -0.284 -0.252 -0.230 -0.230
 0.012  0.887 -0.259 -0.284 -0.252 -0.230 -0.230
 0.014  0.887 -0.259 -0.283 -0.252 -0.229 -0.229
 0.016  0.887 -0.258 -0.283 -0.252 -0.229 -0.229
 0.018  0.888 -0.258 -0.283 -0.251 -0.229 -0.229
 0.020  0.888 -0.258 -0.283 -0.251 -0.229 -0.229
 0.022  0.889 -0.257 -0.283 -0.251 -0.229 -0.229
 0.024  0.889 -0.257 -0.282 -0.251 -0.228 -0.228
 0.026  0.890 -0.256 -0.282 -0.250 -0.228 -0.228
 0.028  0.890 -0.255 -0.282 -0.250 -0.228 -0.228
 0.030  0.891 -0.255 -0.281 -0.250 -0.228 -0.228
 0.032  0.892 -0.254 -0.281 -0.249 -0.227 -0.227
 0.034  0.892 -0.254 -0.281 -0.249 -0.227 -0.227
 0.036  0.893 -0.253 -0.280 -0.249 -0.227 -0.227
 0.038  0.894 -0.252 -0.279 -0.248 -0.226 -0.226
 0.040  0.895 -0.252 -0.279 -0.248 -0.226 -0.226
 0.042  0.895 -0.251 -0.278 -0.247 -0.225 -0.225
 0.044  0.897 -0.250 -0.278 -0.247 -0.225 -0.225
 0.046  0.898 -0.250 -0.277 -0.246 -0.225 -0.225
 0.048  0.898 -0.249 -0.277 -0.246 -0.224 -0.224
 0.050  0.899 -0.248 -0.276 -0.245 -0.224 -0.224
 0.052  0.901 -0.247 -0.275 -0.245 -0.223 -0.223
 0.054  0.902 -0.246 -0.275 -0.244 -0.223 -0.223
 0.056  0.903 -0.245 -0.274 -0.243 -0.222 -0.222
 0.058  0.904 -0.244 -0.273 -0.243 -0.221 -0.221
 0.060  0.905 -0.243 -0.273 -0.242 -0.221 -0.221
 0.062  0.907 -0.242 -0.272 -0.241 -0.220 -0.220
 0.064  0.908 -0.241 -0.271 -0.241 -0.220 -0.220
 0.066  0.910 -0.240 -0.270 -0.240 -0.219 -0.219
 0.068  0.911 -0.239 -0.269 -0.239 -0.219 -0.219
 0.070  0.912 -0.238 -0.269 -0.238 -0.218 -0.218
 0.072  0.914 -0.237 -0.268 -0.238 -0.217 -0.217
 0.074  0.916 -0.236 -0.267 -0.237 -0.217 -0.217
 0.076  0.917 -0.234 -0.266 -0.236 -0.216 -0.216
 0.078  0.919 -0.233 -0.265 -0.235 -0.215 -0.215
 0.080  0.920 -0.232 -0.264 -0.234 -0.215 -0.215
 0.082  0.922 -0.231 -0.263 -0.233 -0.214 -0.214
 0.084  0.924 -0.230 -0.262 -0.232 -0.213 -0.213
 0.086  0.925 -0.228 -0.261 -0.231 -0.213 -0.213
 0.088  0.927 -0.226 -0.260 -0.230 -0.212 -0.212
 0.090  0.928 -0.225 -0.259 -0.230 -0.211 -0.211
 0.092  0.930 -0.224 -0.258 -0.229 -0.211 -0.211
 0.094  0.932 -0.222 -0.257 -0.228 -0.210 -0.210
 0.096  0.934 -0.221 -0.256 -0.227 -0.209 -0.209
 0.098  0.935 -0.220 -0.255 -0.226 -0.208 -0.208
 0.100  0.937 -0.218 -0.254 -0.225 -0.207 -0.207
 0.102  0.938 -0.217 -0.252 -0.224 -0.207 -0.207
 0.104  0.940 -0.215 -0.251 -0.223 -0.206 -0.206
 0.106  0.942 -0.213 -0.250 -0.222 -0.205 -0.205
 0.108  0.943 -0.212 -0.248 -0.221 -0.205 -0.205
 0.110  0.945 -0.210 -0.247 -0.221 -0.204 -0.204
 0.112  0.947 -0.209 -0.246 -0.219 -0.203 -0.203
 0.114  0.948 -0.207 -0.245 -0.219 -0.202 -0.202
 0.116  0.950 -0.205 -0.243 -0.218 -0.202 -0.202
 0.118  0.952 -0.204 -0.242 -0.217 -0.201 -0.201
 0.120  0.953 -0.202 -0.241 -0.216 -0.200 -0.200
 0.122  0.955 -0.200 -0.239 -0.215 -0.199 -0.199
 0.124  0.957 -0.198 -0.238 -0.214 -0.199 -0.199
 0.126  0.958 -0.196 -0.237 -0.213 -0.198 -0.198
 0.128  0.960 -0.195 -0.235 -0.212 -0.197 -0.197
 0.130  0.962 -0.193 -0.234 -0.211 -0.196 -0.196
 0.132  0.964 -0.191 -0.233 -0.210 -0.196 -0.196
 0.134  0.965 -0.189 -0.231 -0.209 -0.195 -0.195
 0.136  0.967 -0.187 -0.230 -0.208 -0.194 -0.194
 0.138  0.969 -0.185 -0.228 -0.207 -0.193 -0.193
 0.140  0.971 -0.183 -0.227 -0.206 -0.192 -0.192
 0.142  0.972 -0.181 -0.225 -0.205 -0.191 -0.191
 0.144  0.974 -0.180 -0.224 -0.204 -0.191 -0.191
 0.146  0.976 -0.178 -0.223 -0.203 -0.190 -0.190
 0.148  0.978 -0.176 -0.221 -0.202 -0.189 -0.189
 0.150  0.980 -0.174 -0.220 -0.201 -0.188 -0.188
 0.152  0.981 -0.172 -0.218 -0.200 -0.187 -0.187
 0.154  0.983 -0.170 -0.217 -0.199 -0.186 -0.186
 0.156  0.985 -0.168 -0.215 -0.198 -0.185 -0.185
 0.158  0.987 -0.166 -0.214 -0.197 -0.184 -0.184
 0.160  0.989 -0.164 -0.212 -0.196 -0.183 -0.183
 0.162  0.991 -0.162 -0.211 -0.195 -0.182 -0.182
 0.164  0.993 -0.160 -0.210 -0.194 -0.181 -0.181
 0.166  0.994 -0.157 -0.208 -0.193 -0.179 -0.179
 0.168  0.997 -0.155 -0.207 -0.191 -0.178 -0.178
 0.170  0.999 -0.153 -0.205 -0.190 -0.177 -0.177
 0.172  1.000 -0.151 -0.203 -0.189 -0.176 -0.176
 0.174  1.003 -0.149 -0.202 -0.188 -0.175 -0.175
 0.176  1.005 -0.147 -0.201 -0.187 -0.173 -0.173
 0.178  1.006 -0.145 -0.199 -0.186 -0.172 -0.172
 0.180  1.009 -0.142 -0.197 -0.184 -0.171 -0.171
 0.182  1.011 -0.140 -0.196 -0.183 -0.169 -0.169
 0.184  1.013 -0.138 -0.194 -0.182 -0.168 -0.168
 0.186  1.015 -0.136 -0.193 -0.180 -0.167 -0.167
 0.188  1.017 -0.134 -0.191 -0.179 -0.165 -0.165
 0.190  1.019 -0.132 -0.190 -0.178 -0.164 -0.164
 0.192  1.022 -0.129 -0.188 -0.176 -0.163 -0.163
 0.194  1.023 -0.127 -0.186 -0.175 -0.161 -0.161
 0.196  1.026 -0.125 -0.185 -0.174 -0.160 -0.160
 0.198  1.028 -0.122 -0.184 -0.172 -0.158 -0.158
 0.200  1.030 -0.120 -0.182 -0.171 -0.157 -0.157
 0.202  1.033 -0.117 -0.180 -0.169 -0.155 -0.155
 0.204  1.035 -0.115 -0.179 -0.168 -0.154 -0.154
 0.206  1.037 -0.113 -0.177 -0.166 -0.153 -0.153
 0.208  1.040 -0.110 -0.176 -0.165 -0.151 -0.151
 0.210  1.042 -0.108 -0.174 -0.163 -0.150 -0.150
 0.212  1.044 -0.105 -0.172 -0.162 -0.148 -0.148
 0.214  1.047 -0.103 -0.171 -0.160 -0.147 -0.147
 0.216  1.049 -0.100 -0.169 -0.158 -0.145 -0.145
 0.218  1.051 -0.098 -0.167 -0.157 -0.144 -0.144
 0.220  1.053 -0.095 -0.166 -0.155 -0.143 -0.143
 0.222  1.056 -0.093 -0.164 -0.154 -0.141 -0.141
 0.224  1.059 -0.090 -0.163 -0.152 -0.140 -0.140
 0.226  1.061 -0.087 -0.161 -0.150 -0.138 -0.138
 0.228  1.063 -0.085 -0.159 -0.149 -0.137 -0.137
 0.230  1.066 -0.082 -0.158 -0.147 -0.136 -0.136
 0.232  1.068 -0.079 -0.156 -0.145 -0.134 -0.134
 0.234  1.071 -0.077 -0.154 -0.144 -0.133 -0.133
 0.236  1.073 -0.074 -0.153 -0.142 -0.132 -0.132
 0.238  1.076 -0.071 -0.151 -0.141 -0.130 -0.130
 0.240  1.078 -0.068 -0.149 -0.139 -0.129 -0.129
 0.242  1.080 -0.066 -0.148 -0.137 -0.128 -0.128
 0.244  1.083 -0.063 -0.146 -0.136 -0.126 -0.126
 0.246  1.085 -0.060 -0.144 -0.134 -0.125 -0.125
 0.248  1.088 -0.057 -0.142 -0.133 -0.124 -0.124
 0.250  1.090 -0.054 -0.141 -0.131 -0.123 -0.123
 0.252  1.093 -0.052 -0.139 -0.129 -0.121 -0.121
 0.254  1.095 -0.049 -0.137 -0.128 -0.120 -0.120
 0.256  1.098 -0.046 -0.135 -0.126 -0.119 -0.119
 0.258  1.100 -0.043 -0.134 -0.125 -0.118 -0.118
 0.260  1.103 -0.040 -0.132 -0.123 -0.117 -0.117
 0.262  1.105 -0.037 -0.130 -0.122 -0.115 -0.115
 0.264  1.107 -0.035 -0.128 -0.120 -0.114 -0.114
 0.266  1.110 -0.031 -0.126 -0.119 -0.113 -0.113
 0.268  1.113 -0.029 -0.125 -0.117 -0.112 -0.112
 0.270  1.115 -0.026 -0.123 -0.115 -0.111 -0.111
 0.272  1.118 -0.023 -0.121 -0.114 -0.110 -0.110
 0.274  1.120 -0.020 -0.119 -0.112 -0.108 -0.108
 0.276  1.123 -0.017 -0.117 -0.111 -0.107 -0.107
 0.278  1.125 -0.014 -0.116 -0.109 -0.106 -0.106
 0.280  1.128 -0.011 -0.114 -0.108 -0.105 -0.105
 0.282  1.131 -0.008 -0.112 -0.106 -0.104 -0.104
 0.284  1.133 -0.005 -0.110 -0.105 -0.102 -0.102
 0.286  1.136 -0.002 -0.108 -0.103 -0.101 -0.101
 0.288  1.138  0.001 -0.106 -0.102 -0.100 -0.100
 0.290  1.141  0.004 -0.104 -0.100 -0.099 -0.099
 0.292  1.143  0.006 -0.103 -0.099 -0.098 -0.098
 0.294  1.146  0.010 -0.101 -0.097 -0.096 -0.096
 0.296  1.148  0.013 -0.099 -0.096 -0.095 -0.095
 0.298  1.150  0.016 -0.097 -0.094 -0.094 -0.094
 0.300  1.153  0.018 -0.095 -0.093 -0.093 -0.093
 0.302  1.155  0.022 -0.094 -0.091 -0.091 -0.091
 0.304  1.158  0.025 -0.092 -0.090 -0.090 -0.090
 0.306  1.160  0.028 -0.090 -0.088 -0.089 -0.089
 0.308  1.162  0.030 -0.088 -0.087 -0.088 -0.088
 0.310  1.165  0.033 -0.086 -0.086 -0.086 -0.086
 0.312  1.167  0.037 -0.084 -0.084 -0.085 -0.085
 0.314  1.169  0.040 -0.082 -0.082 -0.084 -0.084
 0.316  1.172  0.043 -0.081 -0.081 -0.083 -0.083
 0.318  1.174  0.045 -0.079 -0.080 -0.081 -0.081
 0.320  1.176  0.048 -0.077 -0.078 -0.080 -0.080
 0.322  1.178  0.052 -0.075 -0.076 -0.079 -0.079
 0.324  1.180  0.054 -0.073 -0.075 -0.077 -0.077
 0.326  1.183  0.057 -0.071 -0.074 -0.076 -0.076
 0.328  1.185  0.060 -0.069 -0.072 -0.075 -0.075
 0.330  1.187  0.063 -0.068 -0.071 -0.073 -0.073
 0.332  1.189  0.066 -0.066 -0.069 -0.072 -0.072
 0.334  1.191  0.069 -0.064 -0.068 -0.070 -0.070
 0.336  1.193  0.071 -0.062 -0.066 -0.069 -0.069
 0.338  1.195  0.074 -0.061 -0.065 -0.068 -0.068
 0.340  1.197  0.077 -0.059 -0.063 -0.066 -0.066
 0.342  1.199  0.080 -0.057 -0.062 -0.065 -0.065
 0.344  1.201  0.082 -0.055 -0.061 -0.064 -0.064
 0.346  1.203  0.085 -0.054 -0.059 -0.062 -0.062
 0.348  1.204  0.088 -0.052 -0.057 -0.061 -0.061
 0.350  1.206  0.090 -0.050 -0.056 -0.059 -0.059
 0.352  1.208  0.093 -0.048 -0.055 -0.058 -0.058
 0.354  1.210  0.096 -0.047 -0.053 -0.057 -0.057
 0.356  1.212  0.098 -0.045 -0.052 -0.055 -0.055
 0.358  1.214  0.100 -0.043 -0.050 -0.054 -0.054
 0.360  1.215  0.103 -0.042 -0.049 -0.053 -0.053
 0.362  1.217  0.106 -0.040 -0.047 -0.051 -0.051
 0.364  1.219  0.108 -0.038 -0.046 -0.050 -0.050
 0.366  1.221  0.110 -0.037 -0.045 -0.049 -0.049
 0.368  1.222  0.113 -0.035 -0.043 -0.047 -0.047
 0.370  1.224  0.115 -0.033 -0.042 -0.046 -0.046
 0.372  1.226  0.117 -0.032 -0.040 -0.045 -0.045
 0.374  1.228  0.120 -0.030 -0.039 -0.043 -0.043
 0.376  1.230  0.122 -0.028 -0.037 -0.042 -0.042
 0.378  1.232  0.124 -0.027 -0.036 -0.041 -0.041
 0.380  1.233  0.126 -0.025 -0.035 -0.039 -0.039
 0.382  1.235  0.128 -0.023 -0.033 -0.038 -0.038
 0.384  1.237  0.131 -0.021 -0.032 -0.036 -0.036
 0.386  1.239  0.133 -0.020 -0.031 -0.035 -0.035
 0.388  1.241  0.135 -0.018 -0.030 -0.034 -0.034
 0.390  1.243  0.137 -0.017 -0.029 -0.033 -0.033
 0.392  1.245  0.139 -0.015 -0.027 -0.031 -0.031
 0.394  1.246  0.142 -0.014 -0.026 -0.030 -0.030
 0.396  1.248  0.144 -0.012 -0.025 -0.029 -0.029
 0.398  1.250  0.146 -0.010 -0.024 -0.028 -0.028
 0.400  1.252  0.148 -0.008 -0.023 -0.027 -0.027
 0.402  1.254  0.150 -0.007 -0.022 -0.026 -0.026
 0.404  1.256  0.152 -0.005 -0.020 -0.024 -0.024
 0.406  1.258  0.154 -0.003 -0.019 -0.023 -0.023
 0.408  1.260  0.156 -0.002 -0.018 -0.022 -0.022
 0.410  1.262  0.159 -0.000 -0.017 -0.021 -0.021
 0.412  1.264  0.161  0.001 -0.016 -0.020 -0.020
 0.414  1.266  0.163  0.003 -0.015 -0.019 -0.019
 0.416  1.268  0.165  0.005 -0.014 -0.018 -0.018
 0.418  1.270  0.167  0.006 -0.013 -0.017 -0.017
 0.420  1.272  0.169  0.008 -0.012 -0.016 -0.016
 0.422  1.274  0.171  0.010 -0.011 -0.015 -0.015
 0.424  1.276  0.173  0.011 -0.010 -0.014 -0.014
 0.426  1.278  0.176  0.013 -0.009 -0.013 -0.013
 0.428  1.280  0.178  0.015 -0.008 -0.012 -0.012
 0.430  1.282  0.180  0.016 -0.008 -0.011 -0.011
 0.432  1.284  0.182  0.017 -0.007 -0.010 -0.010
 0.434  1.286  0.184  0.019 -0.006 -0.010 -0.010
 0.436  1.288  0.186  0.021 -0.005 -0.009 -0.009
 0.438  1.290  0.187  0.022 -0.004 -0.008 -0.008
 0.440  1.292  0.190  0.024 -0.003 -0.007 -0.007
 0.442  1.294  0.192  0.025 -0.002 -0.007 -0.007
 0.444  1.296  0.194  0.027 -0.002 -0.006 -0.006
 0.446  1.298  0.196  0.028 -0.001 -0.005 -0.005
 0.448  1.299  0.197  0.030 -0.000 -0.004 -0.004
 0.450  1.301  0.199  0.031  0.001 -0.004 -0.004
 0.452  1.303  0.201  0.033  0.002 -0.003 -0.003
 0.454  1.304  0.203  0.034  0.002 -0.002 -0.002
 0.456  1.305  0.205  0.035  0.003 -0.002 -0.002
 0.458  1.307  0.207  0.037  0.004 -0.001 -0.001
 0.460  1.309  0.209  0.038  0.005 -0.000 -0.000
 0.462  1.310  0.210  0.039  0.006  0.000  0.000
 0.464  1.311  0.212  0.041  0.006  0.001  0.001
 0.466  1.312  0.214  0.042  0.007  0.001  0.001
 0.468  1.314  0.215  0.043  0.008  0.002  0.002
 0.470  1.315  0.217  0.044  0.008  0.003  0.003
 0.472  1.316  0.219  0.046  0.009  0.003  0.003
 0.474  1.317  0.221  0.047  0.010  0.004  0.004
 0.476  1.318  0.222  0.048  0.011  0.004  0.004
 0.478  1.319  0.223  0.049  0.011  0.005  0.005
 0.480  1.320  0.225  0.050  0.012  0.005  0.005
 0.482  1.321  0.226  0.051  0.013  0.006  0.006
 0.484  1.322  0.228  0.052  0.013  0.006  0.006
 0.486  1.323  0.229  0.053  0.014  0.007  0.007
 0.488  1.323  0.231  0.055  0.015  0.007  0.007
 0.490  1.324  0.232  0.056  0.016  0.007  0.007
 0.492  1.325  0.233  0.057  0.016  0.008  0.008
 0.494  1.326  0.235  0.057  0.017  0.008  0.008
 0.496  1.326  0.236  0.059  0.018  0.009  0.009
 0.498  1.327  0.237  0.059  0.019  0.009  0.009
 0.500  1.327  0.238  0.060  0.019  0.010  0.010
 0.502  1.328  0.239  0.061  0.020  0.010  0.010
 0.504  1.328  0.240  0.062  0.021  0.011  0.011
 0.506  1.328  0.241  0.062  0.021  0.011  0.011
 0.508  1.329  0.242  0.063  0.022  0.011  0.011
 0.510  1.329  0.243  0.064  0.022  0.012  0.012
 0.512  1.330  0.244  0.065  0.023  0.012  0.012
 0.514  1.330  0.245  0.065  0.024  0.013  0.013
 0.516  1.331  0.246  0.066  0.024  0.013  0.013
 0.518  1.331  0.247  0.067  0.025  0.014  0.014
 0.520  1.332  0.248  0.067  0.025  0.014  0.014
 0.522  1.332  0.248  0.068  0.026  0.014  0.014
 0.524  1.333  0.249  0.068  0.026  0.015  0.015
 0.526  1.333  0.250  0.069  0.027  0.015  0.015
 0.528  1.334  0.250  0.069  0.027  0.016  0.016
 0.530  1.334  0.251  0.070  0.028  0.016  0.016
 0.532  1.334  0.252  0.070  0.028  0.016  0.016
 0.534  1.335  0.252  0.071  0.029  0.017  0.017
 0.536  1.335  0.253  0.071  0.029  0.017  0.017
 0.538  1.336  0.253  0.071  0.029  0.017  0.017
 0.540  1.336  0.254  0.072  0.030  0.018  0.018
 0.542  1.337  0.254  0.072  0.030  0.018  0.018
 0.544  1.337  0.255  0.073  0.030  0.018  0.018
 0.546  1.338  0.255  0.073  0.031  0.019  0.019
 0.548  1.338  0.255  0.073  0.031  0.019  0.019
 0.550  1.339  0.256  0.073  0.031  0.019  0.019
 0.552  1.339  0.256  0.074  0.031  0.019  0.019
 0.554  1.340  0.256  0.074  0.031  0.020  0.020
 0.556  1.340  0.257  0.074  0.032  0.020  0.020
 0.558  1.340  0.257  0.074  0.032  0.020  0.020
 0.560  1.341  0.257  0.075  0.032  0.020  0.020
 0.562  1.341  0.257  0.075  0.032  0.021  0.021
 0.564  1.342  0.258  0.075  0.032  0.021  0.021
 0.566  1.342  0.258  0.075  0.032  0.021  0.021
 0.568  1.343  0.258  0.075  0.033  0.021  0.021
 0.570  1.343  0.259  0.075  0.033  0.021  0.021
 0.572  1.344  0.259  0.075  0.033  0.021  0.021
 0.574  1.344  0.259  0.076  0.033  0.022  0.022
 0.576  1.345  0.259  0.076  0.033  0.022  0.022
 0.578  1.345  0.259  0.076  0.033  0.022  0.022
 0.580  1.345  0.259  0.076  0.033  0.022  0.022
 0.582  1.346  0.259  0.076  0.033  0.022  0.022
 0.584  1.346  0.259  0.076  0.032  0.022  0.022
 0.586  1.346  0.259  0.076  0.032  0.022  0.022
 0.588  1.346  0.259  0.076  0.032  0.022  0.022
 0.590  1.346  0.259  0.076  0.032  0.022  0.022
 0.592  1.347  0.259  0.076  0.032  0.022  0.022
 0.594  1.347  0.259  0.076  0.032  0.022  0.022
 0.596  1.347  0.259  0.076  0.032  0.022  0.022
 0.598  1.347  0.259  0.076  0.032  0.022  0.022
 0.600  1.347  0.259  0.076  0.031  0.022  0.022
 0.602  1.347  0.259  0.076  0.031  0.022  0.022
 0.604  1.347  0.258  0.076  0.031  0.021  0.021
 0.606  1.347  0.258  0.076  0.031  0.021  0.021
 0.608  1.347  0.257  0.075  0.031  0.021  0.021
 0.610  1.347  0.257  0.075  0.030  0.021  0.021
 0.612  1.347  0.257  0.075  0.030  0.021  0.021
 0.614  1.347  0.256  0.075  0.030  0.021  0.021
 0.616  1.347  0.256  0.075  0.029  0.020  0.020
 0.618  1.346  0.256  0.075  0.029  0.020  0.020
 0.620  1.346  0.255  0.074  0.029  0.020  0.020
 0.622  1.346  0.255  0.074  0.029  0.020  0.020
 0.624  1.346  0.254  0.074  0.028  0.019  0.019
 0.626  1.346  0.253  0.074  0.028  0.019  0.019
 0.628  1.345  0.253  0.073  0.027  0.019  0.019
 0.630  1.345  0.252  0.073  0.027  0.018  0.018
 0.632  1.344  0.251  0.073  0.027  0.018  0.018
 0.634  1.344  0.250  0.072  0.026  0.018  0.018
 0.636  1.343  0.250  0.072  0.026  0.017  0.017
 0.638  1.343  0.249  0.071  0.025  0.017  0.017
 0.640  1.342  0.248  0.071  0.025  0.016  0.016
 0.642  1.342  0.247  0.070  0.025  0.015  0.015
 0.644  1.341  0.246  0.070  0.024  0.015  0.015
 0.646  1.340  0.245  0.069  0.023  0.014  0.014
 0.648  1.340  0.243  0.069  0.023  0.014  0.014
 0.650  1.339  0.242  0.068  0.022  0.013  0.013
 0.652  1.338  0.240  0.067  0.022  0.012  0.012
 0.654  1.337  0.239  0.066  0.021  0.011  0.011
 0.656  1.336  0.238  0.066  0.020  0.010  0.010
 0.658  1.335  0.236  0.065  0.019  0.009  0.009
 0.660  1.334  0.235  0.064  0.018  0.009  0.009
 0.662  1.333  0.233  0.063  0.017  0.008  0.008
 0.664  1.332  0.232  0.062  0.016  0.007  0.007
 0.666  1.331  0.230  0.061  0.015  0.005  0.005
 0.668  1.329  0.228  0.061  0.014  0.004  0.004
 0.670  1.328  0.226  0.060  0.013  0.003  0.003
 0.672  1.327  0.224  0.059  0.011  0.002  0.002
 0.674  1.325  0.222  0.058  0.010  0.001  0.001
 0.676  1.323  0.221  0.057  0.009 -0.001 -0.001
 0.678  1.322  0.219  0.056  0.007 -0.002 -0.002
 0.680  1.320  0.217  0.055  0.006 -0.004 -0.004
 0.682  1.318  0.214  0.053  0.004 -0.005 -0.005
 0.684  1.316  0.212  0.052  0.002 -0.007 -0.007
 0.686  1.315  0.210  0.051  0.000 -0.009 -0.009
 0.688  1.313  0.207  0.050 -0.002 -0.010 -0.010
 0.690  1.311  0.205  0.048 -0.004 -0.012 -0.012
 0.692  1.309  0.203  0.047 -0.006 -0.014 -0.014
 0.694  1.307  0.200  0.046 -0.008 -0.016 -0.016
 0.696  1.304  0.197  0.044 -0.010 -0.018 -0.018
 0.698  1.302  0.195  0.043 -0.012 -0.020 -0.020
 0.700  1.300  0.192  0.041 -0.015 -0.022 -0.022
 0.702  1.298  0.189  0.040 -0.017 -0.024 -0.024
 0.704  1.295  0.186  0.038 -0.020 -0.026 -0.026
 0.706  1.292  0.183  0.037 -0.022 -0.028 -0.028
 0.708  1.290  0.180  0.035 -0.025 -0.030 -0.030
 0.710  1.287  0.177  0.033 -0.028 -0.032 -0.032
 0.712  1.285  0.174  0.031 -0.030 -0.035 -0.035
 0.714  1.282  0.170  0.029 -0.033 -0.037 -0.037
 0.716  1.279  0.167  0.027 -0.036 -0.039 -0.039
 0.718  1.276  0.164  0.025 -0.039 -0.042 -0.042
 0.720  1.273  0.160  0.022 -0.042 -0.044 -0.044
 0.722  1.270  0.156  0.020 -0.045 -0.046 -0.046
 0.724  1.267  0.153  0.018 -0.048 -0.049 -0.049
 0.726  1.264  0.149  0.015 -0.051 -0.051 -0.051
 0.728  1.261  0.145  0.013 -0.055 -0.054 -0.054
 0.730  1.257  0.141  0.010 -0.058 -0.056 -0.056
 0.732  1.254  0.137  0.007 -0.061 -0.059 -0.059
 0.734  1.250  0.132  0.005 -0.064 -0.061 -0.061
 0.736  1.246  0.128  0.002 -0.067 -0.064 -0.064
 0.738  1.243  0.124 -0.001 -0.070 -0.067 -0.067
 0.740  1.239  0.119 -0.004 -0.073 -0.069 -0.069
 0.742  1.235  0.114 -0.007 -0.076 -0.072 -0.072
 0.744  1.231  0.110 -0.010 -0.079 -0.075 -0.075
 0.746  1.227  0.105 -0.014 -0.082 -0.078 -0.078
 0.748  1.222  0.100 -0.017 -0.085 -0.080 -0.080
 0.750  1.218  0.096 -0.020 -0.088 -0.083 -0.083
 0.752  1.214  0.090 -0.024 -0.090 -0.085 -0.085
 0.754  1.209  0.086 -0.028 -0.093 -0.088 -0.088
 0.756  1.205  0.081 -0.031 -0.096 -0.091 -0.091
 0.758  1.201  0.075 -0.035 -0.099 -0.093 -0.093
 0.760  1.196  0.070 -0.039 -0.102 -0.096 -0.096
 0.762  1.191  0.065 -0.043 -0.105 -0.099 -0.099
 0.764  1.186  0.060 -0.047 -0.108 -0.101 -0.101
 0.766  1.182  0.055 -0.051 -0.110 -0.104 -0.104
 0.768  1.177  0.050 -0.055 -0.113 -0.106 -0.106
 0.770  1.172  0.044 -0.059 -0.116 -0.109 -0.109
 0.772  1.166  0.039 -0.063 -0.119 -0.111 -0.111
 0.774  1.161  0.033 -0.067 -0.122 -0.114 -0.114
 0.776  1.155  0.028 -0.071 -0.124 -0.116 -0.116
 0.778  1.150  0.023 -0.076 -0.127 -0.119 -0.119
 0.780  1.144  0.017 -0.080 -0.130 -0.121 -0.121
 0.782  1.138  0.012 -0.084 -0.133 -0.123 -0.123
 0.784  1.133  0.006 -0.088 -0.135 -0.126 -0.126
 0.786  1.127  0.001 -0.093 -0.138 -0.128 -0.128
 0.788  1.121 -0.004 -0.097 -0.141 -0.130 -0.130
 0.790  1.116 -0.010 -0.101 -0.143 -0.133 -0.133
 0.792  1.110 -0.015 -0.105 -0.146 -0.135 -0.135
 0.794  1.105 -0.021 -0.109 -0.148 -0.137 -0.137
 0.796  1.099 -0.026 -0.114 -0.151 -0.139 -0.139
 0.798  1.094 -0.031 -0.118 -0.154 -0.142 -0.142
 0.800  1.088 -0.036 -0.122 -0.156 -0.144 -0.144
 0.802  1.083 -0.042 -0.126 -0.158 -0.146 -0.146
 0.804  1.078 -0.047 -0.130 -0.161 -0.148 -0.148
 0.806  1.072 -0.052 -0.134 -0.163 -0.150 -0.150
 0.808  1.067 -0.057 -0.138 -0.166 -0.152 -0.152
 0.810  1.063 -0.063 -0.142 -0.168 -0.154 -0.154
 0.812  1.058 -0.068 -0.146 -0.170 -0.156 -0.156
 0.814  1.053 -0.073 -0.149 -0.172 -0.158 -0.158
 0.816  1.048 -0.078 -0.153 -0.174 -0.160 -0.160
 0.818  1.044 -0.083 -0.157 -0.176 -0.162 -0.162
 0.820  1.039 -0.087 -0.161 -0.178 -0.164 -0.164
 0.822  1.035 -0.093 -0.165 -0.180 -0.165 -0.165
 0.824  1.030 -0.097 -0.169 -0.182 -0.167 -0.167
 0.826  1.026 -0.102 -0.172 -0.184 -0.169 -0.169
 0.828  1.022 -0.107 -0.176 -0.186 -0.170 -0.170
 0.830  1.018 -0.112 -0.180 -0.188 -0.172 -0.172
 0.832  1.014 -0.116 -0.183 -0.190 -0.174 -0.174
 0.834  1.011 -0.121 -0.186 -0.191 -0.175 -0.175
 0.836  1.007 -0.125 -0.190 -0.193 -0.177 -0.177
 0.838  1.003 -0.130 -0.193 -0.195 -0.178 -0.178
 0.840  0.999 -0.134 -0.196 -0.196 -0.180 -0.180
 0.842  0.996 -0.139 -0.199 -0.198 -0.181 -0.181
 0.844  0.993 -0.143 -0.202 -0.199 -0.183 -0.183
 0.846  0.989 -0.147 -0.205 -0.201 -0.184 -0.184
 0.848  0.986 -0.151 -0.208 -0.202 -0.185 -0.185
 0.850  0.982 -0.155 -0.211 -0.204 -0.186 -0.186
 0.852  0.980 -0.159 -0.213 -0.205 -0.188 -0.188
 0.854  0.976 -0.163 -0.216 -0.206 -0.189 -0.189
 0.856  0.974 -0.167 -0.218 -0.207 -0.190 -0.190
 0.858  0.971 -0.170 -0.221 -0.209 -0.191 -0.191
 0.860  0.968 -0.174 -0.223 -0.210 -0.192 -0.192
 0.862  0.965 -0.177 -0.225 -0.211 -0.193 -0.193
 0.864  0.963 -0.180 -0.228 -0.212 -0.194 -0.194
 0.866  0.960 -0.183 -0.230 -0.213 -0.195 -0.195
 0.868  0.957 -0.186 -0.232 -0.214 -0.196 -0.196
 0.870  0.955 -0.190 -0.234 -0.215 -0.197 -0.197
 0.872  0.952 -0.192 -0.236 -0.216 -0.198 -0.198
 0.874  0.950 -0.195 -0.238 -0.217 -0.199 -0.199
 0.876  0.948 -0.198 -0.240 -0.218 -0.200 -0.200
 0.878  0.945 -0.200 -0.241 -0.219 -0.201 -0.201
 0.880  0.943 -0.203 -0.243 -0.220 -0.202 -0.202
 0.882  0.941 -0.205 -0.245 -0.221 -0.202 -0.202
 0.884  0.939 -0.208 -0.246 -0.222 -0.203 -0.203
 0.886  0.937 -0.210 -0.248 -0.223 -0.204 -0.204
 0.888  0.935 -0.212 -0.249 -0.224 -0.205 -0.205
 0.890  0.933 -0.214 -0.250 -0.225 -0.205 -0.205
 0.892  0.931 -0.216 -0.252 -0.226 -0.206 -0.206
 0.894  0.929 -0.218 -0.253 -0.227 -0.207 -0.207
 0.896  0.927 -0.220 -0.254 -0.227 -0.208 -0.208
 0.898  0.925 -0.222 -0.255 -0.228 -0.209 -0.209
 0.900  0.923 -0.224 -0.256 -0.229 -0.209 -0.209
 0.902  0.922 -0.225 -0.257 -0.230 -0.210 -0.210
 0.904  0.920 -0.227 -0.258 -0.231 -0.211 -0.211
 0.906  0.919 -0.228 -0.259 -0.231 -0.211 -0.211
 0.908  0.917 -0.230 -0.260 -0.232 -0.212 -0.212
 0.910  0.916 -0.231 -0.261 -0.233 -0.213 -0.213
 0.912  0.914 -0.233 -0.262 -0.234 -0.213 -0.213
 0.914  0.913 -0.234 -0.263 -0.234 -0.214 -0.214
 0.916  0.911 -0.235 -0.264 -0.235 -0.214 -0.214
 0.918  0.910 -0.236 -0.265 -0.236 -0.215 -0.215
 0.920  0.909 -0.237 -0.265 -0.237 -0.216 -0.216
 0.922  0.908 -0.238 -0.266 -0.238 -0.216 -0.216
 0.924  0.906 -0.239 -0.267 -0.238 -0.217 -0.217
 0.926  0.905 -0.240 -0.268 -0.239 -0.217 -0.217
 0.928  0.904 -0.241 -0.269 -0.240 -0.218 -0.218
 0.930  0.903 -0.242 -0.269 -0.240 -0.218 -0.218
 0.932  0.902 -0.243 -0.270 -0.241 -0.219 -0.219
 0.934  0.901 -0.244 -0.271 -0.242 -0.220 -0.220
 0.936  0.900 -0.245 -0.272 -0.242 -0.220 -0.220
 0.938  0.899 -0.246 -0.272 -0.243 -0.221 -0.221
 0.940  0.898 -0.247 -0.273 -0.243 -0.221 -0.221
 0.942  0.898 -0.247 -0.274 -0.244 -0.222 -0.222
 0.944  0.897 -0.248 -0.274 -0.244 -0.222 -0.222
 0.946  0.896 -0.249 -0.275 -0.245 -0.223 -0.223
 0.948  0.896 -0.250 -0.275 -0.246 -0.223 -0.223
 0.950  0.895 -0.250 -0.276 -0.246 -0.224 -0.224
 0.952  0.894 -0.251 -0.277 -0.246 -0.224 -0.224
 0.954  0.893 -0.252 -0.277 -0.247 -0.225 -0.225
 0.956  0.893 -0.252 -0.278 -0.247 -0.225 -0.225
 0.958  0.892 -0.253 -0.278 -0.248 -0.225 -0.225
 0.960  0.892 -0.253 -0.279 -0.248 -0.226 -0.226
 0.962  0.891 -0.254 -0.279 -0.249 -0.226 -0.226
 0.964  0.891 -0.254 -0.280 -0.249 -0.227 -0.227
 0.966  0.890 -0.255 -0.280 -0.249 -0.227 -0.227
 0.968  0.890 -0.255 -0.281 -0.250 -0.227 -0.227
 0.970  0.889 -0.256 -0.281 -0.250 -0.228 -0.228
 0.972  0.889 -0.257 -0.282 -0.250 -0.228 -0.228
 0.974  0.888 -0.257 -0.282 -0.250 -0.228 -0.228
 0.976  0.888 -0.257 -0.282 -0.251 -0.228 -0.228
 0.978  0.888 -0.258 -0.282 -0.251 -0.229 -0.229
 0.980  0.887 -0.258 -0.283 -0.251 -0.229 -0.229
 0.982  0.887 -0.258 -0.283 -0.251 -0.229 -0.229
 0.984  0.887 -0.259 -0.283 -0.252 -0.229 -0.229
 0.986  0.887 -0.259 -0.283 -0.252 -0.229 -0.229
 0.988  0.886 -0.259 -0.284 -0.252 -0.229 -0.229
 0.990  0.886 -0.259 -0.284 -0.252 -0.230 -0.230
 0.992  0.886 -0.259 -0.284 -0.252 -0.230 -0.230
 0.994  0.886 -0.260 -0.284 -0.252 -0.230 -0.230
 0.996  0.886 -0.260 -0.284 -0.252 -0.230 -0.230
 0.998  0.886 -0.260 -0.284 -0.252 -0.230 -0.230
