# IsPeriodic    : True
# Period        : 0.286805 days
# Normalization : <g_mag>=0
# 
# Phase u_mag  g_mag  r_mag  i_mag  z_mag  y_mag
 0.000  0.949 -0.261 -0.288 -0.264 -0.234 -0.234
 0.002  0.949 -0.261 -0.288 -0.264 -0.234 -0.234
 0.004  0.949 -0.261 -0.288 -0.264 -0.234 -0.234
 0.006  0.949 -0.261 -0.288 -0.264 -0.234 -0.234
 0.008  0.949 -0.261 -0.288 -0.264 -0.234 -0.234
 0.010  0.949 -0.261 -0.288 -0.264 -0.234 -0.234
 0.012  0.950 -0.260 -0.288 -0.264 -0.234 -0.234
 0.014  0.950 -0.260 -0.287 -0.264 -0.233 -0.233
 0.016  0.950 -0.260 -0.287 -0.264 -0.233 -0.233
 0.018  0.951 -0.259 -0.287 -0.264 -0.233 -0.233
 0.020  0.951 -0.259 -0.287 -0.263 -0.233 -0.233
 0.022  0.952 -0.259 -0.287 -0.263 -0.232 -0.232
 0.024  0.952 -0.258 -0.286 -0.263 -0.232 -0.232
 0.026  0.953 -0.258 -0.286 -0.263 -0.232 -0.232
 0.028  0.953 -0.258 -0.286 -0.262 -0.232 -0.232
 0.030  0.953 -0.258 -0.285 -0.262 -0.231 -0.231
 0.032  0.954 -0.257 -0.285 -0.261 -0.231 -0.231
 0.034  0.955 -0.257 -0.285 -0.261 -0.231 -0.231
 0.036  0.956 -0.257 -0.284 -0.261 -0.230 -0.230
 0.038  0.957 -0.256 -0.283 -0.260 -0.230 -0.230
 0.040  0.957 -0.256 -0.283 -0.260 -0.230 -0.230
 0.042  0.958 -0.256 -0.282 -0.259 -0.229 -0.229
 0.044  0.959 -0.256 -0.282 -0.259 -0.229 -0.229
 0.046  0.960 -0.255 -0.281 -0.258 -0.228 -0.228
 0.048  0.961 -0.255 -0.281 -0.258 -0.228 -0.228
 0.050  0.962 -0.255 -0.280 -0.257 -0.227 -0.227
 0.052  0.963 -0.254 -0.279 -0.257 -0.227 -0.227
 0.054  0.964 -0.254 -0.279 -0.256 -0.226 -0.226
 0.056  0.965 -0.254 -0.278 -0.255 -0.226 -0.226
 0.058  0.966 -0.253 -0.277 -0.255 -0.225 -0.225
 0.060  0.968 -0.253 -0.277 -0.254 -0.225 -0.225
 0.062  0.969 -0.253 -0.276 -0.253 -0.224 -0.224
 0.064  0.970 -0.252 -0.275 -0.253 -0.223 -0.223
 0.066  0.972 -0.252 -0.274 -0.252 -0.223 -0.223
 0.068  0.973 -0.252 -0.273 -0.251 -0.222 -0.222
 0.070  0.974 -0.251 -0.272 -0.251 -0.221 -0.221
 0.072  0.976 -0.251 -0.271 -0.250 -0.221 -0.221
 0.074  0.977 -0.251 -0.271 -0.249 -0.220 -0.220
 0.076  0.979 -0.250 -0.270 -0.248 -0.220 -0.220
 0.078  0.981 -0.250 -0.269 -0.247 -0.219 -0.219
 0.080  0.982 -0.249 -0.268 -0.246 -0.218 -0.218
 0.082  0.984 -0.249 -0.267 -0.245 -0.218 -0.218
 0.084  0.986 -0.248 -0.266 -0.244 -0.217 -0.217
 0.086  0.987 -0.248 -0.265 -0.243 -0.216 -0.216
 0.088  0.989 -0.247 -0.264 -0.243 -0.216 -0.216
 0.090  0.990 -0.247 -0.263 -0.242 -0.215 -0.215
 0.092  0.992 -0.246 -0.262 -0.241 -0.214 -0.214
 0.094  0.993 -0.245 -0.260 -0.240 -0.213 -0.213
 0.096  0.995 -0.245 -0.259 -0.239 -0.213 -0.213
 0.098  0.996 -0.243 -0.258 -0.238 -0.212 -0.212
 0.100  0.998 -0.243 -0.257 -0.237 -0.211 -0.211
 0.102  0.999 -0.242 -0.256 -0.236 -0.210 -0.210
 0.104  1.001 -0.241 -0.255 -0.235 -0.210 -0.210
 0.106  1.003 -0.240 -0.253 -0.234 -0.209 -0.209
 0.108  1.004 -0.239 -0.252 -0.233 -0.208 -0.208
 0.110  1.006 -0.238 -0.251 -0.232 -0.207 -0.207
 0.112  1.008 -0.237 -0.249 -0.231 -0.207 -0.207
 0.114  1.009 -0.236 -0.248 -0.230 -0.206 -0.206
 0.116  1.011 -0.235 -0.247 -0.230 -0.205 -0.205
 0.118  1.013 -0.234 -0.246 -0.228 -0.204 -0.204
 0.120  1.014 -0.233 -0.244 -0.228 -0.204 -0.204
 0.122  1.016 -0.231 -0.243 -0.227 -0.203 -0.203
 0.124  1.018 -0.230 -0.241 -0.226 -0.202 -0.202
 0.126  1.019 -0.229 -0.240 -0.225 -0.201 -0.201
 0.128  1.021 -0.228 -0.239 -0.224 -0.200 -0.200
 0.130  1.023 -0.226 -0.237 -0.223 -0.200 -0.200
 0.132  1.024 -0.225 -0.236 -0.222 -0.199 -0.199
 0.134  1.026 -0.223 -0.234 -0.221 -0.198 -0.198
 0.136  1.027 -0.222 -0.233 -0.220 -0.197 -0.197
 0.138  1.029 -0.220 -0.232 -0.219 -0.196 -0.196
 0.140  1.031 -0.218 -0.230 -0.218 -0.196 -0.196
 0.142  1.032 -0.217 -0.229 -0.217 -0.195 -0.195
 0.144  1.034 -0.215 -0.227 -0.216 -0.194 -0.194
 0.146  1.036 -0.213 -0.226 -0.215 -0.193 -0.193
 0.148  1.038 -0.212 -0.224 -0.214 -0.192 -0.192
 0.150  1.039 -0.210 -0.223 -0.213 -0.191 -0.191
 0.152  1.041 -0.208 -0.221 -0.212 -0.190 -0.190
 0.154  1.043 -0.207 -0.220 -0.211 -0.189 -0.189
 0.156  1.045 -0.205 -0.218 -0.210 -0.188 -0.188
 0.158  1.047 -0.203 -0.217 -0.209 -0.187 -0.187
 0.160  1.048 -0.202 -0.215 -0.208 -0.186 -0.186
 0.162  1.050 -0.200 -0.214 -0.207 -0.185 -0.185
 0.164  1.052 -0.198 -0.212 -0.205 -0.184 -0.184
 0.166  1.054 -0.196 -0.211 -0.204 -0.182 -0.182
 0.168  1.056 -0.194 -0.210 -0.203 -0.181 -0.181
 0.170  1.058 -0.192 -0.208 -0.202 -0.180 -0.180
 0.172  1.060 -0.190 -0.206 -0.201 -0.179 -0.179
 0.174  1.062 -0.189 -0.205 -0.200 -0.177 -0.177
 0.176  1.064 -0.187 -0.203 -0.199 -0.176 -0.176
 0.178  1.065 -0.185 -0.202 -0.197 -0.175 -0.175
 0.180  1.068 -0.183 -0.200 -0.196 -0.174 -0.174
 0.182  1.069 -0.181 -0.199 -0.195 -0.172 -0.172
 0.184  1.072 -0.180 -0.197 -0.193 -0.171 -0.171
 0.186  1.074 -0.178 -0.196 -0.192 -0.169 -0.169
 0.188  1.076 -0.176 -0.194 -0.191 -0.168 -0.168
 0.190  1.078 -0.174 -0.192 -0.189 -0.167 -0.167
 0.192  1.080 -0.172 -0.191 -0.188 -0.165 -0.165
 0.194  1.082 -0.170 -0.189 -0.187 -0.164 -0.164
 0.196  1.084 -0.168 -0.188 -0.185 -0.162 -0.162
 0.198  1.086 -0.166 -0.186 -0.184 -0.161 -0.161
 0.200  1.089 -0.164 -0.184 -0.182 -0.159 -0.159
 0.202  1.091 -0.162 -0.183 -0.181 -0.158 -0.158
 0.204  1.093 -0.160 -0.181 -0.179 -0.156 -0.156
 0.206  1.095 -0.158 -0.180 -0.178 -0.155 -0.155
 0.208  1.097 -0.156 -0.178 -0.176 -0.154 -0.154
 0.210  1.100 -0.155 -0.176 -0.175 -0.152 -0.152
 0.212  1.102 -0.153 -0.175 -0.173 -0.150 -0.150
 0.214  1.104 -0.151 -0.173 -0.172 -0.149 -0.149
 0.216  1.106 -0.149 -0.171 -0.170 -0.148 -0.148
 0.218  1.109 -0.147 -0.170 -0.168 -0.146 -0.146
 0.220  1.111 -0.145 -0.168 -0.167 -0.145 -0.145
 0.222  1.114 -0.142 -0.166 -0.165 -0.143 -0.143
 0.224  1.116 -0.140 -0.165 -0.163 -0.142 -0.142
 0.226  1.118 -0.138 -0.163 -0.162 -0.141 -0.141
 0.228  1.120 -0.136 -0.161 -0.160 -0.139 -0.139
 0.230  1.123 -0.134 -0.160 -0.158 -0.138 -0.138
 0.232  1.125 -0.132 -0.158 -0.157 -0.136 -0.136
 0.234  1.127 -0.130 -0.156 -0.155 -0.135 -0.135
 0.236  1.130 -0.128 -0.155 -0.153 -0.134 -0.134
 0.238  1.132 -0.126 -0.153 -0.152 -0.133 -0.133
 0.240  1.135 -0.124 -0.151 -0.150 -0.131 -0.131
 0.242  1.137 -0.122 -0.150 -0.149 -0.130 -0.130
 0.244  1.139 -0.119 -0.148 -0.147 -0.128 -0.128
 0.246  1.142 -0.117 -0.146 -0.145 -0.127 -0.127
 0.248  1.144 -0.115 -0.144 -0.144 -0.126 -0.126
 0.250  1.147 -0.112 -0.143 -0.142 -0.125 -0.125
 0.252  1.149 -0.110 -0.141 -0.141 -0.123 -0.123
 0.254  1.151 -0.108 -0.139 -0.139 -0.122 -0.122
 0.256  1.154 -0.106 -0.137 -0.137 -0.121 -0.121
 0.258  1.156 -0.104 -0.135 -0.136 -0.120 -0.120
 0.260  1.159 -0.101 -0.133 -0.134 -0.118 -0.118
 0.262  1.161 -0.099 -0.132 -0.133 -0.117 -0.117
 0.264  1.163 -0.097 -0.130 -0.131 -0.116 -0.116
 0.266  1.166 -0.094 -0.128 -0.130 -0.115 -0.115
 0.268  1.168 -0.092 -0.126 -0.128 -0.114 -0.114
 0.270  1.171 -0.089 -0.124 -0.126 -0.112 -0.112
 0.272  1.173 -0.087 -0.122 -0.125 -0.111 -0.111
 0.274  1.176 -0.085 -0.121 -0.123 -0.110 -0.110
 0.276  1.178 -0.082 -0.119 -0.122 -0.109 -0.109
 0.278  1.180 -0.080 -0.117 -0.120 -0.108 -0.108
 0.280  1.183 -0.078 -0.115 -0.119 -0.106 -0.106
 0.282  1.185 -0.075 -0.113 -0.117 -0.105 -0.105
 0.284  1.188 -0.073 -0.111 -0.116 -0.104 -0.104
 0.286  1.190 -0.070 -0.109 -0.114 -0.103 -0.103
 0.288  1.193 -0.068 -0.107 -0.113 -0.102 -0.102
 0.290  1.195 -0.065 -0.106 -0.111 -0.100 -0.100
 0.292  1.197 -0.063 -0.104 -0.110 -0.099 -0.099
 0.294  1.200 -0.060 -0.102 -0.108 -0.098 -0.098
 0.296  1.202 -0.058 -0.100 -0.107 -0.097 -0.097
 0.298  1.205 -0.055 -0.098 -0.105 -0.095 -0.095
 0.300  1.207 -0.053 -0.096 -0.104 -0.094 -0.094
 0.302  1.209 -0.051 -0.095 -0.102 -0.093 -0.093
 0.304  1.212 -0.048 -0.093 -0.101 -0.092 -0.092
 0.306  1.214 -0.046 -0.091 -0.099 -0.090 -0.090
 0.308  1.216 -0.043 -0.089 -0.098 -0.089 -0.089
 0.310  1.218 -0.041 -0.087 -0.096 -0.088 -0.088
 0.312  1.221 -0.038 -0.085 -0.095 -0.086 -0.086
 0.314  1.223 -0.036 -0.083 -0.093 -0.085 -0.085
 0.316  1.225 -0.034 -0.081 -0.092 -0.084 -0.084
 0.318  1.227 -0.032 -0.080 -0.090 -0.083 -0.083
 0.320  1.230 -0.029 -0.078 -0.089 -0.081 -0.081
 0.322  1.231 -0.027 -0.076 -0.087 -0.080 -0.080
 0.324  1.234 -0.025 -0.074 -0.086 -0.078 -0.078
 0.326  1.236 -0.023 -0.072 -0.084 -0.077 -0.077
 0.328  1.238 -0.021 -0.070 -0.083 -0.076 -0.076
 0.330  1.240 -0.019 -0.068 -0.081 -0.074 -0.074
 0.332  1.242 -0.016 -0.066 -0.080 -0.073 -0.073
 0.334  1.244 -0.014 -0.065 -0.078 -0.072 -0.072
 0.336  1.246 -0.012 -0.063 -0.077 -0.070 -0.070
 0.338  1.247 -0.010 -0.061 -0.075 -0.069 -0.069
 0.340  1.250 -0.008 -0.060 -0.074 -0.067 -0.067
 0.342  1.251 -0.006 -0.058 -0.072 -0.066 -0.066
 0.344  1.253 -0.004 -0.056 -0.071 -0.065 -0.065
 0.346  1.255 -0.002 -0.054 -0.070 -0.063 -0.063
 0.348  1.257  0.000 -0.052 -0.068 -0.062 -0.062
 0.350  1.259  0.002 -0.051 -0.066 -0.060 -0.060
 0.352  1.260  0.004 -0.049 -0.065 -0.059 -0.059
 0.354  1.262  0.006 -0.047 -0.064 -0.057 -0.057
 0.356  1.264  0.008 -0.045 -0.062 -0.056 -0.056
 0.358  1.266  0.011 -0.044 -0.061 -0.055 -0.055
 0.360  1.267  0.013 -0.042 -0.059 -0.053 -0.053
 0.362  1.269  0.014 -0.040 -0.058 -0.052 -0.052
 0.364  1.271  0.016 -0.039 -0.056 -0.051 -0.051
 0.366  1.272  0.018 -0.037 -0.055 -0.049 -0.049
 0.368  1.274  0.020 -0.035 -0.053 -0.048 -0.048
 0.370  1.276  0.022 -0.034 -0.052 -0.046 -0.046
 0.372  1.278  0.024 -0.032 -0.051 -0.045 -0.045
 0.374  1.279  0.026 -0.030 -0.049 -0.044 -0.044
 0.376  1.281  0.028 -0.028 -0.048 -0.042 -0.042
 0.378  1.283  0.030 -0.027 -0.047 -0.041 -0.041
 0.380  1.285  0.032 -0.025 -0.045 -0.039 -0.039
 0.382  1.287  0.034 -0.023 -0.044 -0.038 -0.038
 0.384  1.288  0.037 -0.021 -0.043 -0.037 -0.037
 0.386  1.290  0.039 -0.020 -0.041 -0.036 -0.036
 0.388  1.292  0.041 -0.018 -0.040 -0.034 -0.034
 0.390  1.294  0.043 -0.017 -0.039 -0.033 -0.033
 0.392  1.296  0.046 -0.015 -0.037 -0.032 -0.032
 0.394  1.297  0.048 -0.013 -0.036 -0.031 -0.031
 0.396  1.299  0.050 -0.012 -0.035 -0.029 -0.029
 0.398  1.301  0.052 -0.010 -0.034 -0.028 -0.028
 0.400  1.303  0.054 -0.008 -0.033 -0.027 -0.027
 0.402  1.305  0.057 -0.006 -0.032 -0.026 -0.026
 0.404  1.307  0.059 -0.005 -0.031 -0.025 -0.025
 0.406  1.308  0.062 -0.003 -0.029 -0.024 -0.024
 0.408  1.310  0.064 -0.002 -0.028 -0.022 -0.022
 0.410  1.313  0.066  0.000 -0.027 -0.021 -0.021
 0.412  1.314  0.069  0.002 -0.026 -0.020 -0.020
 0.414  1.316  0.071  0.003 -0.025 -0.019 -0.019
 0.416  1.318  0.074  0.005 -0.024 -0.018 -0.018
 0.418  1.320  0.076  0.007 -0.023 -0.017 -0.017
 0.420  1.322  0.079  0.009 -0.022 -0.016 -0.016
 0.422  1.324  0.081  0.010 -0.021 -0.015 -0.015
 0.424  1.326  0.084  0.012 -0.020 -0.014 -0.014
 0.426  1.328  0.087  0.013 -0.019 -0.013 -0.013
 0.428  1.330  0.089  0.015 -0.018 -0.012 -0.012
 0.430  1.332  0.092  0.017 -0.018 -0.011 -0.011
 0.432  1.334  0.094  0.018 -0.017 -0.010 -0.010
 0.434  1.336  0.097  0.020 -0.016 -0.009 -0.009
 0.436  1.338  0.099  0.021 -0.015 -0.009 -0.009
 0.438  1.340  0.102  0.023 -0.014 -0.008 -0.008
 0.440  1.342  0.104  0.024 -0.013 -0.007 -0.007
 0.442  1.343  0.107  0.026 -0.012 -0.006 -0.006
 0.444  1.345  0.109  0.028 -0.012 -0.006 -0.006
 0.446  1.347  0.112  0.029 -0.011 -0.005 -0.005
 0.448  1.349  0.114  0.031 -0.010 -0.004 -0.004
 0.450  1.350  0.117  0.032 -0.009 -0.003 -0.003
 0.452  1.352  0.119  0.033 -0.008 -0.003 -0.003
 0.454  1.353  0.121  0.035 -0.008 -0.002 -0.002
 0.456  1.354  0.123  0.036 -0.007 -0.002 -0.002
 0.458  1.356  0.126  0.037 -0.006 -0.001 -0.001
 0.460  1.358  0.128  0.039 -0.005 -0.000 -0.000
 0.462  1.358  0.130  0.040 -0.004  0.000  0.000
 0.464  1.360  0.132  0.041 -0.004  0.001  0.001
 0.466  1.361  0.134  0.043 -0.003  0.002  0.002
 0.468  1.362  0.136  0.044 -0.002  0.002  0.002
 0.470  1.363  0.139  0.046 -0.001  0.003  0.003
 0.472  1.365  0.141  0.047 -0.001  0.003  0.003
 0.474  1.366  0.142  0.048  0.000  0.004  0.004
 0.476  1.367  0.144  0.049  0.001  0.004  0.004
 0.478  1.368  0.146  0.050  0.002  0.005  0.005
 0.480  1.369  0.148  0.051  0.002  0.005  0.005
 0.482  1.370  0.150  0.052  0.003  0.006  0.006
 0.484  1.371  0.152  0.054  0.004  0.006  0.006
 0.486  1.371  0.153  0.055  0.005  0.007  0.007
 0.488  1.372  0.155  0.056  0.005  0.007  0.007
 0.490  1.373  0.157  0.057  0.006  0.008  0.008
 0.492  1.373  0.158  0.058  0.007  0.008  0.008
 0.494  1.374  0.160  0.059  0.007  0.009  0.009
 0.496  1.375  0.162  0.060  0.008  0.009  0.009
 0.498  1.375  0.164  0.061  0.009  0.009  0.009
 0.500  1.375  0.165  0.062  0.009  0.010  0.010
 0.502  1.376  0.167  0.062  0.010  0.010  0.010
 0.504  1.376  0.168  0.063  0.011  0.011  0.011
 0.506  1.377  0.170  0.064  0.011  0.011  0.011
 0.508  1.377  0.171  0.065  0.012  0.012  0.012
 0.510  1.378  0.172  0.065  0.013  0.012  0.012
 0.512  1.378  0.174  0.066  0.013  0.013  0.013
 0.514  1.379  0.175  0.067  0.014  0.013  0.013
 0.516  1.379  0.177  0.067  0.015  0.014  0.014
 0.518  1.379  0.178  0.068  0.015  0.014  0.014
 0.520  1.380  0.180  0.069  0.015  0.014  0.014
 0.522  1.380  0.181  0.069  0.016  0.015  0.015
 0.524  1.381  0.183  0.070  0.017  0.015  0.015
 0.526  1.381  0.184  0.070  0.017  0.016  0.016
 0.528  1.382  0.186  0.071  0.017  0.016  0.016
 0.530  1.382  0.187  0.071  0.018  0.016  0.016
 0.532  1.383  0.189  0.072  0.018  0.017  0.017
 0.534  1.383  0.191  0.072  0.019  0.017  0.017
 0.536  1.383  0.192  0.073  0.019  0.018  0.018
 0.538  1.384  0.194  0.073  0.019  0.018  0.018
 0.540  1.384  0.195  0.073  0.020  0.018  0.018
 0.542  1.385  0.197  0.074  0.020  0.018  0.018
 0.544  1.385  0.198  0.074  0.021  0.019  0.019
 0.546  1.386  0.200  0.074  0.021  0.019  0.019
 0.548  1.386  0.202  0.075  0.021  0.019  0.019
 0.550  1.387  0.203  0.075  0.022  0.020  0.020
 0.552  1.387  0.205  0.075  0.022  0.020  0.020
 0.554  1.387  0.206  0.076  0.022  0.020  0.020
 0.556  1.388  0.208  0.076  0.022  0.020  0.020
 0.558  1.388  0.209  0.076  0.022  0.021  0.021
 0.560  1.389  0.211  0.076  0.022  0.021  0.021
 0.562  1.389  0.213  0.076  0.023  0.021  0.021
 0.564  1.390  0.215  0.077  0.023  0.022  0.022
 0.566  1.390  0.216  0.077  0.023  0.022  0.022
 0.568  1.391  0.218  0.077  0.023  0.022  0.022
 0.570  1.391  0.219  0.077  0.023  0.022  0.022
 0.572  1.391  0.221  0.077  0.023  0.022  0.022
 0.574  1.392  0.223  0.077  0.023  0.022  0.022
 0.576  1.392  0.224  0.077  0.023  0.022  0.022
 0.578  1.392  0.226  0.077  0.023  0.022  0.022
 0.580  1.393  0.227  0.077  0.023  0.023  0.023
 0.582  1.393  0.229  0.078  0.023  0.023  0.023
 0.584  1.394  0.230  0.078  0.023  0.023  0.023
 0.586  1.394  0.232  0.078  0.023  0.023  0.023
 0.588  1.394  0.233  0.078  0.023  0.023  0.023
 0.590  1.394  0.234  0.078  0.022  0.023  0.023
 0.592  1.395  0.236  0.078  0.022  0.023  0.023
 0.594  1.395  0.237  0.078  0.022  0.023  0.023
 0.596  1.395  0.238  0.078  0.022  0.023  0.023
 0.598  1.395  0.239  0.078  0.022  0.022  0.022
 0.600  1.395  0.240  0.078  0.022  0.022  0.022
 0.602  1.395  0.241  0.077  0.022  0.022  0.022
 0.604  1.395  0.242  0.077  0.022  0.022  0.022
 0.606  1.395  0.243  0.077  0.021  0.022  0.022
 0.608  1.395  0.244  0.077  0.021  0.022  0.022
 0.610  1.395  0.244  0.077  0.021  0.022  0.022
 0.612  1.395  0.245  0.077  0.020  0.022  0.022
 0.614  1.395  0.246  0.077  0.020  0.021  0.021
 0.616  1.395  0.246  0.077  0.020  0.021  0.021
 0.618  1.394  0.247  0.076  0.019  0.021  0.021
 0.620  1.394  0.247  0.076  0.019  0.021  0.021
 0.622  1.394  0.248  0.076  0.019  0.020  0.020
 0.624  1.393  0.248  0.076  0.018  0.020  0.020
 0.626  1.393  0.248  0.075  0.018  0.020  0.020
 0.628  1.393  0.248  0.075  0.018  0.019  0.019
 0.630  1.392  0.249  0.074  0.017  0.019  0.019
 0.632  1.392  0.249  0.074  0.017  0.019  0.019
 0.634  1.391  0.249  0.074  0.017  0.018  0.018
 0.636  1.391  0.249  0.073  0.016  0.018  0.018
 0.638  1.391  0.249  0.073  0.016  0.017  0.017
 0.640  1.390  0.249  0.072  0.015  0.017  0.017
 0.642  1.390  0.248  0.072  0.015  0.016  0.016
 0.644  1.389  0.248  0.071  0.014  0.015  0.015
 0.646  1.388  0.248  0.070  0.014  0.015  0.015
 0.648  1.388  0.248  0.070  0.013  0.014  0.014
 0.650  1.387  0.247  0.069  0.013  0.013  0.013
 0.652  1.386  0.247  0.069  0.012  0.013  0.013
 0.654  1.385  0.247  0.068  0.011  0.012  0.012
 0.656  1.384  0.246  0.067  0.010  0.011  0.011
 0.658  1.383  0.246  0.066  0.009  0.010  0.010
 0.660  1.383  0.246  0.065  0.009  0.009  0.009
 0.662  1.381  0.245  0.065  0.008  0.008  0.008
 0.664  1.380  0.245  0.064  0.007  0.007  0.007
 0.666  1.379  0.245  0.063  0.006  0.006  0.006
 0.668  1.378  0.244  0.062  0.004  0.005  0.005
 0.670  1.376  0.244  0.061  0.003  0.003  0.003
 0.672  1.375  0.243  0.060  0.002  0.002  0.002
 0.674  1.374  0.243  0.059  0.001  0.001  0.001
 0.676  1.372  0.242  0.058 -0.001 -0.001 -0.001
 0.678  1.371  0.242  0.057 -0.003 -0.002 -0.002
 0.680  1.369  0.241  0.056 -0.004 -0.004 -0.004
 0.682  1.367  0.241  0.054 -0.006 -0.005 -0.005
 0.684  1.365  0.240  0.053 -0.008 -0.007 -0.007
 0.686  1.363  0.240  0.052 -0.010 -0.008 -0.008
 0.688  1.362  0.239  0.051 -0.012 -0.010 -0.010
 0.690  1.360  0.238  0.050 -0.014 -0.012 -0.012
 0.692  1.358  0.238  0.048 -0.016 -0.014 -0.014
 0.694  1.356  0.237  0.047 -0.018 -0.016 -0.016
 0.696  1.354  0.237  0.045 -0.020 -0.018 -0.018
 0.698  1.351  0.236  0.044 -0.022 -0.020 -0.020
 0.700  1.349  0.236  0.042 -0.025 -0.022 -0.022
 0.702  1.347  0.235  0.041 -0.027 -0.024 -0.024
 0.704  1.345  0.235  0.039 -0.030 -0.026 -0.026
 0.706  1.342  0.234  0.037 -0.032 -0.028 -0.028
 0.708  1.340  0.233  0.036 -0.035 -0.031 -0.031
 0.710  1.337  0.233  0.034 -0.038 -0.033 -0.033
 0.712  1.334  0.232  0.032 -0.041 -0.035 -0.035
 0.714  1.332  0.231  0.030 -0.043 -0.037 -0.037
 0.716  1.329  0.231  0.028 -0.047 -0.040 -0.040
 0.718  1.326  0.230  0.025 -0.049 -0.042 -0.042
 0.720  1.323  0.229  0.023 -0.053 -0.045 -0.045
 0.722  1.321  0.228  0.021 -0.055 -0.047 -0.047
 0.724  1.317  0.228  0.018 -0.059 -0.049 -0.049
 0.726  1.314  0.227  0.016 -0.062 -0.052 -0.052
 0.728  1.311  0.226  0.013 -0.065 -0.055 -0.055
 0.730  1.308  0.225  0.011 -0.068 -0.057 -0.057
 0.732  1.304  0.224  0.008 -0.071 -0.060 -0.060
 0.734  1.301  0.223  0.005 -0.074 -0.062 -0.062
 0.736  1.297  0.222  0.002 -0.077 -0.065 -0.065
 0.738  1.294  0.221 -0.001 -0.080 -0.068 -0.068
 0.740  1.290  0.219 -0.004 -0.083 -0.071 -0.071
 0.742  1.286  0.218 -0.007 -0.087 -0.073 -0.073
 0.744  1.282  0.217 -0.010 -0.089 -0.076 -0.076
 0.746  1.278  0.215 -0.013 -0.092 -0.079 -0.079
 0.748  1.274  0.214 -0.017 -0.095 -0.081 -0.081
 0.750  1.270  0.212 -0.020 -0.098 -0.084 -0.084
 0.752  1.266  0.210 -0.024 -0.101 -0.087 -0.087
 0.754  1.262  0.209 -0.028 -0.104 -0.089 -0.089
 0.756  1.258  0.207 -0.031 -0.107 -0.092 -0.092
 0.758  1.253  0.205 -0.035 -0.110 -0.095 -0.095
 0.760  1.249  0.203 -0.039 -0.113 -0.097 -0.097
 0.762  1.244  0.201 -0.043 -0.116 -0.100 -0.100
 0.764  1.239  0.200 -0.047 -0.118 -0.103 -0.103
 0.766  1.235  0.198 -0.051 -0.121 -0.105 -0.105
 0.768  1.230  0.196 -0.055 -0.124 -0.108 -0.108
 0.770  1.225  0.194 -0.059 -0.127 -0.110 -0.110
 0.772  1.220  0.192 -0.064 -0.130 -0.113 -0.113
 0.774  1.215  0.189 -0.068 -0.133 -0.116 -0.116
 0.776  1.209  0.187 -0.072 -0.135 -0.118 -0.118
 0.778  1.204  0.184 -0.076 -0.138 -0.120 -0.120
 0.780  1.199  0.182 -0.081 -0.141 -0.123 -0.123
 0.782  1.193  0.180 -0.085 -0.144 -0.125 -0.125
 0.784  1.188  0.177 -0.090 -0.147 -0.128 -0.128
 0.786  1.182  0.175 -0.094 -0.149 -0.130 -0.130
 0.788  1.176  0.172 -0.098 -0.152 -0.133 -0.133
 0.790  1.171  0.170 -0.102 -0.155 -0.135 -0.135
 0.792  1.166  0.167 -0.107 -0.157 -0.137 -0.137
 0.794  1.160  0.164 -0.111 -0.160 -0.139 -0.139
 0.796  1.155  0.160 -0.115 -0.162 -0.142 -0.142
 0.798  1.150  0.157 -0.119 -0.165 -0.144 -0.144
 0.800  1.144  0.154 -0.123 -0.167 -0.146 -0.146
 0.802  1.139  0.151 -0.127 -0.170 -0.148 -0.148
 0.804  1.135  0.147 -0.132 -0.172 -0.150 -0.150
 0.806  1.129  0.144 -0.136 -0.175 -0.153 -0.153
 0.808  1.124  0.140 -0.140 -0.177 -0.155 -0.155
 0.810  1.120  0.136 -0.144 -0.179 -0.157 -0.157
 0.812  1.115  0.132 -0.148 -0.182 -0.159 -0.159
 0.814  1.110  0.128 -0.151 -0.184 -0.160 -0.160
 0.816  1.106  0.123 -0.155 -0.186 -0.163 -0.163
 0.818  1.102  0.119 -0.159 -0.188 -0.164 -0.164
 0.820  1.097  0.115 -0.163 -0.190 -0.166 -0.166
 0.822  1.093  0.109 -0.167 -0.192 -0.168 -0.168
 0.824  1.089  0.105 -0.171 -0.194 -0.170 -0.170
 0.826  1.085  0.100 -0.175 -0.196 -0.171 -0.171
 0.828  1.081  0.095 -0.178 -0.198 -0.173 -0.173
 0.830  1.077  0.090 -0.182 -0.199 -0.175 -0.175
 0.832  1.073  0.084 -0.185 -0.201 -0.177 -0.177
 0.834  1.069  0.078 -0.189 -0.203 -0.178 -0.178
 0.836  1.066  0.073 -0.192 -0.205 -0.180 -0.180
 0.838  1.062  0.067 -0.196 -0.206 -0.181 -0.181
 0.840  1.059  0.062 -0.199 -0.208 -0.183 -0.183
 0.842  1.055  0.055 -0.202 -0.209 -0.184 -0.184
 0.844  1.052  0.049 -0.205 -0.211 -0.186 -0.186
 0.846  1.048  0.043 -0.208 -0.213 -0.187 -0.187
 0.848  1.045  0.037 -0.211 -0.214 -0.188 -0.188
 0.850  1.042  0.030 -0.214 -0.216 -0.189 -0.189
 0.852  1.039  0.023 -0.216 -0.217 -0.191 -0.191
 0.854  1.036  0.016 -0.219 -0.218 -0.192 -0.192
 0.856  1.034  0.009 -0.221 -0.219 -0.193 -0.193
 0.858  1.031  0.002 -0.224 -0.220 -0.194 -0.194
 0.860  1.028 -0.005 -0.226 -0.222 -0.196 -0.196
 0.862  1.026 -0.012 -0.229 -0.223 -0.197 -0.197
 0.864  1.023 -0.019 -0.231 -0.224 -0.198 -0.198
 0.866  1.020 -0.026 -0.233 -0.225 -0.199 -0.199
 0.868  1.018 -0.033 -0.235 -0.226 -0.200 -0.200
 0.870  1.016 -0.040 -0.237 -0.227 -0.201 -0.201
 0.872  1.013 -0.047 -0.239 -0.228 -0.202 -0.202
 0.874  1.011 -0.054 -0.241 -0.229 -0.203 -0.203
 0.876  1.009 -0.060 -0.243 -0.230 -0.204 -0.204
 0.878  1.006 -0.067 -0.245 -0.231 -0.204 -0.204
 0.880  1.004 -0.074 -0.247 -0.232 -0.205 -0.205
 0.882  1.002 -0.080 -0.248 -0.233 -0.206 -0.206
 0.884  1.000 -0.086 -0.250 -0.234 -0.207 -0.207
 0.886  0.998 -0.092 -0.251 -0.235 -0.207 -0.207
 0.888  0.996 -0.098 -0.253 -0.236 -0.208 -0.208
 0.890  0.994 -0.104 -0.254 -0.236 -0.209 -0.209
 0.892  0.992 -0.109 -0.255 -0.238 -0.210 -0.210
 0.894  0.990 -0.115 -0.256 -0.239 -0.210 -0.210
 0.896  0.989 -0.121 -0.258 -0.239 -0.211 -0.211
 0.898  0.987 -0.126 -0.259 -0.240 -0.212 -0.212
 0.900  0.985 -0.131 -0.260 -0.241 -0.213 -0.213
 0.902  0.984 -0.136 -0.261 -0.242 -0.213 -0.213
 0.904  0.982 -0.141 -0.262 -0.243 -0.214 -0.214
 0.906  0.981 -0.147 -0.263 -0.243 -0.215 -0.215
 0.908  0.979 -0.151 -0.264 -0.244 -0.215 -0.215
 0.910  0.977 -0.156 -0.265 -0.245 -0.216 -0.216
 0.912  0.976 -0.161 -0.266 -0.246 -0.217 -0.217
 0.914  0.975 -0.165 -0.267 -0.247 -0.217 -0.217
 0.916  0.973 -0.170 -0.268 -0.247 -0.218 -0.218
 0.918  0.972 -0.174 -0.268 -0.248 -0.219 -0.219
 0.920  0.971 -0.179 -0.269 -0.249 -0.219 -0.219
 0.922  0.970 -0.183 -0.270 -0.250 -0.220 -0.220
 0.924  0.969 -0.187 -0.271 -0.250 -0.220 -0.220
 0.926  0.968 -0.190 -0.272 -0.251 -0.221 -0.221
 0.928  0.967 -0.195 -0.272 -0.252 -0.221 -0.221
 0.930  0.965 -0.198 -0.273 -0.252 -0.222 -0.222
 0.932  0.965 -0.202 -0.274 -0.253 -0.223 -0.223
 0.934  0.964 -0.205 -0.275 -0.254 -0.223 -0.223
 0.936  0.963 -0.209 -0.275 -0.254 -0.224 -0.224
 0.938  0.962 -0.212 -0.276 -0.255 -0.224 -0.224
 0.940  0.961 -0.215 -0.277 -0.255 -0.225 -0.225
 0.942  0.961 -0.218 -0.278 -0.256 -0.226 -0.226
 0.944  0.960 -0.221 -0.278 -0.257 -0.226 -0.226
 0.946  0.959 -0.224 -0.279 -0.257 -0.227 -0.227
 0.948  0.958 -0.227 -0.279 -0.258 -0.227 -0.227
 0.950  0.957 -0.230 -0.280 -0.258 -0.227 -0.227
 0.952  0.957 -0.232 -0.281 -0.259 -0.228 -0.228
 0.954  0.956 -0.234 -0.281 -0.259 -0.228 -0.228
 0.956  0.956 -0.237 -0.282 -0.259 -0.229 -0.229
 0.958  0.955 -0.239 -0.282 -0.260 -0.229 -0.229
 0.960  0.954 -0.241 -0.283 -0.260 -0.230 -0.230
 0.962  0.954 -0.243 -0.283 -0.261 -0.230 -0.230
 0.964  0.953 -0.245 -0.284 -0.261 -0.230 -0.230
 0.966  0.953 -0.247 -0.284 -0.261 -0.231 -0.231
 0.968  0.953 -0.249 -0.285 -0.262 -0.231 -0.231
 0.970  0.952 -0.250 -0.285 -0.262 -0.231 -0.231
 0.972  0.952 -0.252 -0.286 -0.262 -0.232 -0.232
 0.974  0.951 -0.253 -0.286 -0.263 -0.232 -0.232
 0.976  0.951 -0.254 -0.286 -0.263 -0.232 -0.232
 0.978  0.951 -0.256 -0.286 -0.263 -0.232 -0.232
 0.980  0.950 -0.257 -0.287 -0.263 -0.233 -0.233
 0.982  0.950 -0.258 -0.287 -0.264 -0.233 -0.233
 0.984  0.950 -0.258 -0.287 -0.264 -0.233 -0.233
 0.986  0.950 -0.259 -0.287 -0.264 -0.233 -0.233
 0.988  0.949 -0.260 -0.288 -0.264 -0.233 -0.233
 0.990  0.949 -0.260 -0.288 -0.264 -0.234 -0.234
 0.992  0.949 -0.261 -0.288 -0.264 -0.234 -0.234
 0.994  0.949 -0.261 -0.288 -0.264 -0.234 -0.234
 0.996  0.949 -0.261 -0.288 -0.264 -0.234 -0.234
 0.998  0.949 -0.261 -0.288 -0.264 -0.234 -0.234
