# IsPeriodic    : True
# Period        : 0.408127 days
# Normalization : <g_mag>=0
# 
# Phase u_mag  g_mag  r_mag  i_mag  z_mag  y_mag
 0.000  0.850 -0.285 -0.271 -0.229 -0.183 -0.183
 0.002  0.850 -0.285 -0.271 -0.229 -0.183 -0.183
 0.004  0.850 -0.285 -0.271 -0.229 -0.183 -0.183
 0.006  0.850 -0.285 -0.271 -0.229 -0.183 -0.183
 0.008  0.851 -0.284 -0.271 -0.228 -0.183 -0.183
 0.010  0.851 -0.284 -0.271 -0.228 -0.183 -0.183
 0.012  0.851 -0.284 -0.271 -0.228 -0.183 -0.183
 0.014  0.851 -0.284 -0.271 -0.228 -0.183 -0.183
 0.016  0.852 -0.283 -0.271 -0.228 -0.183 -0.183
 0.018  0.852 -0.282 -0.270 -0.228 -0.183 -0.183
 0.020  0.853 -0.282 -0.270 -0.228 -0.182 -0.182
 0.022  0.853 -0.282 -0.270 -0.228 -0.182 -0.182
 0.024  0.854 -0.281 -0.269 -0.227 -0.182 -0.182
 0.026  0.854 -0.281 -0.269 -0.227 -0.182 -0.182
 0.028  0.855 -0.280 -0.269 -0.227 -0.182 -0.182
 0.030  0.855 -0.280 -0.268 -0.226 -0.181 -0.181
 0.032  0.856 -0.279 -0.268 -0.226 -0.181 -0.181
 0.034  0.857 -0.278 -0.268 -0.226 -0.181 -0.181
 0.036  0.858 -0.278 -0.267 -0.226 -0.181 -0.181
 0.038  0.859 -0.277 -0.267 -0.225 -0.180 -0.180
 0.040  0.860 -0.276 -0.266 -0.225 -0.180 -0.180
 0.042  0.860 -0.276 -0.265 -0.224 -0.179 -0.179
 0.044  0.862 -0.274 -0.265 -0.224 -0.179 -0.179
 0.046  0.863 -0.274 -0.264 -0.223 -0.179 -0.179
 0.048  0.864 -0.273 -0.264 -0.223 -0.178 -0.178
 0.050  0.865 -0.272 -0.263 -0.222 -0.178 -0.178
 0.052  0.866 -0.271 -0.262 -0.222 -0.178 -0.178
 0.054  0.867 -0.270 -0.262 -0.221 -0.177 -0.177
 0.056  0.869 -0.269 -0.261 -0.220 -0.177 -0.177
 0.058  0.870 -0.268 -0.260 -0.220 -0.176 -0.176
 0.060  0.871 -0.267 -0.260 -0.219 -0.176 -0.176
 0.062  0.873 -0.265 -0.259 -0.218 -0.175 -0.175
 0.064  0.874 -0.264 -0.258 -0.218 -0.174 -0.174
 0.066  0.876 -0.263 -0.257 -0.217 -0.174 -0.174
 0.068  0.878 -0.262 -0.256 -0.216 -0.174 -0.174
 0.070  0.879 -0.261 -0.255 -0.216 -0.173 -0.173
 0.072  0.881 -0.260 -0.254 -0.215 -0.173 -0.173
 0.074  0.883 -0.259 -0.254 -0.214 -0.172 -0.172
 0.076  0.884 -0.257 -0.253 -0.213 -0.171 -0.171
 0.078  0.886 -0.256 -0.252 -0.213 -0.171 -0.171
 0.080  0.888 -0.254 -0.251 -0.212 -0.170 -0.170
 0.082  0.890 -0.253 -0.250 -0.211 -0.170 -0.170
 0.084  0.892 -0.252 -0.249 -0.210 -0.169 -0.169
 0.086  0.893 -0.250 -0.248 -0.209 -0.168 -0.168
 0.088  0.895 -0.248 -0.247 -0.208 -0.168 -0.168
 0.090  0.897 -0.247 -0.245 -0.207 -0.167 -0.167
 0.092  0.899 -0.245 -0.244 -0.207 -0.167 -0.167
 0.094  0.900 -0.244 -0.243 -0.205 -0.166 -0.166
 0.096  0.902 -0.243 -0.242 -0.205 -0.165 -0.165
 0.098  0.904 -0.241 -0.241 -0.204 -0.165 -0.165
 0.100  0.906 -0.239 -0.240 -0.203 -0.164 -0.164
 0.102  0.908 -0.237 -0.239 -0.202 -0.163 -0.163
 0.104  0.910 -0.236 -0.237 -0.201 -0.163 -0.163
 0.106  0.912 -0.234 -0.236 -0.200 -0.162 -0.162
 0.108  0.913 -0.232 -0.235 -0.200 -0.162 -0.162
 0.110  0.915 -0.231 -0.234 -0.199 -0.161 -0.161
 0.112  0.917 -0.229 -0.232 -0.198 -0.160 -0.160
 0.114  0.919 -0.227 -0.231 -0.197 -0.160 -0.160
 0.116  0.921 -0.225 -0.230 -0.196 -0.159 -0.159
 0.118  0.923 -0.223 -0.229 -0.195 -0.158 -0.158
 0.120  0.924 -0.221 -0.227 -0.194 -0.158 -0.158
 0.122  0.926 -0.219 -0.226 -0.193 -0.157 -0.157
 0.124  0.928 -0.218 -0.224 -0.193 -0.156 -0.156
 0.126  0.930 -0.215 -0.223 -0.191 -0.156 -0.156
 0.128  0.932 -0.214 -0.221 -0.191 -0.155 -0.155
 0.130  0.934 -0.211 -0.220 -0.190 -0.155 -0.155
 0.132  0.936 -0.210 -0.219 -0.189 -0.154 -0.154
 0.134  0.938 -0.207 -0.217 -0.188 -0.153 -0.153
 0.136  0.940 -0.205 -0.216 -0.187 -0.153 -0.153
 0.138  0.942 -0.203 -0.214 -0.186 -0.152 -0.152
 0.140  0.944 -0.201 -0.213 -0.185 -0.151 -0.151
 0.142  0.945 -0.199 -0.211 -0.184 -0.150 -0.150
 0.144  0.947 -0.197 -0.210 -0.183 -0.150 -0.150
 0.146  0.949 -0.195 -0.208 -0.182 -0.149 -0.149
 0.148  0.951 -0.193 -0.207 -0.181 -0.148 -0.148
 0.150  0.953 -0.191 -0.205 -0.180 -0.147 -0.147
 0.152  0.955 -0.189 -0.204 -0.180 -0.146 -0.146
 0.154  0.957 -0.186 -0.202 -0.178 -0.145 -0.145
 0.156  0.960 -0.184 -0.201 -0.178 -0.145 -0.145
 0.158  0.962 -0.182 -0.199 -0.177 -0.144 -0.144
 0.160  0.964 -0.179 -0.198 -0.175 -0.143 -0.143
 0.162  0.966 -0.177 -0.196 -0.174 -0.142 -0.142
 0.164  0.968 -0.175 -0.195 -0.173 -0.141 -0.141
 0.166  0.970 -0.173 -0.193 -0.172 -0.140 -0.140
 0.168  0.972 -0.170 -0.192 -0.171 -0.139 -0.139
 0.170  0.974 -0.168 -0.190 -0.170 -0.138 -0.138
 0.172  0.976 -0.166 -0.189 -0.169 -0.137 -0.137
 0.174  0.979 -0.164 -0.187 -0.168 -0.136 -0.136
 0.176  0.981 -0.161 -0.186 -0.167 -0.135 -0.135
 0.178  0.983 -0.159 -0.184 -0.165 -0.134 -0.134
 0.180  0.985 -0.156 -0.182 -0.164 -0.132 -0.132
 0.182  0.988 -0.154 -0.181 -0.163 -0.131 -0.131
 0.184  0.990 -0.152 -0.179 -0.162 -0.130 -0.130
 0.186  0.993 -0.149 -0.178 -0.161 -0.129 -0.129
 0.188  0.995 -0.146 -0.176 -0.159 -0.128 -0.128
 0.190  0.997 -0.144 -0.175 -0.158 -0.127 -0.127
 0.192  1.000 -0.142 -0.173 -0.157 -0.125 -0.125
 0.194  1.002 -0.139 -0.171 -0.155 -0.124 -0.124
 0.196  1.004 -0.137 -0.170 -0.154 -0.123 -0.123
 0.198  1.007 -0.134 -0.168 -0.153 -0.122 -0.122
 0.200  1.009 -0.132 -0.166 -0.151 -0.121 -0.121
 0.202  1.012 -0.129 -0.165 -0.150 -0.119 -0.119
 0.204  1.015 -0.126 -0.164 -0.149 -0.118 -0.118
 0.206  1.017 -0.124 -0.162 -0.147 -0.117 -0.117
 0.208  1.020 -0.121 -0.160 -0.146 -0.116 -0.116
 0.210  1.022 -0.118 -0.158 -0.144 -0.114 -0.114
 0.212  1.025 -0.115 -0.157 -0.143 -0.113 -0.113
 0.214  1.027 -0.113 -0.155 -0.141 -0.112 -0.112
 0.216  1.030 -0.110 -0.154 -0.140 -0.111 -0.111
 0.218  1.032 -0.107 -0.152 -0.138 -0.109 -0.109
 0.220  1.035 -0.104 -0.150 -0.137 -0.108 -0.108
 0.222  1.038 -0.102 -0.148 -0.135 -0.107 -0.107
 0.224  1.040 -0.099 -0.147 -0.134 -0.106 -0.106
 0.226  1.043 -0.096 -0.145 -0.132 -0.105 -0.105
 0.228  1.046 -0.093 -0.143 -0.131 -0.103 -0.103
 0.230  1.049 -0.090 -0.142 -0.129 -0.102 -0.102
 0.232  1.051 -0.087 -0.140 -0.127 -0.101 -0.101
 0.234  1.054 -0.084 -0.138 -0.126 -0.100 -0.100
 0.236  1.056 -0.081 -0.137 -0.124 -0.099 -0.099
 0.238  1.059 -0.078 -0.135 -0.123 -0.098 -0.098
 0.240  1.062 -0.075 -0.133 -0.121 -0.096 -0.096
 0.242  1.064 -0.072 -0.131 -0.120 -0.095 -0.095
 0.244  1.067 -0.069 -0.130 -0.118 -0.094 -0.094
 0.246  1.070 -0.066 -0.128 -0.117 -0.093 -0.093
 0.248  1.073 -0.063 -0.126 -0.115 -0.092 -0.092
 0.250  1.076 -0.059 -0.124 -0.114 -0.091 -0.091
 0.252  1.078 -0.057 -0.123 -0.112 -0.090 -0.090
 0.254  1.081 -0.053 -0.121 -0.111 -0.089 -0.089
 0.256  1.084 -0.050 -0.119 -0.109 -0.088 -0.088
 0.258  1.086 -0.047 -0.117 -0.108 -0.087 -0.087
 0.260  1.089 -0.044 -0.115 -0.106 -0.086 -0.086
 0.262  1.092 -0.041 -0.113 -0.105 -0.085 -0.085
 0.264  1.094 -0.038 -0.111 -0.103 -0.084 -0.084
 0.266  1.098 -0.034 -0.110 -0.102 -0.083 -0.083
 0.268  1.100 -0.032 -0.108 -0.101 -0.082 -0.082
 0.270  1.103 -0.028 -0.106 -0.099 -0.081 -0.081
 0.272  1.106 -0.025 -0.104 -0.098 -0.080 -0.080
 0.274  1.109 -0.022 -0.102 -0.096 -0.079 -0.079
 0.276  1.111 -0.019 -0.100 -0.095 -0.078 -0.078
 0.278  1.114 -0.016 -0.099 -0.093 -0.077 -0.077
 0.280  1.117 -0.012 -0.097 -0.092 -0.076 -0.076
 0.282  1.120 -0.009 -0.095 -0.090 -0.075 -0.075
 0.284  1.122 -0.006 -0.093 -0.089 -0.074 -0.074
 0.286  1.126 -0.003 -0.091 -0.087 -0.073 -0.073
 0.288  1.128  0.001 -0.089 -0.086 -0.072 -0.072
 0.290  1.131  0.004 -0.087 -0.085 -0.071 -0.071
 0.292  1.134  0.007 -0.085 -0.083 -0.070 -0.070
 0.294  1.137  0.011 -0.083 -0.082 -0.069 -0.069
 0.296  1.139  0.014 -0.082 -0.080 -0.067 -0.067
 0.298  1.142  0.017 -0.080 -0.079 -0.066 -0.066
 0.300  1.145  0.020 -0.078 -0.078 -0.065 -0.065
 0.302  1.147  0.024 -0.076 -0.076 -0.064 -0.064
 0.304  1.150  0.027 -0.074 -0.075 -0.063 -0.063
 0.306  1.153  0.030 -0.072 -0.073 -0.062 -0.062
 0.308  1.155  0.033 -0.070 -0.072 -0.061 -0.061
 0.310  1.158  0.037 -0.068 -0.071 -0.060 -0.060
 0.312  1.160  0.040 -0.066 -0.069 -0.059 -0.059
 0.314  1.163  0.043 -0.065 -0.068 -0.058 -0.058
 0.316  1.165  0.047 -0.063 -0.066 -0.057 -0.057
 0.318  1.168  0.050 -0.061 -0.065 -0.056 -0.056
 0.320  1.170  0.053 -0.059 -0.063 -0.054 -0.054
 0.322  1.172  0.057 -0.057 -0.062 -0.053 -0.053
 0.324  1.175  0.059 -0.055 -0.061 -0.052 -0.052
 0.326  1.177  0.063 -0.053 -0.059 -0.051 -0.051
 0.328  1.180  0.066 -0.051 -0.058 -0.050 -0.050
 0.330  1.182  0.069 -0.049 -0.056 -0.049 -0.049
 0.332  1.184  0.072 -0.048 -0.055 -0.047 -0.047
 0.334  1.187  0.075 -0.046 -0.054 -0.046 -0.046
 0.336  1.189  0.078 -0.044 -0.052 -0.045 -0.045
 0.338  1.191  0.082 -0.042 -0.051 -0.044 -0.044
 0.340  1.193  0.084 -0.041 -0.049 -0.042 -0.042
 0.342  1.195  0.087 -0.039 -0.048 -0.041 -0.041
 0.344  1.197  0.090 -0.037 -0.047 -0.040 -0.040
 0.346  1.199  0.094 -0.035 -0.045 -0.039 -0.039
 0.348  1.201  0.096 -0.033 -0.044 -0.038 -0.038
 0.350  1.203  0.099 -0.032 -0.042 -0.037 -0.037
 0.352  1.205  0.102 -0.030 -0.041 -0.036 -0.036
 0.354  1.208  0.105 -0.028 -0.040 -0.034 -0.034
 0.356  1.210  0.107 -0.026 -0.038 -0.033 -0.033
 0.358  1.212  0.110 -0.025 -0.037 -0.032 -0.032
 0.360  1.214  0.113 -0.023 -0.036 -0.031 -0.031
 0.362  1.215  0.116 -0.021 -0.034 -0.030 -0.030
 0.364  1.217  0.119 -0.020 -0.033 -0.028 -0.028
 0.366  1.219  0.121 -0.018 -0.032 -0.027 -0.027
 0.368  1.221  0.124 -0.016 -0.030 -0.026 -0.026
 0.370  1.223  0.126 -0.014 -0.029 -0.025 -0.025
 0.372  1.225  0.129 -0.013 -0.028 -0.024 -0.024
 0.374  1.227  0.131 -0.011 -0.026 -0.023 -0.023
 0.376  1.229  0.133 -0.009 -0.025 -0.021 -0.021
 0.378  1.231  0.136 -0.007 -0.024 -0.020 -0.020
 0.380  1.234  0.138 -0.006 -0.022 -0.019 -0.019
 0.382  1.236  0.141 -0.004 -0.021 -0.018 -0.018
 0.384  1.238  0.144 -0.002 -0.020 -0.017 -0.017
 0.386  1.240  0.146 -0.001 -0.019 -0.016 -0.016
 0.388  1.242  0.148  0.001 -0.018 -0.015 -0.015
 0.390  1.244  0.150  0.003 -0.016 -0.014 -0.014
 0.392  1.246  0.153  0.004 -0.015 -0.013 -0.013
 0.394  1.248  0.156  0.006 -0.014 -0.012 -0.012
 0.396  1.250  0.158  0.008 -0.013 -0.010 -0.010
 0.398  1.252  0.160  0.009 -0.012 -0.010 -0.010
 0.400  1.254  0.162  0.011 -0.011 -0.008 -0.008
 0.402  1.256  0.165  0.013 -0.010 -0.008 -0.008
 0.404  1.258  0.167  0.014 -0.009 -0.007 -0.007
 0.406  1.260  0.169  0.016 -0.008 -0.006 -0.006
 0.408  1.263  0.171  0.018 -0.007 -0.005 -0.005
 0.410  1.265  0.174  0.020 -0.006 -0.004 -0.004
 0.412  1.267  0.177  0.021 -0.005 -0.003 -0.003
 0.414  1.269  0.179  0.023 -0.004 -0.002 -0.002
 0.416  1.272  0.181  0.025 -0.003 -0.001 -0.001
 0.418  1.274  0.183  0.026 -0.002 -0.000 -0.000
 0.420  1.276  0.186  0.028 -0.001  0.001  0.001
 0.422  1.278  0.188  0.030  0.000  0.002  0.002
 0.424  1.281  0.190  0.031  0.001  0.003  0.003
 0.426  1.283  0.193  0.033  0.002  0.003  0.003
 0.428  1.285  0.195  0.035  0.003  0.004  0.004
 0.430  1.287  0.197  0.036  0.004  0.005  0.005
 0.432  1.290  0.199  0.038  0.004  0.006  0.006
 0.434  1.292  0.202  0.040  0.005  0.006  0.006
 0.436  1.294  0.204  0.041  0.006  0.007  0.007
 0.438  1.296  0.206  0.042  0.007  0.008  0.008
 0.440  1.298  0.208  0.044  0.008  0.008  0.008
 0.442  1.300  0.210  0.045  0.008  0.009  0.009
 0.444  1.302  0.212  0.047  0.009  0.010  0.010
 0.446  1.304  0.215  0.049  0.010  0.010  0.010
 0.448  1.306  0.216  0.050  0.011  0.011  0.011
 0.450  1.308  0.219  0.052  0.011  0.011  0.011
 0.452  1.310  0.221  0.053  0.012  0.012  0.012
 0.454  1.311  0.223  0.054  0.013  0.013  0.013
 0.456  1.313  0.225  0.056  0.014  0.013  0.013
 0.458  1.314  0.227  0.057  0.014  0.014  0.014
 0.460  1.317  0.229  0.059  0.015  0.014  0.014
 0.462  1.318  0.231  0.060  0.016  0.015  0.015
 0.464  1.319  0.233  0.061  0.017  0.015  0.015
 0.466  1.321  0.235  0.063  0.017  0.016  0.016
 0.468  1.322  0.236  0.064  0.018  0.016  0.016
 0.470  1.323  0.238  0.065  0.019  0.017  0.017
 0.472  1.325  0.240  0.066  0.020  0.017  0.017
 0.474  1.326  0.242  0.068  0.020  0.018  0.018
 0.476  1.327  0.244  0.069  0.021  0.018  0.018
 0.478  1.328  0.245  0.070  0.022  0.018  0.018
 0.480  1.329  0.247  0.071  0.022  0.019  0.019
 0.482  1.330  0.248  0.072  0.023  0.019  0.019
 0.484  1.331  0.250  0.074  0.024  0.020  0.020
 0.486  1.332  0.252  0.075  0.024  0.020  0.020
 0.488  1.333  0.253  0.076  0.025  0.020  0.020
 0.490  1.334  0.255  0.077  0.026  0.021  0.021
 0.492  1.334  0.256  0.078  0.026  0.021  0.021
 0.494  1.335  0.257  0.079  0.027  0.022  0.022
 0.496  1.336  0.258  0.080  0.028  0.022  0.022
 0.498  1.336  0.260  0.081  0.028  0.022  0.022
 0.500  1.337  0.261  0.082  0.029  0.023  0.023
 0.502  1.337  0.262  0.082  0.030  0.023  0.023
 0.504  1.338  0.264  0.083  0.030  0.024  0.024
 0.506  1.338  0.265  0.084  0.031  0.024  0.024
 0.508  1.339  0.266  0.085  0.031  0.024  0.024
 0.510  1.339  0.267  0.085  0.032  0.025  0.025
 0.512  1.340  0.268  0.086  0.033  0.025  0.025
 0.514  1.340  0.269  0.087  0.033  0.025  0.025
 0.516  1.341  0.270  0.088  0.034  0.026  0.026
 0.518  1.341  0.270  0.088  0.034  0.026  0.026
 0.520  1.342  0.272  0.089  0.035  0.026  0.026
 0.522  1.342  0.272  0.089  0.035  0.027  0.027
 0.524  1.343  0.273  0.090  0.036  0.027  0.027
 0.526  1.344  0.274  0.090  0.036  0.027  0.027
 0.528  1.344  0.274  0.091  0.037  0.028  0.028
 0.530  1.345  0.275  0.092  0.037  0.028  0.028
 0.532  1.345  0.276  0.092  0.037  0.029  0.029
 0.534  1.346  0.277  0.092  0.038  0.029  0.029
 0.536  1.346  0.277  0.093  0.038  0.029  0.029
 0.538  1.347  0.278  0.093  0.038  0.029  0.029
 0.540  1.347  0.278  0.093  0.039  0.030  0.030
 0.542  1.348  0.279  0.094  0.039  0.030  0.030
 0.544  1.348  0.280  0.094  0.040  0.030  0.030
 0.546  1.349  0.280  0.095  0.040  0.031  0.031
 0.548  1.349  0.280  0.095  0.040  0.031  0.031
 0.550  1.350  0.281  0.095  0.040  0.031  0.031
 0.552  1.350  0.281  0.095  0.040  0.031  0.031
 0.554  1.351  0.281  0.096  0.041  0.031  0.031
 0.556  1.351  0.282  0.096  0.041  0.032  0.032
 0.558  1.352  0.282  0.096  0.041  0.032  0.032
 0.560  1.352  0.282  0.096  0.041  0.032  0.032
 0.562  1.353  0.282  0.096  0.041  0.032  0.032
 0.564  1.353  0.283  0.097  0.041  0.032  0.032
 0.566  1.354  0.283  0.097  0.041  0.032  0.032
 0.568  1.354  0.283  0.097  0.042  0.033  0.033
 0.570  1.355  0.284  0.097  0.042  0.033  0.033
 0.572  1.355  0.284  0.097  0.042  0.033  0.033
 0.574  1.356  0.284  0.098  0.042  0.033  0.033
 0.576  1.356  0.284  0.098  0.042  0.033  0.033
 0.578  1.356  0.284  0.098  0.042  0.033  0.033
 0.580  1.357  0.284  0.098  0.042  0.033  0.033
 0.582  1.357  0.284  0.098  0.042  0.033  0.033
 0.584  1.358  0.284  0.098  0.041  0.033  0.033
 0.586  1.358  0.284  0.098  0.041  0.033  0.033
 0.588  1.358  0.284  0.098  0.041  0.033  0.033
 0.590  1.358  0.284  0.098  0.041  0.033  0.033
 0.592  1.359  0.284  0.098  0.041  0.033  0.033
 0.594  1.359  0.284  0.098  0.041  0.033  0.033
 0.596  1.359  0.284  0.098  0.041  0.033  0.033
 0.598  1.359  0.284  0.098  0.041  0.033  0.033
 0.600  1.359  0.284  0.098  0.041  0.033  0.033
 0.602  1.359  0.284  0.098  0.040  0.033  0.033
 0.604  1.359  0.283  0.098  0.040  0.033  0.033
 0.606  1.359  0.283  0.098  0.040  0.033  0.033
 0.608  1.359  0.282  0.097  0.040  0.033  0.033
 0.610  1.359  0.282  0.097  0.040  0.032  0.032
 0.612  1.359  0.282  0.097  0.039  0.032  0.032
 0.614  1.359  0.281  0.097  0.039  0.032  0.032
 0.616  1.359  0.281  0.097  0.039  0.032  0.032
 0.618  1.358  0.281  0.096  0.038  0.032  0.032
 0.620  1.358  0.280  0.096  0.038  0.032  0.032
 0.622  1.358  0.280  0.096  0.038  0.031  0.031
 0.624  1.357  0.279  0.096  0.037  0.031  0.031
 0.626  1.357  0.278  0.095  0.037  0.031  0.031
 0.628  1.357  0.277  0.095  0.037  0.031  0.031
 0.630  1.356  0.277  0.095  0.036  0.030  0.030
 0.632  1.356  0.276  0.094  0.036  0.030  0.030
 0.634  1.355  0.274  0.094  0.036  0.030  0.030
 0.636  1.355  0.274  0.093  0.035  0.029  0.029
 0.638  1.354  0.273  0.093  0.035  0.029  0.029
 0.640  1.354  0.272  0.092  0.034  0.028  0.028
 0.642  1.353  0.270  0.092  0.034  0.028  0.028
 0.644  1.353  0.269  0.091  0.034  0.027  0.027
 0.646  1.352  0.268  0.090  0.033  0.027  0.027
 0.648  1.351  0.266  0.090  0.032  0.026  0.026
 0.650  1.350  0.265  0.089  0.032  0.026  0.026
 0.652  1.349  0.264  0.089  0.031  0.025  0.025
 0.654  1.348  0.262  0.088  0.031  0.024  0.024
 0.656  1.347  0.261  0.087  0.030  0.023  0.023
 0.658  1.346  0.259  0.086  0.029  0.023  0.023
 0.660  1.345  0.257  0.085  0.028  0.022  0.022
 0.662  1.344  0.256  0.085  0.027  0.021  0.021
 0.664  1.342  0.254  0.084  0.026  0.020  0.020
 0.666  1.341  0.252  0.083  0.025  0.019  0.019
 0.668  1.339  0.250  0.082  0.024  0.018  0.018
 0.670  1.338  0.248  0.081  0.023  0.017  0.017
 0.672  1.336  0.246  0.080  0.022  0.016  0.016
 0.674  1.335  0.244  0.079  0.021  0.015  0.015
 0.676  1.333  0.242  0.078  0.019  0.014  0.014
 0.678  1.331  0.240  0.077  0.018  0.013  0.013
 0.680  1.329  0.237  0.076  0.016  0.011  0.011
 0.682  1.327  0.235  0.074  0.014  0.010  0.010
 0.684  1.325  0.232  0.073  0.013  0.009  0.009
 0.686  1.323  0.230  0.072  0.011  0.007  0.007
 0.688  1.321  0.227  0.071  0.009  0.006  0.006
 0.690  1.319  0.225  0.069  0.007  0.004  0.004
 0.692  1.317  0.222  0.068  0.005  0.003  0.003
 0.694  1.314  0.219  0.066  0.003  0.001  0.001
 0.696  1.312  0.216  0.065  0.001 -0.001 -0.001
 0.698  1.309  0.214  0.064 -0.001 -0.002 -0.002
 0.700  1.307  0.211  0.062 -0.003 -0.004 -0.004
 0.702  1.304  0.207  0.061 -0.006 -0.006 -0.006
 0.704  1.302  0.204  0.059 -0.008 -0.008 -0.008
 0.706  1.299  0.201  0.057 -0.010 -0.010 -0.010
 0.708  1.296  0.198  0.055 -0.013 -0.012 -0.012
 0.710  1.293  0.194  0.054 -0.015 -0.013 -0.013
 0.712  1.290  0.191  0.051 -0.018 -0.015 -0.015
 0.714  1.287  0.187  0.050 -0.021 -0.017 -0.017
 0.716  1.284  0.183  0.047 -0.024 -0.019 -0.019
 0.718  1.281  0.179  0.045 -0.026 -0.021 -0.021
 0.720  1.277  0.175  0.043 -0.029 -0.023 -0.023
 0.722  1.274  0.171  0.041 -0.032 -0.025 -0.025
 0.724  1.271  0.167  0.038 -0.035 -0.028 -0.028
 0.726  1.267  0.163  0.035 -0.038 -0.030 -0.030
 0.728  1.264  0.159  0.033 -0.041 -0.032 -0.032
 0.730  1.259  0.154  0.030 -0.044 -0.034 -0.034
 0.732  1.256  0.150  0.027 -0.047 -0.036 -0.036
 0.734  1.252  0.145  0.025 -0.050 -0.038 -0.038
 0.736  1.248  0.140  0.022 -0.053 -0.041 -0.041
 0.738  1.244  0.136  0.019 -0.056 -0.043 -0.043
 0.740  1.240  0.131  0.016 -0.058 -0.045 -0.045
 0.742  1.235  0.125  0.013 -0.061 -0.047 -0.047
 0.744  1.230  0.120  0.009 -0.064 -0.050 -0.050
 0.746  1.226  0.115  0.006 -0.067 -0.052 -0.052
 0.748  1.221  0.110  0.003 -0.070 -0.054 -0.054
 0.750  1.217  0.105 -0.001 -0.072 -0.057 -0.057
 0.752  1.212  0.099 -0.005 -0.075 -0.059 -0.059
 0.754  1.207  0.094 -0.008 -0.078 -0.061 -0.061
 0.756  1.202  0.088 -0.012 -0.081 -0.064 -0.064
 0.758  1.197  0.083 -0.016 -0.083 -0.066 -0.066
 0.760  1.192  0.077 -0.020 -0.086 -0.068 -0.068
 0.762  1.187  0.071 -0.024 -0.089 -0.070 -0.070
 0.764  1.182  0.066 -0.028 -0.091 -0.073 -0.073
 0.766  1.176  0.060 -0.032 -0.094 -0.075 -0.075
 0.768  1.171  0.054 -0.036 -0.097 -0.077 -0.077
 0.770  1.165  0.048 -0.040 -0.099 -0.079 -0.079
 0.772  1.159  0.042 -0.045 -0.102 -0.081 -0.081
 0.774  1.154  0.037 -0.049 -0.105 -0.083 -0.083
 0.776  1.147  0.030 -0.053 -0.107 -0.086 -0.086
 0.778  1.141  0.025 -0.058 -0.110 -0.088 -0.088
 0.780  1.135  0.019 -0.062 -0.113 -0.090 -0.090
 0.782  1.129  0.013 -0.066 -0.115 -0.092 -0.092
 0.784  1.122  0.007 -0.071 -0.118 -0.094 -0.094
 0.786  1.116  0.001 -0.075 -0.120 -0.096 -0.096
 0.788  1.110 -0.005 -0.080 -0.123 -0.098 -0.098
 0.790  1.104 -0.011 -0.084 -0.125 -0.100 -0.100
 0.792  1.098 -0.016 -0.088 -0.128 -0.102 -0.102
 0.794  1.091 -0.022 -0.092 -0.130 -0.104 -0.104
 0.796  1.085 -0.028 -0.097 -0.133 -0.106 -0.106
 0.798  1.079 -0.034 -0.101 -0.135 -0.107 -0.107
 0.800  1.073 -0.040 -0.105 -0.137 -0.109 -0.109
 0.802  1.067 -0.046 -0.109 -0.140 -0.111 -0.111
 0.804  1.062 -0.051 -0.113 -0.142 -0.113 -0.113
 0.806  1.056 -0.057 -0.117 -0.144 -0.115 -0.115
 0.808  1.050 -0.063 -0.121 -0.147 -0.116 -0.116
 0.810  1.045 -0.069 -0.125 -0.149 -0.118 -0.118
 0.812  1.039 -0.074 -0.130 -0.151 -0.120 -0.120
 0.814  1.034 -0.080 -0.133 -0.153 -0.121 -0.121
 0.816  1.029 -0.085 -0.137 -0.155 -0.123 -0.123
 0.818  1.024 -0.091 -0.141 -0.157 -0.125 -0.125
 0.820  1.019 -0.096 -0.145 -0.159 -0.126 -0.126
 0.822  1.015 -0.102 -0.149 -0.161 -0.128 -0.128
 0.824  1.009 -0.107 -0.153 -0.162 -0.129 -0.129
 0.826  1.005 -0.112 -0.157 -0.164 -0.131 -0.131
 0.828  1.000 -0.117 -0.161 -0.166 -0.132 -0.132
 0.830  0.996 -0.123 -0.164 -0.168 -0.134 -0.134
 0.832  0.992 -0.128 -0.168 -0.170 -0.135 -0.135
 0.834  0.988 -0.132 -0.171 -0.171 -0.136 -0.136
 0.836  0.983 -0.137 -0.175 -0.173 -0.138 -0.138
 0.838  0.979 -0.143 -0.178 -0.174 -0.139 -0.139
 0.840  0.975 -0.147 -0.181 -0.176 -0.140 -0.140
 0.842  0.971 -0.152 -0.184 -0.177 -0.141 -0.141
 0.844  0.968 -0.157 -0.187 -0.179 -0.143 -0.143
 0.846  0.964 -0.161 -0.190 -0.180 -0.144 -0.144
 0.848  0.960 -0.166 -0.193 -0.181 -0.145 -0.145
 0.850  0.956 -0.170 -0.196 -0.183 -0.146 -0.146
 0.852  0.953 -0.174 -0.199 -0.184 -0.147 -0.147
 0.854  0.950 -0.178 -0.201 -0.185 -0.148 -0.148
 0.856  0.947 -0.183 -0.204 -0.186 -0.149 -0.149
 0.858  0.944 -0.186 -0.206 -0.187 -0.150 -0.150
 0.860  0.941 -0.190 -0.209 -0.188 -0.151 -0.151
 0.862  0.938 -0.194 -0.211 -0.190 -0.152 -0.152
 0.864  0.935 -0.198 -0.213 -0.191 -0.153 -0.153
 0.866  0.932 -0.201 -0.216 -0.192 -0.154 -0.154
 0.868  0.929 -0.205 -0.218 -0.193 -0.155 -0.155
 0.870  0.926 -0.208 -0.220 -0.194 -0.155 -0.155
 0.872  0.923 -0.211 -0.222 -0.194 -0.156 -0.156
 0.874  0.921 -0.214 -0.224 -0.195 -0.157 -0.157
 0.876  0.918 -0.217 -0.226 -0.196 -0.158 -0.158
 0.878  0.916 -0.220 -0.227 -0.197 -0.158 -0.158
 0.880  0.913 -0.223 -0.229 -0.198 -0.159 -0.159
 0.882  0.911 -0.225 -0.231 -0.199 -0.160 -0.160
 0.884  0.909 -0.228 -0.233 -0.200 -0.160 -0.160
 0.886  0.906 -0.230 -0.234 -0.201 -0.161 -0.161
 0.888  0.904 -0.233 -0.236 -0.202 -0.162 -0.162
 0.890  0.902 -0.235 -0.237 -0.203 -0.162 -0.162
 0.892  0.899 -0.237 -0.238 -0.204 -0.163 -0.163
 0.894  0.897 -0.239 -0.239 -0.204 -0.164 -0.164
 0.896  0.895 -0.241 -0.241 -0.205 -0.164 -0.164
 0.898  0.893 -0.243 -0.242 -0.206 -0.165 -0.165
 0.900  0.891 -0.245 -0.243 -0.207 -0.165 -0.165
 0.902  0.890 -0.247 -0.244 -0.208 -0.166 -0.166
 0.904  0.888 -0.249 -0.245 -0.208 -0.167 -0.167
 0.906  0.886 -0.251 -0.246 -0.209 -0.167 -0.167
 0.908  0.884 -0.252 -0.247 -0.210 -0.168 -0.168
 0.910  0.883 -0.253 -0.248 -0.211 -0.168 -0.168
 0.912  0.881 -0.255 -0.249 -0.211 -0.169 -0.169
 0.914  0.880 -0.256 -0.250 -0.212 -0.169 -0.169
 0.916  0.878 -0.257 -0.251 -0.213 -0.170 -0.170
 0.918  0.877 -0.259 -0.251 -0.214 -0.171 -0.171
 0.920  0.876 -0.260 -0.252 -0.214 -0.171 -0.171
 0.922  0.874 -0.261 -0.253 -0.215 -0.171 -0.171
 0.924  0.872 -0.262 -0.254 -0.215 -0.172 -0.172
 0.926  0.871 -0.263 -0.255 -0.216 -0.173 -0.173
 0.928  0.870 -0.264 -0.255 -0.217 -0.173 -0.173
 0.930  0.869 -0.265 -0.256 -0.217 -0.173 -0.173
 0.932  0.868 -0.267 -0.257 -0.218 -0.174 -0.174
 0.934  0.867 -0.268 -0.258 -0.219 -0.174 -0.174
 0.936  0.866 -0.268 -0.258 -0.219 -0.175 -0.175
 0.938  0.865 -0.269 -0.259 -0.220 -0.175 -0.175
 0.940  0.864 -0.270 -0.260 -0.220 -0.176 -0.176
 0.942  0.863 -0.271 -0.261 -0.221 -0.176 -0.176
 0.944  0.862 -0.272 -0.261 -0.221 -0.177 -0.177
 0.946  0.861 -0.273 -0.262 -0.222 -0.177 -0.177
 0.948  0.861 -0.274 -0.262 -0.223 -0.178 -0.178
 0.950  0.860 -0.274 -0.263 -0.223 -0.178 -0.178
 0.952  0.859 -0.276 -0.264 -0.223 -0.178 -0.178
 0.954  0.858 -0.276 -0.264 -0.224 -0.179 -0.179
 0.956  0.858 -0.277 -0.265 -0.224 -0.179 -0.179
 0.958  0.857 -0.277 -0.265 -0.225 -0.179 -0.179
 0.960  0.856 -0.278 -0.266 -0.225 -0.180 -0.180
 0.962  0.856 -0.278 -0.267 -0.226 -0.180 -0.180
 0.964  0.855 -0.279 -0.267 -0.226 -0.181 -0.181
 0.966  0.855 -0.280 -0.267 -0.226 -0.181 -0.181
 0.968  0.854 -0.280 -0.268 -0.226 -0.181 -0.181
 0.970  0.854 -0.281 -0.268 -0.227 -0.181 -0.181
 0.972  0.853 -0.281 -0.269 -0.227 -0.182 -0.182
 0.974  0.853 -0.281 -0.269 -0.227 -0.182 -0.182
 0.976  0.852 -0.282 -0.269 -0.227 -0.182 -0.182
 0.978  0.852 -0.282 -0.269 -0.228 -0.182 -0.182
 0.980  0.852 -0.282 -0.270 -0.228 -0.182 -0.182
 0.982  0.851 -0.283 -0.270 -0.228 -0.183 -0.183
 0.984  0.851 -0.284 -0.271 -0.228 -0.183 -0.183
 0.986  0.851 -0.284 -0.271 -0.228 -0.183 -0.183
 0.988  0.851 -0.284 -0.271 -0.228 -0.183 -0.183
 0.990  0.851 -0.284 -0.271 -0.228 -0.183 -0.183
 0.992  0.851 -0.284 -0.271 -0.228 -0.183 -0.183
 0.994  0.850 -0.285 -0.271 -0.229 -0.183 -0.183
 0.996  0.850 -0.285 -0.271 -0.229 -0.183 -0.183
 0.998  0.850 -0.285 -0.271 -0.229 -0.183 -0.183
