# IsPeriodic    : True
# Period        : 0.559210 days
# Normalization : <g_mag>=0
# 
# Phase u_mag  g_mag  r_mag  i_mag  z_mag  y_mag
 0.000  0.255 -0.943 -0.789 -0.681 -0.555 -0.555
 0.002  0.255 -0.942 -0.789 -0.681 -0.555 -0.555
 0.004  0.255 -0.941 -0.788 -0.680 -0.555 -0.555
 0.006  0.256 -0.938 -0.787 -0.679 -0.554 -0.554
 0.008  0.257 -0.935 -0.784 -0.676 -0.554 -0.554
 0.010  0.260 -0.931 -0.780 -0.673 -0.553 -0.553
 0.012  0.261 -0.925 -0.777 -0.669 -0.553 -0.553
 0.014  0.263 -0.918 -0.773 -0.664 -0.552 -0.552
 0.016  0.266 -0.911 -0.769 -0.659 -0.551 -0.551
 0.018  0.269 -0.905 -0.765 -0.653 -0.551 -0.551
 0.020  0.273 -0.898 -0.761 -0.648 -0.550 -0.550
 0.022  0.275 -0.891 -0.756 -0.642 -0.548 -0.548
 0.024  0.279 -0.882 -0.751 -0.636 -0.548 -0.548
 0.026  0.284 -0.875 -0.747 -0.631 -0.546 -0.546
 0.028  0.287 -0.867 -0.742 -0.624 -0.546 -0.546
 0.030  0.291 -0.860 -0.738 -0.619 -0.544 -0.544
 0.032  0.296 -0.853 -0.732 -0.614 -0.543 -0.543
 0.034  0.301 -0.846 -0.728 -0.609 -0.542 -0.542
 0.036  0.306 -0.839 -0.723 -0.604 -0.541 -0.541
 0.038  0.311 -0.832 -0.719 -0.598 -0.539 -0.539
 0.040  0.315 -0.825 -0.715 -0.593 -0.538 -0.538
 0.042  0.322 -0.818 -0.710 -0.589 -0.537 -0.537
 0.044  0.328 -0.811 -0.706 -0.583 -0.535 -0.535
 0.046  0.334 -0.804 -0.701 -0.579 -0.534 -0.534
 0.048  0.340 -0.798 -0.696 -0.574 -0.532 -0.532
 0.050  0.346 -0.789 -0.691 -0.569 -0.530 -0.530
 0.052  0.353 -0.782 -0.685 -0.565 -0.528 -0.528
 0.054  0.360 -0.774 -0.680 -0.560 -0.526 -0.526
 0.056  0.368 -0.766 -0.674 -0.555 -0.525 -0.525
 0.058  0.375 -0.759 -0.669 -0.551 -0.523 -0.523
 0.060  0.382 -0.750 -0.664 -0.547 -0.521 -0.521
 0.062  0.391 -0.742 -0.658 -0.542 -0.518 -0.518
 0.064  0.399 -0.734 -0.653 -0.538 -0.516 -0.516
 0.066  0.407 -0.725 -0.647 -0.534 -0.514 -0.514
 0.068  0.416 -0.717 -0.640 -0.530 -0.511 -0.511
 0.070  0.425 -0.709 -0.634 -0.526 -0.509 -0.509
 0.072  0.433 -0.700 -0.629 -0.522 -0.507 -0.507
 0.074  0.443 -0.692 -0.623 -0.518 -0.505 -0.505
 0.076  0.452 -0.684 -0.617 -0.514 -0.502 -0.502
 0.078  0.461 -0.675 -0.611 -0.511 -0.500 -0.500
 0.080  0.470 -0.667 -0.606 -0.507 -0.498 -0.498
 0.082  0.479 -0.659 -0.600 -0.504 -0.495 -0.495
 0.084  0.488 -0.650 -0.593 -0.500 -0.493 -0.493
 0.086  0.496 -0.642 -0.587 -0.497 -0.491 -0.491
 0.088  0.505 -0.634 -0.582 -0.493 -0.488 -0.488
 0.090  0.513 -0.625 -0.576 -0.490 -0.486 -0.486
 0.092  0.522 -0.617 -0.570 -0.486 -0.484 -0.484
 0.094  0.530 -0.610 -0.565 -0.484 -0.481 -0.481
 0.096  0.538 -0.602 -0.559 -0.480 -0.479 -0.479
 0.098  0.546 -0.593 -0.554 -0.477 -0.477 -0.477
 0.100  0.554 -0.585 -0.547 -0.473 -0.475 -0.475
 0.102  0.561 -0.578 -0.542 -0.471 -0.473 -0.473
 0.104  0.568 -0.570 -0.536 -0.467 -0.471 -0.471
 0.106  0.575 -0.561 -0.531 -0.464 -0.469 -0.469
 0.108  0.583 -0.554 -0.526 -0.461 -0.467 -0.467
 0.110  0.590 -0.547 -0.521 -0.458 -0.465 -0.465
 0.112  0.597 -0.539 -0.516 -0.454 -0.463 -0.463
 0.114  0.603 -0.532 -0.511 -0.452 -0.461 -0.461
 0.116  0.611 -0.525 -0.506 -0.448 -0.459 -0.459
 0.118  0.617 -0.518 -0.500 -0.445 -0.457 -0.457
 0.120  0.624 -0.511 -0.495 -0.442 -0.455 -0.455
 0.122  0.630 -0.504 -0.491 -0.438 -0.453 -0.453
 0.124  0.636 -0.497 -0.486 -0.436 -0.451 -0.451
 0.126  0.642 -0.490 -0.481 -0.432 -0.449 -0.449
 0.128  0.648 -0.483 -0.477 -0.429 -0.448 -0.448
 0.130  0.654 -0.477 -0.472 -0.426 -0.446 -0.446
 0.132  0.659 -0.470 -0.468 -0.423 -0.445 -0.445
 0.134  0.665 -0.464 -0.464 -0.420 -0.442 -0.442
 0.136  0.670 -0.457 -0.459 -0.417 -0.441 -0.441
 0.138  0.676 -0.450 -0.454 -0.414 -0.439 -0.439
 0.140  0.681 -0.445 -0.450 -0.410 -0.438 -0.438
 0.142  0.686 -0.438 -0.446 -0.408 -0.436 -0.436
 0.144  0.691 -0.432 -0.442 -0.404 -0.434 -0.434
 0.146  0.696 -0.425 -0.438 -0.402 -0.433 -0.433
 0.148  0.701 -0.420 -0.434 -0.399 -0.431 -0.431
 0.150  0.705 -0.414 -0.430 -0.396 -0.429 -0.429
 0.152  0.710 -0.408 -0.426 -0.393 -0.428 -0.428
 0.154  0.715 -0.401 -0.422 -0.390 -0.426 -0.426
 0.156  0.720 -0.396 -0.418 -0.387 -0.424 -0.424
 0.158  0.725 -0.390 -0.414 -0.384 -0.423 -0.423
 0.160  0.730 -0.385 -0.411 -0.381 -0.421 -0.421
 0.162  0.733 -0.379 -0.406 -0.378 -0.419 -0.419
 0.164  0.738 -0.374 -0.402 -0.376 -0.418 -0.418
 0.166  0.743 -0.368 -0.398 -0.372 -0.417 -0.417
 0.168  0.748 -0.363 -0.395 -0.369 -0.415 -0.415
 0.170  0.753 -0.357 -0.391 -0.367 -0.413 -0.413
 0.172  0.758 -0.351 -0.387 -0.364 -0.412 -0.412
 0.174  0.763 -0.345 -0.384 -0.361 -0.410 -0.410
 0.176  0.766 -0.339 -0.380 -0.358 -0.408 -0.408
 0.178  0.771 -0.333 -0.377 -0.355 -0.406 -0.406
 0.180  0.776 -0.328 -0.373 -0.353 -0.405 -0.405
 0.182  0.781 -0.322 -0.369 -0.350 -0.403 -0.403
 0.184  0.786 -0.317 -0.366 -0.348 -0.401 -0.401
 0.186  0.790 -0.311 -0.361 -0.345 -0.400 -0.400
 0.188  0.795 -0.306 -0.358 -0.342 -0.398 -0.398
 0.190  0.799 -0.300 -0.354 -0.340 -0.396 -0.396
 0.192  0.804 -0.294 -0.351 -0.337 -0.394 -0.394
 0.194  0.809 -0.289 -0.347 -0.334 -0.393 -0.393
 0.196  0.814 -0.283 -0.344 -0.332 -0.391 -0.391
 0.198  0.818 -0.278 -0.340 -0.329 -0.389 -0.389
 0.200  0.823 -0.272 -0.337 -0.327 -0.387 -0.387
 0.202  0.827 -0.267 -0.333 -0.324 -0.386 -0.386
 0.204  0.832 -0.261 -0.330 -0.322 -0.384 -0.384
 0.206  0.837 -0.256 -0.327 -0.320 -0.382 -0.382
 0.208  0.841 -0.250 -0.323 -0.317 -0.380 -0.380
 0.210  0.845 -0.244 -0.320 -0.314 -0.379 -0.379
 0.212  0.850 -0.239 -0.316 -0.313 -0.377 -0.377
 0.214  0.855 -0.235 -0.312 -0.310 -0.375 -0.375
 0.216  0.860 -0.229 -0.309 -0.307 -0.373 -0.373
 0.218  0.865 -0.224 -0.306 -0.306 -0.372 -0.372
 0.220  0.868 -0.218 -0.302 -0.303 -0.370 -0.370
 0.222  0.873 -0.212 -0.299 -0.300 -0.368 -0.368
 0.224  0.878 -0.207 -0.296 -0.299 -0.366 -0.366
 0.226  0.882 -0.201 -0.293 -0.296 -0.364 -0.364
 0.228  0.886 -0.196 -0.289 -0.294 -0.363 -0.363
 0.230  0.891 -0.192 -0.286 -0.292 -0.361 -0.361
 0.232  0.895 -0.186 -0.283 -0.290 -0.359 -0.359
 0.234  0.900 -0.181 -0.280 -0.287 -0.357 -0.357
 0.236  0.903 -0.175 -0.277 -0.286 -0.356 -0.356
 0.238  0.908 -0.171 -0.274 -0.283 -0.354 -0.354
 0.240  0.912 -0.165 -0.270 -0.281 -0.352 -0.352
 0.242  0.917 -0.160 -0.267 -0.279 -0.351 -0.351
 0.244  0.920 -0.156 -0.264 -0.277 -0.349 -0.349
 0.246  0.924 -0.150 -0.261 -0.274 -0.348 -0.348
 0.248  0.929 -0.146 -0.258 -0.272 -0.345 -0.345
 0.250  0.933 -0.140 -0.255 -0.271 -0.344 -0.344
 0.252  0.936 -0.135 -0.252 -0.268 -0.342 -0.342
 0.254  0.941 -0.131 -0.249 -0.266 -0.341 -0.341
 0.256  0.945 -0.126 -0.246 -0.264 -0.339 -0.339
 0.258  0.948 -0.121 -0.243 -0.262 -0.337 -0.337
 0.260  0.952 -0.117 -0.240 -0.259 -0.336 -0.336
 0.262  0.956 -0.111 -0.238 -0.258 -0.334 -0.334
 0.264  0.961 -0.107 -0.235 -0.255 -0.332 -0.332
 0.266  0.964 -0.103 -0.232 -0.253 -0.331 -0.331
 0.268  0.968 -0.099 -0.229 -0.251 -0.329 -0.329
 0.270  0.971 -0.093 -0.227 -0.249 -0.327 -0.327
 0.272  0.975 -0.089 -0.223 -0.247 -0.326 -0.326
 0.274  0.979 -0.085 -0.220 -0.245 -0.325 -0.325
 0.276  0.982 -0.080 -0.218 -0.243 -0.322 -0.322
 0.278  0.986 -0.076 -0.215 -0.240 -0.321 -0.321
 0.280  0.990 -0.072 -0.212 -0.238 -0.320 -0.320
 0.282  0.993 -0.067 -0.210 -0.236 -0.318 -0.318
 0.284  0.996 -0.062 -0.207 -0.234 -0.316 -0.316
 0.286  0.999 -0.058 -0.205 -0.232 -0.315 -0.315
 0.288  1.003 -0.054 -0.202 -0.230 -0.313 -0.313
 0.290  1.007 -0.050 -0.200 -0.228 -0.312 -0.312
 0.292  1.010 -0.047 -0.197 -0.225 -0.310 -0.310
 0.294  1.014 -0.043 -0.195 -0.224 -0.309 -0.309
 0.296  1.016 -0.039 -0.192 -0.222 -0.307 -0.307
 0.298  1.020 -0.035 -0.190 -0.219 -0.306 -0.306
 0.300  1.024 -0.030 -0.187 -0.217 -0.304 -0.304
 0.302  1.027 -0.026 -0.185 -0.215 -0.302 -0.302
 0.304  1.030 -0.022 -0.182 -0.213 -0.301 -0.301
 0.306  1.033 -0.018 -0.180 -0.210 -0.299 -0.299
 0.308  1.037 -0.015 -0.176 -0.209 -0.297 -0.297
 0.310  1.041 -0.011 -0.174 -0.207 -0.296 -0.296
 0.312  1.043 -0.007 -0.171 -0.204 -0.294 -0.294
 0.314  1.047 -0.003 -0.168 -0.203 -0.292 -0.292
 0.316  1.050  0.002 -0.166 -0.200 -0.290 -0.290
 0.318  1.054  0.006 -0.163 -0.198 -0.289 -0.289
 0.320  1.056  0.008 -0.161 -0.196 -0.287 -0.287
 0.322  1.060  0.013 -0.158 -0.194 -0.285 -0.285
 0.324  1.064  0.017 -0.155 -0.192 -0.284 -0.284
 0.326  1.066  0.021 -0.153 -0.189 -0.282 -0.282
 0.328  1.070  0.025 -0.150 -0.188 -0.281 -0.281
 0.330  1.074  0.028 -0.147 -0.185 -0.279 -0.279
 0.332  1.077  0.032 -0.145 -0.183 -0.277 -0.277
 0.334  1.080  0.036 -0.142 -0.181 -0.275 -0.275
 0.336  1.083  0.040 -0.139 -0.179 -0.273 -0.273
 0.338  1.087  0.045 -0.136 -0.176 -0.272 -0.272
 0.340  1.089  0.047 -0.134 -0.175 -0.269 -0.269
 0.342  1.093  0.052 -0.130 -0.173 -0.268 -0.268
 0.344  1.095  0.056 -0.127 -0.170 -0.266 -0.266
 0.346  1.099  0.060 -0.124 -0.169 -0.264 -0.264
 0.348  1.103  0.063 -0.121 -0.166 -0.262 -0.262
 0.350  1.105  0.067 -0.119 -0.164 -0.260 -0.260
 0.352  1.109  0.071 -0.116 -0.162 -0.259 -0.259
 0.354  1.112  0.075 -0.113 -0.160 -0.257 -0.257
 0.356  1.115  0.078 -0.110 -0.157 -0.255 -0.255
 0.358  1.118  0.082 -0.107 -0.155 -0.253 -0.253
 0.360  1.121  0.086 -0.104 -0.153 -0.251 -0.251
 0.362  1.125  0.089 -0.101 -0.151 -0.249 -0.249
 0.364  1.128  0.093 -0.098 -0.148 -0.247 -0.247
 0.366  1.131  0.097 -0.096 -0.147 -0.246 -0.246
 0.368  1.134  0.102 -0.093 -0.144 -0.244 -0.244
 0.370  1.137  0.104 -0.090 -0.142 -0.242 -0.242
 0.372  1.140  0.109 -0.087 -0.140 -0.240 -0.240
 0.374  1.143  0.113 -0.083 -0.138 -0.238 -0.238
 0.376  1.146  0.115 -0.080 -0.135 -0.236 -0.236
 0.378  1.149  0.120 -0.077 -0.133 -0.235 -0.235
 0.380  1.152  0.124 -0.075 -0.131 -0.232 -0.232
 0.382  1.155  0.128 -0.072 -0.128 -0.231 -0.231
 0.384  1.159  0.131 -0.069 -0.127 -0.229 -0.229
 0.386  1.161  0.135 -0.066 -0.125 -0.228 -0.228
 0.388  1.165  0.139 -0.064 -0.122 -0.226 -0.226
 0.390  1.167  0.143 -0.061 -0.120 -0.223 -0.223
 0.392  1.171  0.146 -0.058 -0.118 -0.222 -0.222
 0.394  1.173  0.150 -0.055 -0.116 -0.220 -0.220
 0.396  1.177  0.154 -0.053 -0.113 -0.219 -0.219
 0.398  1.179  0.159 -0.050 -0.112 -0.216 -0.216
 0.400  1.183  0.161 -0.048 -0.109 -0.215 -0.215
 0.402  1.185  0.165 -0.045 -0.107 -0.214 -0.214
 0.404  1.189  0.170 -0.042 -0.106 -0.212 -0.212
 0.406  1.191  0.174 -0.039 -0.103 -0.210 -0.210
 0.408  1.194  0.178 -0.036 -0.101 -0.208 -0.208
 0.410  1.197  0.181 -0.034 -0.100 -0.207 -0.207
 0.412  1.200  0.185 -0.031 -0.097 -0.205 -0.205
 0.414  1.202  0.189 -0.029 -0.095 -0.203 -0.203
 0.416  1.206  0.193 -0.026 -0.093 -0.202 -0.202
 0.418  1.208  0.197 -0.024 -0.091 -0.200 -0.200
 0.420  1.212  0.200 -0.022 -0.089 -0.198 -0.198
 0.422  1.214  0.204 -0.019 -0.087 -0.197 -0.197
 0.424  1.217  0.209 -0.017 -0.085 -0.195 -0.195
 0.426  1.220  0.213 -0.014 -0.083 -0.193 -0.193
 0.428  1.223  0.217 -0.012 -0.081 -0.192 -0.192
 0.430  1.225  0.221 -0.010 -0.079 -0.190 -0.190
 0.432  1.228  0.224 -0.007 -0.077 -0.189 -0.189
 0.434  1.231  0.228 -0.005 -0.075 -0.187 -0.187
 0.436  1.234  0.232 -0.003 -0.073 -0.186 -0.186
 0.438  1.236  0.236 -0.001 -0.072 -0.184 -0.184
 0.440  1.239  0.241  0.002 -0.069 -0.182 -0.182
 0.442  1.242  0.245  0.004 -0.067 -0.181 -0.181
 0.444  1.245  0.247  0.006 -0.065 -0.179 -0.179
 0.446  1.247  0.252  0.009 -0.064 -0.177 -0.177
 0.448  1.250  0.256  0.011 -0.062 -0.176 -0.176
 0.450  1.252  0.259  0.014 -0.059 -0.175 -0.175
 0.452  1.255  0.263  0.016 -0.058 -0.173 -0.173
 0.454  1.257  0.266  0.018 -0.056 -0.171 -0.171
 0.456  1.259  0.268  0.020 -0.054 -0.170 -0.170
 0.458  1.262  0.272  0.022 -0.052 -0.168 -0.168
 0.460  1.264  0.275  0.024 -0.051 -0.167 -0.167
 0.462  1.267  0.278  0.026 -0.049 -0.165 -0.165
 0.464  1.269  0.281  0.028 -0.046 -0.163 -0.163
 0.466  1.272  0.284  0.030 -0.044 -0.162 -0.162
 0.468  1.274  0.286  0.032 -0.043 -0.161 -0.161
 0.470  1.276  0.289  0.034 -0.041 -0.159 -0.159
 0.472  1.279  0.292  0.036 -0.039 -0.157 -0.157
 0.474  1.281  0.295  0.038 -0.038 -0.156 -0.156
 0.476  1.284  0.298  0.040 -0.036 -0.154 -0.154
 0.478  1.285  0.300  0.042 -0.034 -0.153 -0.153
 0.480  1.287  0.302  0.044 -0.032 -0.152 -0.152
 0.482  1.290  0.304  0.045 -0.030 -0.149 -0.149
 0.484  1.292  0.307  0.047 -0.028 -0.148 -0.148
 0.486  1.293  0.309  0.049 -0.026 -0.147 -0.147
 0.488  1.296  0.311  0.051 -0.024 -0.145 -0.145
 0.490  1.298  0.313  0.054 -0.023 -0.144 -0.144
 0.492  1.299  0.314  0.055 -0.021 -0.142 -0.142
 0.494  1.302  0.317  0.057 -0.019 -0.140 -0.140
 0.496  1.304  0.318  0.059 -0.017 -0.139 -0.139
 0.498  1.306  0.320  0.061 -0.016 -0.138 -0.138
 0.500  1.308  0.321  0.062 -0.014 -0.136 -0.136
 0.502  1.309  0.323  0.064 -0.012 -0.135 -0.135
 0.504  1.312  0.324  0.066 -0.010 -0.133 -0.133
 0.506  1.313  0.325  0.067 -0.009 -0.131 -0.131
 0.508  1.315  0.327  0.069 -0.007 -0.130 -0.130
 0.510  1.316  0.328  0.071 -0.005 -0.129 -0.129
 0.512  1.319  0.329  0.072 -0.003 -0.127 -0.127
 0.514  1.320  0.331  0.074 -0.002 -0.126 -0.126
 0.516  1.321  0.331  0.075  0.000 -0.124 -0.124
 0.518  1.323  0.332  0.077  0.002 -0.123 -0.123
 0.520  1.325  0.334  0.078  0.004 -0.122 -0.122
 0.522  1.326  0.334  0.080  0.004 -0.120 -0.120
 0.524  1.327  0.335  0.081  0.006 -0.119 -0.119
 0.526  1.329  0.336  0.082  0.008 -0.117 -0.117
 0.528  1.330  0.338  0.084  0.010 -0.116 -0.116
 0.530  1.331  0.338  0.085  0.011 -0.115 -0.115
 0.532  1.332  0.339  0.086  0.012 -0.114 -0.114
 0.534  1.333  0.339  0.088  0.013 -0.113 -0.113
 0.536  1.335  0.341  0.089  0.015 -0.111 -0.111
 0.538  1.336  0.342  0.090  0.016 -0.110 -0.110
 0.540  1.337  0.342  0.091  0.017 -0.109 -0.109
 0.542  1.338  0.343  0.093  0.018 -0.108 -0.108
 0.544  1.340  0.345  0.094  0.019 -0.106 -0.106
 0.546  1.341  0.345  0.095  0.020 -0.106 -0.106
 0.548  1.342  0.346  0.096  0.021 -0.104 -0.104
 0.550  1.342  0.346  0.097  0.022 -0.103 -0.103
 0.552  1.343  0.348  0.098  0.023 -0.102 -0.102
 0.554  1.344  0.348  0.100  0.024 -0.101 -0.101
 0.556  1.344  0.349  0.101  0.025 -0.100 -0.100
 0.558  1.346  0.349  0.102  0.025 -0.099 -0.099
 0.560  1.346  0.350  0.103  0.026 -0.098 -0.098
 0.562  1.347  0.350  0.104  0.026 -0.096 -0.096
 0.564  1.347  0.352  0.105  0.027 -0.096 -0.096
 0.566  1.348  0.352  0.105  0.028 -0.094 -0.094
 0.568  1.348  0.352  0.106  0.028 -0.094 -0.094
 0.570  1.349  0.353  0.107  0.029 -0.092 -0.092
 0.572  1.349  0.353  0.108  0.029 -0.092 -0.092
 0.574  1.349  0.354  0.108  0.029 -0.091 -0.091
 0.576  1.350  0.354  0.109  0.030 -0.089 -0.089
 0.578  1.350  0.354  0.110  0.030 -0.089 -0.089
 0.580  1.350  0.356  0.110  0.030 -0.088 -0.088
 0.582  1.350  0.356  0.111  0.030 -0.087 -0.087
 0.584  1.352  0.356  0.112  0.030 -0.086 -0.086
 0.586  1.352  0.357  0.112  0.030 -0.085 -0.085
 0.588  1.352  0.357  0.113  0.030 -0.084 -0.084
 0.590  1.352  0.357  0.113  0.030 -0.083 -0.083
 0.592  1.352  0.357  0.114  0.030 -0.083 -0.083
 0.594  1.353  0.359  0.114  0.030 -0.081 -0.081
 0.596  1.353  0.359  0.115  0.030 -0.080 -0.080
 0.598  1.353  0.359  0.115  0.031 -0.079 -0.079
 0.600  1.353  0.359  0.116  0.031 -0.078 -0.078
 0.602  1.353  0.360  0.116  0.031 -0.078 -0.078
 0.604  1.353  0.360  0.117  0.031 -0.076 -0.076
 0.606  1.353  0.360  0.117  0.031 -0.076 -0.076
 0.608  1.353  0.360  0.118  0.031 -0.075 -0.075
 0.610  1.353  0.360  0.118  0.031 -0.073 -0.073
 0.612  1.353  0.361  0.118  0.031 -0.073 -0.073
 0.614  1.353  0.361  0.119  0.031 -0.071 -0.071
 0.616  1.353  0.361  0.119  0.031 -0.071 -0.071
 0.618  1.353  0.361  0.119  0.031 -0.070 -0.070
 0.620  1.353  0.361  0.120  0.032 -0.069 -0.069
 0.622  1.353  0.361  0.120  0.032 -0.068 -0.068
 0.624  1.353  0.361  0.120  0.033 -0.067 -0.067
 0.626  1.352  0.363  0.121  0.033 -0.066 -0.066
 0.628  1.352  0.363  0.121  0.033 -0.065 -0.065
 0.630  1.352  0.363  0.121  0.034 -0.064 -0.064
 0.632  1.352  0.363  0.121  0.034 -0.063 -0.063
 0.634  1.352  0.363  0.121  0.035 -0.062 -0.062
 0.636  1.350  0.363  0.122  0.035 -0.061 -0.061
 0.638  1.350  0.363  0.122  0.036 -0.060 -0.060
 0.640  1.350  0.363  0.122  0.037 -0.059 -0.059
 0.642  1.350  0.363  0.122  0.037 -0.058 -0.058
 0.644  1.349  0.363  0.122  0.038 -0.057 -0.057
 0.646  1.349  0.363  0.122  0.038 -0.056 -0.056
 0.648  1.349  0.363  0.122  0.038 -0.055 -0.055
 0.650  1.348  0.363  0.122  0.039 -0.054 -0.054
 0.652  1.348  0.363  0.122  0.040 -0.053 -0.053
 0.654  1.348  0.363  0.123  0.040 -0.052 -0.052
 0.656  1.348  0.363  0.123  0.041 -0.051 -0.051
 0.658  1.347  0.363  0.123  0.042 -0.050 -0.050
 0.660  1.347  0.363  0.123  0.043 -0.049 -0.049
 0.662  1.347  0.361  0.122  0.043 -0.048 -0.048
 0.664  1.346  0.361  0.122  0.044 -0.047 -0.047
 0.666  1.346  0.361  0.122  0.045 -0.046 -0.046
 0.668  1.346  0.361  0.122  0.045 -0.044 -0.044
 0.670  1.344  0.361  0.122  0.045 -0.043 -0.043
 0.672  1.344  0.360  0.122  0.046 -0.042 -0.042
 0.674  1.344  0.360  0.122  0.046 -0.041 -0.041
 0.676  1.343  0.360  0.122  0.046 -0.040 -0.040
 0.678  1.343  0.359  0.121  0.047 -0.039 -0.039
 0.680  1.343  0.359  0.121  0.047 -0.037 -0.037
 0.682  1.343  0.357  0.121  0.047 -0.036 -0.036
 0.684  1.342  0.357  0.121  0.047 -0.034 -0.034
 0.686  1.342  0.357  0.120  0.048 -0.034 -0.034
 0.688  1.342  0.356  0.120  0.048 -0.032 -0.032
 0.690  1.341  0.356  0.120  0.048 -0.031 -0.031
 0.692  1.341  0.354  0.119  0.048 -0.030 -0.030
 0.694  1.341  0.354  0.119  0.048 -0.028 -0.028
 0.696  1.340  0.353  0.119  0.048 -0.027 -0.027
 0.698  1.340  0.352  0.118  0.048 -0.025 -0.025
 0.700  1.340  0.352  0.118  0.048 -0.024 -0.024
 0.702  1.338  0.350  0.117  0.048 -0.023 -0.023
 0.704  1.338  0.349  0.117  0.047 -0.021 -0.021
 0.706  1.338  0.349  0.117  0.047 -0.020 -0.020
 0.708  1.338  0.348  0.116  0.047 -0.018 -0.018
 0.710  1.337  0.346  0.115  0.046 -0.017 -0.017
 0.712  1.337  0.345  0.115  0.046 -0.016 -0.016
 0.714  1.337  0.343  0.114  0.045 -0.014 -0.014
 0.716  1.336  0.343  0.114  0.045 -0.013 -0.013
 0.718  1.336  0.342  0.113  0.045 -0.011 -0.011
 0.720  1.336  0.341  0.112  0.044 -0.009 -0.009
 0.722  1.336  0.339  0.112  0.043 -0.008 -0.008
 0.724  1.335  0.338  0.111  0.042 -0.006 -0.006
 0.726  1.335  0.336  0.111  0.041 -0.004 -0.004
 0.728  1.335  0.335  0.110  0.041 -0.002 -0.002
 0.730  1.335  0.335  0.110  0.040  0.000  0.000
 0.732  1.333  0.334  0.110  0.040  0.003  0.003
 0.734  1.333  0.332  0.110  0.039  0.005  0.005
 0.736  1.333  0.332  0.110  0.039  0.007  0.007
 0.738  1.333  0.332  0.110  0.039  0.010  0.010
 0.740  1.332  0.331  0.110  0.038  0.013  0.013
 0.742  1.332  0.331  0.110  0.039  0.016  0.016
 0.744  1.332  0.331  0.111  0.039  0.019  0.019
 0.746  1.332  0.331  0.111  0.040  0.021  0.021
 0.748  1.332  0.331  0.112  0.040  0.025  0.025
 0.750  1.332  0.331  0.113  0.041  0.028  0.028
 0.752  1.331  0.332  0.113  0.043  0.031  0.031
 0.754  1.331  0.332  0.114  0.044  0.035  0.035
 0.756  1.331  0.332  0.115  0.045  0.037  0.037
 0.758  1.331  0.334  0.116  0.048  0.041  0.041
 0.760  1.331  0.334  0.117  0.050  0.044  0.044
 0.762  1.331  0.335  0.119  0.052  0.049  0.049
 0.764  1.331  0.336  0.120  0.055  0.052  0.052
 0.766  1.331  0.338  0.122  0.058  0.056  0.056
 0.768  1.331  0.339  0.123  0.060  0.060  0.060
 0.770  1.331  0.341  0.125  0.063  0.065  0.065
 0.772  1.331  0.342  0.127  0.066  0.069  0.069
 0.774  1.331  0.345  0.129  0.070  0.074  0.074
 0.776  1.330  0.346  0.131  0.073  0.079  0.079
 0.778  1.330  0.349  0.133  0.077  0.083  0.083
 0.780  1.330  0.350  0.136  0.081  0.088  0.088
 0.782  1.330  0.353  0.138  0.086  0.093  0.093
 0.784  1.330  0.356  0.141  0.090  0.098  0.098
 0.786  1.330  0.359  0.143  0.094  0.103  0.103
 0.788  1.330  0.360  0.147  0.100  0.107  0.107
 0.790  1.331  0.363  0.149  0.104  0.112  0.112
 0.792  1.331  0.366  0.152  0.110  0.116  0.116
 0.794  1.332  0.368  0.155  0.115  0.120  0.120
 0.796  1.332  0.373  0.158  0.121  0.124  0.124
 0.798  1.333  0.375  0.160  0.127  0.127  0.127
 0.800  1.335  0.378  0.163  0.133  0.131  0.131
 0.802  1.336  0.381  0.166  0.139  0.134  0.134
 0.804  1.337  0.384  0.169  0.145  0.136  0.136
 0.806  1.338  0.386  0.172  0.150  0.138  0.138
 0.808  1.341  0.389  0.174  0.156  0.140  0.140
 0.810  1.342  0.393  0.177  0.161  0.141  0.141
 0.812  1.344  0.396  0.180  0.165  0.142  0.142
 0.814  1.347  0.399  0.182  0.170  0.143  0.143
 0.816  1.349  0.402  0.185  0.174  0.143  0.143
 0.818  1.352  0.405  0.187  0.177  0.143  0.143
 0.820  1.355  0.406  0.190  0.181  0.142  0.142
 0.822  1.358  0.409  0.193  0.183  0.141  0.141
 0.824  1.361  0.411  0.196  0.185  0.139  0.139
 0.826  1.365  0.414  0.198  0.188  0.137  0.137
 0.828  1.369  0.416  0.200  0.190  0.135  0.135
 0.830  1.372  0.418  0.202  0.190  0.133  0.133
 0.832  1.376  0.420  0.204  0.191  0.130  0.130
 0.834  1.381  0.421  0.206  0.192  0.127  0.127
 0.836  1.385  0.423  0.208  0.192  0.123  0.123
 0.838  1.389  0.424  0.209  0.192  0.119  0.119
 0.840  1.394  0.427  0.211  0.191  0.115  0.115
 0.842  1.399  0.428  0.213  0.190  0.110  0.110
 0.844  1.404  0.430  0.214  0.190  0.105  0.105
 0.846  1.410  0.431  0.216  0.188  0.100  0.100
 0.848  1.415  0.432  0.218  0.186  0.094  0.094
 0.850  1.421  0.434  0.220  0.183  0.088  0.088
 0.852  1.427  0.436  0.221  0.181  0.081  0.081
 0.854  1.433  0.438  0.224  0.177  0.074  0.074
 0.856  1.440  0.441  0.226  0.174  0.067  0.067
 0.858  1.446  0.442  0.227  0.170  0.060  0.060
 0.860  1.451  0.443  0.229  0.166  0.052  0.052
 0.862  1.456  0.445  0.231  0.162  0.044  0.044
 0.864  1.461  0.446  0.232  0.156  0.035  0.035
 0.866  1.465  0.446  0.232  0.151  0.027  0.027
 0.868  1.467  0.446  0.232  0.145  0.018  0.018
 0.870  1.468  0.445  0.231  0.140  0.010  0.010
 0.872  1.468  0.442  0.230  0.133  0.000  0.000
 0.874  1.466  0.439  0.227  0.126 -0.009 -0.009
 0.876  1.463  0.435  0.224  0.119 -0.018 -0.018
 0.878  1.459  0.430  0.220  0.112 -0.027 -0.027
 0.880  1.453  0.424  0.215  0.104 -0.037 -0.037
 0.882  1.445  0.417  0.209  0.095 -0.047 -0.047
 0.884  1.437  0.407  0.203  0.087 -0.057 -0.057
 0.886  1.427  0.398  0.195  0.077 -0.066 -0.066
 0.888  1.416  0.388  0.186  0.067 -0.076 -0.076
 0.890  1.404  0.375  0.177  0.058 -0.087 -0.087
 0.892  1.392  0.361  0.167  0.047 -0.096 -0.096
 0.894  1.377  0.348  0.156  0.036 -0.107 -0.107
 0.896  1.363  0.331  0.143  0.025 -0.117 -0.117
 0.898  1.347  0.314  0.131  0.013 -0.129 -0.129
 0.900  1.330  0.296  0.117  0.000 -0.139 -0.139
 0.902  1.312  0.277  0.103 -0.012 -0.150 -0.150
 0.904  1.291  0.254  0.086 -0.025 -0.161 -0.161
 0.906  1.270  0.234  0.070 -0.038 -0.172 -0.172
 0.908  1.247  0.210  0.052 -0.052 -0.184 -0.184
 0.910  1.223  0.185  0.033 -0.067 -0.196 -0.196
 0.912  1.197  0.159  0.014 -0.081 -0.208 -0.208
 0.914  1.169  0.132 -0.007 -0.096 -0.220 -0.220
 0.916  1.140  0.103 -0.028 -0.112 -0.232 -0.232
 0.918  1.110  0.074 -0.051 -0.127 -0.245 -0.245
 0.920  1.080  0.043 -0.074 -0.143 -0.258 -0.258
 0.922  1.047  0.011 -0.099 -0.160 -0.270 -0.270
 0.924  1.014 -0.022 -0.123 -0.176 -0.283 -0.283
 0.926  0.980 -0.057 -0.150 -0.194 -0.296 -0.296
 0.928  0.946 -0.092 -0.176 -0.212 -0.309 -0.309
 0.930  0.911 -0.128 -0.203 -0.231 -0.321 -0.321
 0.932  0.877 -0.165 -0.232 -0.250 -0.334 -0.334
 0.934  0.843 -0.204 -0.260 -0.269 -0.346 -0.346
 0.936  0.809 -0.243 -0.289 -0.290 -0.358 -0.358
 0.938  0.775 -0.283 -0.318 -0.310 -0.370 -0.370
 0.940  0.742 -0.324 -0.347 -0.331 -0.382 -0.382
 0.942  0.709 -0.363 -0.376 -0.352 -0.394 -0.394
 0.944  0.677 -0.403 -0.404 -0.373 -0.404 -0.404
 0.946  0.647 -0.442 -0.432 -0.393 -0.415 -0.415
 0.948  0.617 -0.479 -0.459 -0.413 -0.426 -0.426
 0.950  0.589 -0.515 -0.485 -0.433 -0.435 -0.435
 0.952  0.562 -0.550 -0.510 -0.452 -0.445 -0.445
 0.954  0.535 -0.582 -0.533 -0.470 -0.454 -0.454
 0.956  0.511 -0.613 -0.555 -0.488 -0.463 -0.463
 0.958  0.488 -0.642 -0.576 -0.505 -0.471 -0.471
 0.960  0.467 -0.670 -0.596 -0.521 -0.479 -0.479
 0.962  0.447 -0.696 -0.614 -0.536 -0.486 -0.486
 0.964  0.427 -0.721 -0.631 -0.551 -0.493 -0.493
 0.966  0.409 -0.745 -0.648 -0.564 -0.500 -0.500
 0.968  0.392 -0.766 -0.664 -0.577 -0.505 -0.505
 0.970  0.375 -0.786 -0.678 -0.590 -0.511 -0.511
 0.972  0.360 -0.807 -0.693 -0.602 -0.517 -0.517
 0.974  0.346 -0.825 -0.706 -0.612 -0.522 -0.522
 0.976  0.332 -0.842 -0.718 -0.623 -0.527 -0.527
 0.978  0.319 -0.859 -0.729 -0.631 -0.531 -0.531
 0.980  0.308 -0.874 -0.741 -0.640 -0.535 -0.535
 0.982  0.297 -0.888 -0.750 -0.648 -0.539 -0.539
 0.984  0.287 -0.900 -0.759 -0.655 -0.542 -0.542
 0.986  0.279 -0.911 -0.767 -0.661 -0.546 -0.546
 0.988  0.272 -0.921 -0.773 -0.666 -0.548 -0.548
 0.990  0.266 -0.928 -0.779 -0.671 -0.550 -0.550
 0.992  0.261 -0.935 -0.784 -0.674 -0.552 -0.552
 0.994  0.257 -0.939 -0.787 -0.677 -0.553 -0.553
 0.996  0.255 -0.942 -0.789 -0.679 -0.554 -0.554
 0.998  0.253 -0.943 -0.790 -0.680 -0.555 -0.555
