# IsPeriodic    : True
# Period        : 0.641976 days
# Normalization : <g_mag>=0
# 
# Phase u_mag  g_mag  r_mag  i_mag  z_mag  y_mag
0 1.001 -0.178 -0.338 -0.402 -0.404 -0.404
0.00128395 1.001 -0.178 -0.338 -0.402 -0.404 -0.404
0.0025679 1.001 -0.178 -0.338 -0.402 -0.404 -0.404
0.00385186 1.002 -0.178 -0.338 -0.402 -0.403 -0.403
0.00513581 1.002 -0.178 -0.338 -0.402 -0.403 -0.403
0.00641976 1.002 -0.178 -0.338 -0.401 -0.403 -0.403
0.00770371 1.003 -0.178 -0.337 -0.401 -0.402 -0.402
0.00898766 1.003 -0.177 -0.337 -0.401 -0.402 -0.402
0.0102716 1.004 -0.177 -0.337 -0.400 -0.402 -0.402
0.0115556 1.004 -0.176 -0.337 -0.400 -0.401 -0.401
0.0128395 1.005 -0.176 -0.337 -0.400 -0.400 -0.400
0.0141235 1.006 -0.175 -0.336 -0.399 -0.400 -0.400
0.0154074 1.007 -0.175 -0.336 -0.399 -0.399 -0.399
0.0166914 1.007 -0.174 -0.335 -0.398 -0.399 -0.399
0.0179753 1.008 -0.174 -0.335 -0.398 -0.398 -0.398
0.0192593 1.009 -0.173 -0.335 -0.397 -0.398 -0.398
0.0205432 1.010 -0.172 -0.334 -0.397 -0.397 -0.397
0.0218272 1.010 -0.172 -0.334 -0.397 -0.397 -0.397
0.0231111 1.011 -0.171 -0.333 -0.396 -0.396 -0.396
0.0243951 1.012 -0.170 -0.333 -0.396 -0.396 -0.396
0.025679 1.013 -0.169 -0.332 -0.395 -0.395 -0.395
0.026963 1.014 -0.169 -0.331 -0.395 -0.395 -0.395
0.0282469 1.015 -0.168 -0.331 -0.394 -0.395 -0.395
0.0295309 1.016 -0.167 -0.330 -0.394 -0.394 -0.394
0.0308148 1.017 -0.166 -0.329 -0.393 -0.394 -0.394
0.0320988 1.018 -0.165 -0.329 -0.393 -0.393 -0.393
0.0333828 1.019 -0.164 -0.328 -0.392 -0.393 -0.393
0.0346667 1.020 -0.163 -0.327 -0.392 -0.392 -0.392
0.0359507 1.022 -0.162 -0.326 -0.392 -0.392 -0.392
0.0372346 1.023 -0.161 -0.325 -0.391 -0.392 -0.392
0.0385186 1.024 -0.159 -0.325 -0.391 -0.391 -0.391
0.0398025 1.025 -0.158 -0.324 -0.390 -0.391 -0.391
0.0410865 1.026 -0.157 -0.323 -0.390 -0.390 -0.390
0.0423704 1.028 -0.156 -0.322 -0.389 -0.390 -0.390
0.0436544 1.029 -0.154 -0.321 -0.389 -0.389 -0.389
0.0449383 1.031 -0.153 -0.320 -0.388 -0.389 -0.389
0.0462223 1.032 -0.151 -0.319 -0.388 -0.388 -0.388
0.0475062 1.033 -0.150 -0.318 -0.387 -0.388 -0.388
0.0487902 1.035 -0.149 -0.317 -0.387 -0.388 -0.388
0.0500741 1.037 -0.147 -0.316 -0.386 -0.387 -0.387
0.0513581 1.038 -0.146 -0.315 -0.386 -0.387 -0.387
0.052642 1.040 -0.144 -0.313 -0.385 -0.387 -0.387
0.053926 1.041 -0.143 -0.312 -0.385 -0.386 -0.386
0.0552099 1.042 -0.142 -0.311 -0.384 -0.386 -0.386
0.0564939 1.044 -0.140 -0.310 -0.384 -0.385 -0.385
0.0577778 1.045 -0.139 -0.310 -0.384 -0.385 -0.385
0.0590618 1.047 -0.137 -0.309 -0.383 -0.384 -0.384
0.0603457 1.048 -0.136 -0.308 -0.382 -0.384 -0.384
0.0616297 1.050 -0.135 -0.307 -0.382 -0.383 -0.383
0.0629136 1.052 -0.133 -0.306 -0.382 -0.383 -0.383
0.0641976 1.053 -0.132 -0.305 -0.381 -0.383 -0.383
0.0654816 1.054 -0.131 -0.304 -0.381 -0.382 -0.382
0.0667655 1.056 -0.129 -0.303 -0.380 -0.382 -0.382
0.0680495 1.057 -0.128 -0.303 -0.379 -0.381 -0.381
0.0693334 1.059 -0.127 -0.302 -0.379 -0.381 -0.381
0.0706174 1.060 -0.125 -0.301 -0.378 -0.380 -0.380
0.0719013 1.062 -0.124 -0.300 -0.378 -0.380 -0.380
0.0731853 1.063 -0.123 -0.299 -0.377 -0.379 -0.379
0.0744692 1.065 -0.121 -0.299 -0.377 -0.379 -0.379
0.0757532 1.066 -0.120 -0.298 -0.376 -0.378 -0.378
0.0770371 1.067 -0.119 -0.297 -0.375 -0.377 -0.377
0.0783211 1.069 -0.117 -0.296 -0.375 -0.377 -0.377
0.079605 1.071 -0.116 -0.296 -0.374 -0.376 -0.376
0.080889 1.072 -0.115 -0.295 -0.373 -0.376 -0.376
0.0821729 1.073 -0.113 -0.294 -0.373 -0.375 -0.375
0.0834569 1.075 -0.112 -0.294 -0.372 -0.374 -0.374
0.0847408 1.076 -0.111 -0.293 -0.371 -0.374 -0.374
0.0860248 1.078 -0.110 -0.293 -0.371 -0.373 -0.373
0.0873087 1.079 -0.108 -0.292 -0.370 -0.372 -0.372
0.0885927 1.081 -0.107 -0.291 -0.369 -0.372 -0.372
0.0898766 1.082 -0.106 -0.291 -0.369 -0.371 -0.371
0.0911606 1.083 -0.105 -0.290 -0.368 -0.370 -0.370
0.0924445 1.085 -0.104 -0.290 -0.368 -0.370 -0.370
0.0937285 1.086 -0.102 -0.289 -0.367 -0.369 -0.369
0.0950124 1.088 -0.101 -0.289 -0.366 -0.368 -0.368
0.0962964 1.089 -0.100 -0.288 -0.365 -0.368 -0.368
0.0975804 1.090 -0.099 -0.288 -0.365 -0.367 -0.367
0.0988643 1.092 -0.098 -0.287 -0.364 -0.366 -0.366
0.100148 1.094 -0.096 -0.287 -0.363 -0.365 -0.365
0.101432 1.095 -0.095 -0.286 -0.362 -0.364 -0.364
0.102716 1.096 -0.094 -0.286 -0.362 -0.364 -0.364
0.104 1.098 -0.093 -0.285 -0.361 -0.363 -0.363
0.105284 1.099 -0.092 -0.284 -0.360 -0.362 -0.362
0.106568 1.100 -0.090 -0.284 -0.359 -0.362 -0.362
0.107852 1.102 -0.089 -0.283 -0.359 -0.361 -0.361
0.109136 1.103 -0.088 -0.283 -0.358 -0.360 -0.360
0.11042 1.105 -0.086 -0.282 -0.357 -0.360 -0.360
0.111704 1.106 -0.085 -0.281 -0.356 -0.359 -0.359
0.112988 1.107 -0.084 -0.281 -0.356 -0.358 -0.358
0.114272 1.109 -0.083 -0.280 -0.355 -0.358 -0.358
0.115556 1.110 -0.081 -0.279 -0.354 -0.357 -0.357
0.11684 1.111 -0.080 -0.279 -0.354 -0.356 -0.356
0.118124 1.113 -0.079 -0.278 -0.353 -0.356 -0.356
0.119408 1.114 -0.077 -0.277 -0.353 -0.355 -0.355
0.120691 1.115 -0.076 -0.277 -0.352 -0.355 -0.355
0.121975 1.117 -0.075 -0.276 -0.351 -0.354 -0.354
0.123259 1.118 -0.073 -0.275 -0.351 -0.354 -0.354
0.124543 1.119 -0.072 -0.274 -0.350 -0.353 -0.353
0.125827 1.121 -0.071 -0.274 -0.349 -0.352 -0.352
0.127111 1.122 -0.069 -0.273 -0.349 -0.352 -0.352
0.128395 1.123 -0.068 -0.272 -0.348 -0.351 -0.351
0.129679 1.125 -0.067 -0.271 -0.348 -0.351 -0.351
0.130963 1.126 -0.065 -0.271 -0.347 -0.350 -0.350
0.132247 1.127 -0.064 -0.270 -0.347 -0.350 -0.350
0.133531 1.128 -0.063 -0.269 -0.346 -0.349 -0.349
0.134815 1.129 -0.061 -0.268 -0.346 -0.349 -0.349
0.136099 1.131 -0.060 -0.267 -0.345 -0.349 -0.349
0.137383 1.132 -0.058 -0.266 -0.345 -0.348 -0.348
0.138667 1.133 -0.057 -0.265 -0.344 -0.348 -0.348
0.139951 1.135 -0.056 -0.265 -0.344 -0.347 -0.347
0.141235 1.136 -0.054 -0.264 -0.343 -0.347 -0.347
0.142519 1.137 -0.053 -0.263 -0.343 -0.347 -0.347
0.143803 1.138 -0.051 -0.262 -0.342 -0.346 -0.346
0.145087 1.140 -0.050 -0.261 -0.342 -0.346 -0.346
0.146371 1.141 -0.049 -0.260 -0.341 -0.345 -0.345
0.147654 1.142 -0.047 -0.260 -0.341 -0.345 -0.345
0.148938 1.143 -0.046 -0.259 -0.340 -0.345 -0.345
0.150222 1.144 -0.044 -0.258 -0.340 -0.344 -0.344
0.151506 1.146 -0.043 -0.257 -0.339 -0.344 -0.344
0.15279 1.147 -0.042 -0.256 -0.339 -0.344 -0.344
0.154074 1.148 -0.040 -0.255 -0.339 -0.343 -0.343
0.155358 1.149 -0.039 -0.254 -0.338 -0.343 -0.343
0.156642 1.150 -0.038 -0.254 -0.338 -0.342 -0.342
0.157926 1.151 -0.036 -0.253 -0.337 -0.342 -0.342
0.15921 1.152 -0.035 -0.252 -0.337 -0.342 -0.342
0.160494 1.154 -0.033 -0.251 -0.336 -0.341 -0.341
0.161778 1.155 -0.032 -0.250 -0.336 -0.341 -0.341
0.163062 1.156 -0.030 -0.249 -0.335 -0.340 -0.340
0.164346 1.157 -0.029 -0.248 -0.335 -0.340 -0.340
0.16563 1.158 -0.028 -0.247 -0.334 -0.339 -0.339
0.166914 1.159 -0.026 -0.247 -0.334 -0.339 -0.339
0.168198 1.160 -0.025 -0.246 -0.333 -0.338 -0.338
0.169482 1.161 -0.024 -0.245 -0.332 -0.338 -0.338
0.170766 1.163 -0.022 -0.244 -0.332 -0.338 -0.338
0.17205 1.164 -0.021 -0.243 -0.331 -0.337 -0.337
0.173334 1.165 -0.019 -0.242 -0.331 -0.337 -0.337
0.174617 1.166 -0.018 -0.241 -0.330 -0.336 -0.336
0.175901 1.167 -0.017 -0.240 -0.330 -0.336 -0.336
0.177185 1.168 -0.015 -0.240 -0.329 -0.335 -0.335
0.178469 1.169 -0.014 -0.239 -0.328 -0.335 -0.335
0.179753 1.170 -0.013 -0.238 -0.328 -0.334 -0.334
0.181037 1.171 -0.011 -0.237 -0.327 -0.333 -0.333
0.182321 1.172 -0.010 -0.236 -0.326 -0.333 -0.333
0.183605 1.173 -0.009 -0.235 -0.326 -0.332 -0.332
0.184889 1.174 -0.007 -0.234 -0.325 -0.332 -0.332
0.186173 1.175 -0.006 -0.233 -0.325 -0.331 -0.331
0.187457 1.176 -0.005 -0.233 -0.324 -0.331 -0.331
0.188741 1.177 -0.003 -0.232 -0.323 -0.330 -0.330
0.190025 1.178 -0.002 -0.231 -0.323 -0.329 -0.329
0.191309 1.179 -0.001 -0.230 -0.322 -0.329 -0.329
0.192593 1.180 0.001 -0.229 -0.321 -0.328 -0.328
0.193877 1.181 0.002 -0.228 -0.321 -0.328 -0.328
0.195161 1.182 0.003 -0.228 -0.320 -0.327 -0.327
0.196445 1.183 0.004 -0.227 -0.319 -0.326 -0.326
0.197729 1.184 0.005 -0.226 -0.318 -0.326 -0.326
0.199013 1.185 0.007 -0.225 -0.318 -0.325 -0.325
0.200297 1.186 0.008 -0.224 -0.317 -0.325 -0.325
0.20158 1.187 0.009 -0.224 -0.316 -0.324 -0.324
0.202864 1.188 0.010 -0.223 -0.316 -0.324 -0.324
0.204148 1.189 0.011 -0.222 -0.315 -0.323 -0.323
0.205432 1.190 0.012 -0.221 -0.314 -0.323 -0.323
0.206716 1.191 0.013 -0.221 -0.313 -0.322 -0.322
0.208 1.192 0.014 -0.220 -0.313 -0.322 -0.322
0.209284 1.193 0.016 -0.219 -0.312 -0.321 -0.321
0.210568 1.194 0.017 -0.218 -0.311 -0.321 -0.321
0.211852 1.195 0.018 -0.218 -0.311 -0.320 -0.320
0.213136 1.196 0.019 -0.217 -0.310 -0.320 -0.320
0.21442 1.197 0.020 -0.216 -0.310 -0.319 -0.319
0.215704 1.197 0.021 -0.215 -0.309 -0.319 -0.319
0.216988 1.199 0.022 -0.215 -0.308 -0.318 -0.318
0.218272 1.200 0.023 -0.214 -0.308 -0.318 -0.318
0.219556 1.201 0.024 -0.213 -0.307 -0.317 -0.317
0.22084 1.201 0.025 -0.213 -0.306 -0.317 -0.317
0.222124 1.202 0.025 -0.212 -0.306 -0.316 -0.316
0.223408 1.203 0.026 -0.211 -0.305 -0.316 -0.316
0.224692 1.204 0.027 -0.211 -0.304 -0.316 -0.316
0.225976 1.205 0.028 -0.210 -0.304 -0.315 -0.315
0.22726 1.206 0.029 -0.209 -0.303 -0.315 -0.315
0.228543 1.207 0.030 -0.209 -0.302 -0.314 -0.314
0.229827 1.208 0.031 -0.208 -0.302 -0.314 -0.314
0.231111 1.209 0.031 -0.207 -0.301 -0.313 -0.313
0.232395 1.210 0.032 -0.207 -0.300 -0.313 -0.313
0.233679 1.211 0.033 -0.206 -0.300 -0.313 -0.313
0.234963 1.212 0.034 -0.206 -0.299 -0.312 -0.312
0.236247 1.213 0.035 -0.205 -0.299 -0.312 -0.312
0.237531 1.214 0.036 -0.204 -0.298 -0.311 -0.311
0.238815 1.215 0.036 -0.204 -0.297 -0.311 -0.311
0.240099 1.216 0.037 -0.203 -0.297 -0.311 -0.311
0.241383 1.216 0.038 -0.202 -0.296 -0.310 -0.310
0.242667 1.217 0.039 -0.202 -0.296 -0.310 -0.310
0.243951 1.218 0.040 -0.201 -0.295 -0.310 -0.310
0.245235 1.219 0.040 -0.200 -0.294 -0.309 -0.309
0.246519 1.220 0.041 -0.200 -0.294 -0.309 -0.309
0.247803 1.221 0.042 -0.199 -0.293 -0.308 -0.308
0.249087 1.222 0.043 -0.198 -0.293 -0.308 -0.308
0.250371 1.223 0.044 -0.198 -0.292 -0.308 -0.308
0.251655 1.223 0.045 -0.197 -0.291 -0.307 -0.307
0.252939 1.224 0.046 -0.196 -0.291 -0.307 -0.307
0.254222 1.225 0.047 -0.196 -0.290 -0.306 -0.306
0.255506 1.226 0.048 -0.195 -0.290 -0.306 -0.306
0.25679 1.226 0.048 -0.194 -0.289 -0.305 -0.305
0.258074 1.227 0.049 -0.194 -0.289 -0.305 -0.305
0.259358 1.228 0.050 -0.193 -0.288 -0.305 -0.305
0.260642 1.229 0.051 -0.192 -0.287 -0.304 -0.304
0.261926 1.229 0.052 -0.192 -0.287 -0.304 -0.304
0.26321 1.230 0.053 -0.191 -0.286 -0.303 -0.303
0.264494 1.231 0.054 -0.190 -0.286 -0.303 -0.303
0.265778 1.231 0.055 -0.189 -0.285 -0.302 -0.302
0.267062 1.232 0.056 -0.189 -0.285 -0.302 -0.302
0.268346 1.233 0.057 -0.188 -0.284 -0.301 -0.301
0.26963 1.233 0.058 -0.187 -0.283 -0.301 -0.301
0.270914 1.234 0.059 -0.187 -0.283 -0.300 -0.300
0.272198 1.235 0.060 -0.186 -0.283 -0.300 -0.300
0.273482 1.235 0.061 -0.185 -0.282 -0.299 -0.299
0.274766 1.236 0.062 -0.184 -0.282 -0.299 -0.299
0.27605 1.236 0.063 -0.184 -0.281 -0.298 -0.298
0.277334 1.237 0.064 -0.183 -0.280 -0.298 -0.298
0.278618 1.238 0.065 -0.182 -0.280 -0.297 -0.297
0.279902 1.238 0.066 -0.182 -0.279 -0.297 -0.297
0.281185 1.239 0.067 -0.181 -0.279 -0.296 -0.296
0.282469 1.239 0.068 -0.180 -0.278 -0.296 -0.296
0.283753 1.240 0.069 -0.180 -0.278 -0.295 -0.295
0.285037 1.241 0.070 -0.179 -0.277 -0.295 -0.295
0.286321 1.241 0.071 -0.178 -0.277 -0.294 -0.294
0.287605 1.242 0.071 -0.178 -0.276 -0.294 -0.294
0.288889 1.242 0.072 -0.177 -0.276 -0.293 -0.293
0.290173 1.243 0.073 -0.177 -0.275 -0.293 -0.293
0.291457 1.244 0.074 -0.176 -0.275 -0.292 -0.292
0.292741 1.244 0.075 -0.175 -0.274 -0.292 -0.292
0.294025 1.245 0.076 -0.175 -0.274 -0.291 -0.291
0.295309 1.246 0.077 -0.174 -0.273 -0.291 -0.291
0.296593 1.246 0.078 -0.174 -0.273 -0.290 -0.290
0.297877 1.247 0.078 -0.173 -0.272 -0.290 -0.290
0.299161 1.247 0.079 -0.173 -0.272 -0.289 -0.289
0.300445 1.248 0.080 -0.172 -0.271 -0.289 -0.289
0.301729 1.249 0.080 -0.172 -0.271 -0.288 -0.288
0.303013 1.250 0.081 -0.171 -0.270 -0.288 -0.288
0.304297 1.250 0.082 -0.171 -0.270 -0.287 -0.287
0.305581 1.251 0.083 -0.170 -0.269 -0.287 -0.287
0.306865 1.251 0.083 -0.170 -0.269 -0.287 -0.287
0.308148 1.252 0.084 -0.170 -0.268 -0.286 -0.286
0.309432 1.253 0.085 -0.169 -0.268 -0.286 -0.286
0.310716 1.254 0.085 -0.169 -0.267 -0.285 -0.285
0.312 1.254 0.086 -0.168 -0.267 -0.285 -0.285
0.313284 1.255 0.087 -0.168 -0.267 -0.285 -0.285
0.314568 1.256 0.087 -0.168 -0.266 -0.284 -0.284
0.315852 1.256 0.088 -0.168 -0.265 -0.284 -0.284
0.317136 1.257 0.088 -0.167 -0.265 -0.284 -0.284
0.31842 1.258 0.089 -0.167 -0.265 -0.283 -0.283
0.319704 1.259 0.089 -0.167 -0.264 -0.283 -0.283
0.320988 1.259 0.090 -0.166 -0.263 -0.283 -0.283
0.322272 1.260 0.090 -0.166 -0.263 -0.282 -0.282
0.323556 1.261 0.091 -0.166 -0.263 -0.282 -0.282
0.32484 1.262 0.091 -0.165 -0.262 -0.282 -0.282
0.326124 1.262 0.092 -0.165 -0.262 -0.281 -0.281
0.327408 1.263 0.092 -0.165 -0.261 -0.281 -0.281
0.328692 1.264 0.093 -0.165 -0.261 -0.281 -0.281
0.329976 1.264 0.093 -0.165 -0.260 -0.280 -0.280
0.33126 1.265 0.094 -0.164 -0.260 -0.280 -0.280
0.332544 1.265 0.094 -0.164 -0.259 -0.280 -0.280
0.333828 1.266 0.095 -0.164 -0.259 -0.279 -0.279
0.335111 1.267 0.095 -0.163 -0.258 -0.279 -0.279
0.336395 1.267 0.095 -0.163 -0.258 -0.279 -0.279
0.337679 1.268 0.096 -0.163 -0.257 -0.279 -0.279
0.338963 1.268 0.096 -0.163 -0.257 -0.278 -0.278
0.340247 1.269 0.097 -0.162 -0.256 -0.278 -0.278
0.341531 1.269 0.097 -0.162 -0.256 -0.278 -0.278
0.342815 1.269 0.097 -0.161 -0.255 -0.278 -0.278
0.344099 1.270 0.098 -0.161 -0.255 -0.277 -0.277
0.345383 1.270 0.098 -0.161 -0.255 -0.277 -0.277
0.346667 1.270 0.099 -0.161 -0.254 -0.277 -0.277
0.347951 1.271 0.099 -0.160 -0.254 -0.276 -0.276
0.349235 1.271 0.099 -0.160 -0.253 -0.276 -0.276
0.350519 1.271 0.100 -0.160 -0.253 -0.276 -0.276
0.351803 1.271 0.100 -0.160 -0.253 -0.276 -0.276
0.353087 1.272 0.101 -0.159 -0.252 -0.275 -0.275
0.354371 1.272 0.101 -0.159 -0.252 -0.275 -0.275
0.355655 1.272 0.101 -0.158 -0.251 -0.275 -0.275
0.356939 1.272 0.102 -0.158 -0.251 -0.274 -0.274
0.358223 1.272 0.102 -0.158 -0.251 -0.274 -0.274
0.359507 1.272 0.102 -0.158 -0.250 -0.274 -0.274
0.360791 1.272 0.103 -0.157 -0.250 -0.274 -0.274
0.362074 1.272 0.103 -0.157 -0.250 -0.274 -0.274
0.363358 1.272 0.103 -0.156 -0.249 -0.273 -0.273
0.364642 1.272 0.104 -0.156 -0.249 -0.273 -0.273
0.365926 1.272 0.104 -0.156 -0.248 -0.273 -0.273
0.36721 1.272 0.104 -0.155 -0.248 -0.273 -0.273
0.368494 1.272 0.105 -0.155 -0.248 -0.272 -0.272
0.369778 1.272 0.105 -0.155 -0.247 -0.272 -0.272
0.371062 1.272 0.105 -0.154 -0.247 -0.272 -0.272
0.372346 1.272 0.106 -0.154 -0.247 -0.272 -0.272
0.37363 1.272 0.106 -0.154 -0.246 -0.271 -0.271
0.374914 1.271 0.106 -0.153 -0.246 -0.271 -0.271
0.376198 1.271 0.106 -0.153 -0.246 -0.271 -0.271
0.377482 1.271 0.107 -0.153 -0.245 -0.271 -0.271
0.378766 1.271 0.107 -0.152 -0.245 -0.270 -0.270
0.38005 1.271 0.107 -0.152 -0.245 -0.270 -0.270
0.381334 1.271 0.108 -0.152 -0.244 -0.270 -0.270
0.382618 1.271 0.108 -0.151 -0.244 -0.270 -0.270
0.383902 1.271 0.108 -0.151 -0.244 -0.269 -0.269
0.385186 1.271 0.108 -0.151 -0.243 -0.269 -0.269
0.38647 1.271 0.109 -0.150 -0.243 -0.269 -0.269
0.387754 1.271 0.109 -0.150 -0.243 -0.269 -0.269
0.389037 1.271 0.109 -0.150 -0.242 -0.268 -0.268
0.390321 1.270 0.109 -0.149 -0.242 -0.268 -0.268
0.391605 1.270 0.109 -0.149 -0.242 -0.268 -0.268
0.392889 1.270 0.109 -0.149 -0.242 -0.268 -0.268
0.394173 1.270 0.110 -0.148 -0.241 -0.268 -0.268
0.395457 1.270 0.110 -0.148 -0.241 -0.267 -0.267
0.396741 1.270 0.110 -0.148 -0.241 -0.267 -0.267
0.398025 1.270 0.110 -0.147 -0.240 -0.267 -0.267
0.399309 1.270 0.110 -0.147 -0.240 -0.267 -0.267
0.400593 1.270 0.110 -0.146 -0.240 -0.266 -0.266
0.401877 1.270 0.110 -0.146 -0.240 -0.266 -0.266
0.403161 1.270 0.110 -0.146 -0.239 -0.266 -0.266
0.404445 1.270 0.110 -0.145 -0.239 -0.266 -0.266
0.405729 1.270 0.110 -0.145 -0.239 -0.265 -0.265
0.407013 1.270 0.110 -0.145 -0.239 -0.265 -0.265
0.408297 1.271 0.110 -0.144 -0.239 -0.265 -0.265
0.409581 1.271 0.110 -0.144 -0.238 -0.265 -0.265
0.410865 1.271 0.111 -0.144 -0.238 -0.264 -0.264
0.412149 1.271 0.111 -0.144 -0.238 -0.264 -0.264
0.413433 1.271 0.111 -0.143 -0.237 -0.264 -0.264
0.414716 1.271 0.111 -0.143 -0.237 -0.264 -0.264
0.416 1.271 0.111 -0.143 -0.237 -0.263 -0.263
0.417284 1.271 0.111 -0.142 -0.237 -0.263 -0.263
0.418568 1.271 0.111 -0.142 -0.237 -0.263 -0.263
0.419852 1.271 0.111 -0.141 -0.236 -0.263 -0.263
0.421136 1.271 0.111 -0.141 -0.236 -0.262 -0.262
0.42242 1.272 0.111 -0.141 -0.236 -0.262 -0.262
0.423704 1.272 0.111 -0.140 -0.236 -0.262 -0.262
0.424988 1.272 0.111 -0.140 -0.236 -0.262 -0.262
0.426272 1.272 0.111 -0.139 -0.235 -0.261 -0.261
0.427556 1.272 0.112 -0.139 -0.235 -0.261 -0.261
0.42884 1.272 0.112 -0.138 -0.235 -0.261 -0.261
0.430124 1.272 0.112 -0.138 -0.235 -0.261 -0.261
0.431408 1.272 0.112 -0.138 -0.234 -0.260 -0.260
0.432692 1.273 0.113 -0.137 -0.234 -0.260 -0.260
0.433976 1.273 0.113 -0.136 -0.234 -0.260 -0.260
0.43526 1.273 0.113 -0.136 -0.233 -0.259 -0.259
0.436544 1.273 0.114 -0.136 -0.233 -0.259 -0.259
0.437828 1.273 0.114 -0.135 -0.233 -0.259 -0.259
0.439112 1.273 0.114 -0.134 -0.233 -0.259 -0.259
0.440396 1.273 0.115 -0.134 -0.232 -0.258 -0.258
0.441679 1.273 0.115 -0.133 -0.232 -0.258 -0.258
0.442963 1.273 0.116 -0.133 -0.232 -0.258 -0.258
0.444247 1.274 0.116 -0.132 -0.231 -0.258 -0.258
0.445531 1.274 0.117 -0.132 -0.231 -0.257 -0.257
0.446815 1.274 0.117 -0.131 -0.231 -0.257 -0.257
0.448099 1.274 0.118 -0.130 -0.230 -0.257 -0.257
0.449383 1.274 0.118 -0.130 -0.230 -0.256 -0.256
0.450667 1.275 0.119 -0.129 -0.230 -0.256 -0.256
0.451951 1.275 0.119 -0.128 -0.229 -0.256 -0.256
0.453235 1.275 0.120 -0.128 -0.229 -0.255 -0.255
0.454519 1.275 0.121 -0.127 -0.229 -0.255 -0.255
0.455803 1.275 0.121 -0.126 -0.228 -0.255 -0.255
0.457087 1.276 0.122 -0.126 -0.228 -0.254 -0.254
0.458371 1.276 0.123 -0.125 -0.227 -0.254 -0.254
0.459655 1.276 0.123 -0.124 -0.227 -0.254 -0.254
0.460939 1.276 0.124 -0.124 -0.226 -0.254 -0.254
0.462223 1.276 0.125 -0.123 -0.226 -0.253 -0.253
0.463507 1.277 0.126 -0.122 -0.225 -0.253 -0.253
0.464791 1.277 0.126 -0.122 -0.225 -0.253 -0.253
0.466075 1.277 0.127 -0.121 -0.224 -0.252 -0.252
0.467359 1.277 0.127 -0.121 -0.224 -0.252 -0.252
0.468642 1.278 0.128 -0.121 -0.224 -0.252 -0.252
0.469926 1.278 0.128 -0.120 -0.223 -0.251 -0.251
0.47121 1.279 0.128 -0.120 -0.223 -0.251 -0.251
0.472494 1.279 0.128 -0.120 -0.222 -0.250 -0.250
0.473778 1.280 0.129 -0.120 -0.222 -0.250 -0.250
0.475062 1.280 0.129 -0.120 -0.222 -0.250 -0.250
0.476346 1.281 0.129 -0.120 -0.222 -0.249 -0.249
0.47763 1.281 0.129 -0.121 -0.222 -0.249 -0.249
0.478914 1.282 0.128 -0.121 -0.221 -0.249 -0.249
0.480198 1.283 0.128 -0.121 -0.221 -0.248 -0.248
0.481482 1.283 0.128 -0.121 -0.221 -0.248 -0.248
0.482766 1.284 0.127 -0.122 -0.222 -0.247 -0.247
0.48405 1.284 0.127 -0.122 -0.222 -0.247 -0.247
0.485334 1.285 0.126 -0.123 -0.222 -0.247 -0.247
0.486618 1.286 0.126 -0.124 -0.222 -0.246 -0.246
0.487902 1.287 0.125 -0.124 -0.223 -0.246 -0.246
0.489186 1.287 0.125 -0.125 -0.223 -0.245 -0.245
0.49047 1.288 0.124 -0.126 -0.224 -0.245 -0.245
0.491754 1.289 0.123 -0.127 -0.224 -0.244 -0.244
0.493038 1.290 0.122 -0.128 -0.225 -0.244 -0.244
0.494322 1.291 0.121 -0.129 -0.225 -0.243 -0.243
0.495605 1.292 0.120 -0.130 -0.226 -0.243 -0.243
0.496889 1.293 0.119 -0.131 -0.227 -0.242 -0.242
0.498173 1.294 0.118 -0.132 -0.228 -0.241 -0.241
0.499457 1.295 0.117 -0.134 -0.229 -0.241 -0.241
0.500741 1.296 0.116 -0.135 -0.229 -0.240 -0.240
0.502025 1.298 0.114 -0.136 -0.230 -0.240 -0.240
0.503309 1.299 0.113 -0.138 -0.231 -0.239 -0.239
0.504593 1.300 0.111 -0.139 -0.233 -0.239 -0.239
0.505877 1.301 0.110 -0.141 -0.234 -0.238 -0.238
0.507161 1.302 0.108 -0.143 -0.235 -0.237 -0.237
0.508445 1.303 0.106 -0.145 -0.236 -0.237 -0.237
0.509729 1.304 0.105 -0.146 -0.238 -0.236 -0.236
0.511013 1.305 0.103 -0.148 -0.239 -0.236 -0.236
0.512297 1.305 0.101 -0.150 -0.241 -0.235 -0.235
0.513581 1.306 0.099 -0.152 -0.242 -0.234 -0.234
0.514865 1.307 0.096 -0.154 -0.244 -0.234 -0.234
0.516149 1.307 0.094 -0.156 -0.246 -0.234 -0.234
0.517433 1.307 0.092 -0.158 -0.247 -0.233 -0.233
0.518717 1.307 0.090 -0.161 -0.249 -0.233 -0.233
0.520001 1.307 0.087 -0.163 -0.251 -0.233 -0.233
0.521285 1.307 0.084 -0.165 -0.252 -0.233 -0.233
0.522568 1.307 0.082 -0.168 -0.254 -0.233 -0.233
0.523852 1.307 0.079 -0.170 -0.256 -0.233 -0.233
0.525136 1.306 0.076 -0.172 -0.258 -0.233 -0.233
0.52642 1.305 0.073 -0.175 -0.259 -0.234 -0.234
0.527704 1.304 0.070 -0.177 -0.261 -0.234 -0.234
0.528988 1.303 0.067 -0.180 -0.263 -0.235 -0.235
0.530272 1.302 0.064 -0.183 -0.265 -0.235 -0.235
0.531556 1.301 0.060 -0.185 -0.267 -0.236 -0.236
0.53284 1.300 0.057 -0.188 -0.269 -0.237 -0.237
0.534124 1.298 0.054 -0.191 -0.271 -0.238 -0.238
0.535408 1.297 0.050 -0.194 -0.272 -0.239 -0.239
0.536692 1.295 0.046 -0.197 -0.274 -0.240 -0.240
0.537976 1.293 0.043 -0.200 -0.276 -0.241 -0.241
0.53926 1.291 0.039 -0.203 -0.278 -0.243 -0.243
0.540544 1.289 0.035 -0.206 -0.280 -0.244 -0.244
0.541828 1.287 0.031 -0.209 -0.282 -0.246 -0.246
0.543112 1.284 0.027 -0.212 -0.284 -0.247 -0.247
0.544396 1.282 0.023 -0.216 -0.286 -0.249 -0.249
0.54568 1.279 0.018 -0.219 -0.289 -0.251 -0.251
0.546964 1.277 0.014 -0.222 -0.291 -0.253 -0.253
0.548248 1.273 0.009 -0.226 -0.293 -0.255 -0.255
0.549531 1.270 0.005 -0.229 -0.295 -0.257 -0.257
0.550815 1.267 0.000 -0.233 -0.297 -0.260 -0.260
0.552099 1.264 -0.004 -0.236 -0.299 -0.262 -0.262
0.553383 1.261 -0.009 -0.240 -0.301 -0.265 -0.265
0.554667 1.257 -0.014 -0.243 -0.304 -0.267 -0.267
0.555951 1.254 -0.018 -0.247 -0.306 -0.270 -0.270
0.557235 1.250 -0.023 -0.250 -0.308 -0.272 -0.272
0.558519 1.246 -0.028 -0.253 -0.310 -0.275 -0.275
0.559803 1.242 -0.032 -0.256 -0.313 -0.278 -0.278
0.561087 1.239 -0.037 -0.260 -0.315 -0.281 -0.281
0.562371 1.235 -0.041 -0.263 -0.317 -0.283 -0.283
0.563655 1.231 -0.045 -0.265 -0.319 -0.286 -0.286
0.564939 1.227 -0.049 -0.268 -0.322 -0.289 -0.289
0.566223 1.222 -0.054 -0.271 -0.324 -0.292 -0.292
0.567507 1.218 -0.058 -0.274 -0.326 -0.295 -0.295
0.568791 1.214 -0.062 -0.277 -0.328 -0.298 -0.298
0.570075 1.210 -0.066 -0.279 -0.330 -0.300 -0.300
0.571359 1.205 -0.069 -0.282 -0.332 -0.303 -0.303
0.572643 1.201 -0.073 -0.284 -0.335 -0.306 -0.306
0.573927 1.197 -0.077 -0.287 -0.337 -0.309 -0.309
0.57521 1.192 -0.081 -0.289 -0.339 -0.311 -0.311
0.576494 1.188 -0.084 -0.291 -0.341 -0.314 -0.314
0.577778 1.183 -0.088 -0.294 -0.343 -0.317 -0.317
0.579062 1.178 -0.092 -0.296 -0.345 -0.319 -0.319
0.580346 1.174 -0.095 -0.298 -0.347 -0.322 -0.322
0.58163 1.169 -0.098 -0.300 -0.349 -0.325 -0.325
0.582914 1.164 -0.102 -0.302 -0.351 -0.327 -0.327
0.584198 1.159 -0.105 -0.304 -0.352 -0.330 -0.330
0.585482 1.154 -0.108 -0.305 -0.354 -0.332 -0.332
0.586766 1.148 -0.111 -0.307 -0.356 -0.335 -0.335
0.58805 1.143 -0.114 -0.309 -0.358 -0.337 -0.337
0.589334 1.138 -0.117 -0.310 -0.360 -0.340 -0.340
0.590618 1.132 -0.120 -0.312 -0.361 -0.343 -0.343
0.591902 1.127 -0.123 -0.313 -0.363 -0.345 -0.345
0.593186 1.121 -0.126 -0.315 -0.365 -0.348 -0.348
0.59447 1.116 -0.129 -0.316 -0.367 -0.350 -0.350
0.595754 1.110 -0.131 -0.317 -0.368 -0.353 -0.353
0.597038 1.105 -0.134 -0.318 -0.370 -0.355 -0.355
0.598322 1.099 -0.136 -0.320 -0.371 -0.358 -0.358
0.599606 1.094 -0.139 -0.321 -0.373 -0.360 -0.360
0.60089 1.088 -0.141 -0.322 -0.375 -0.363 -0.363
0.602173 1.083 -0.143 -0.323 -0.376 -0.365 -0.365
0.603457 1.078 -0.146 -0.324 -0.378 -0.367 -0.367
0.604741 1.073 -0.148 -0.325 -0.379 -0.370 -0.370
0.606025 1.068 -0.150 -0.326 -0.381 -0.372 -0.372
0.607309 1.063 -0.152 -0.327 -0.382 -0.374 -0.374
0.608593 1.058 -0.154 -0.327 -0.384 -0.376 -0.376
0.609877 1.054 -0.156 -0.328 -0.385 -0.379 -0.379
0.611161 1.049 -0.158 -0.329 -0.386 -0.380 -0.380
0.612445 1.045 -0.159 -0.330 -0.388 -0.382 -0.382
0.613729 1.042 -0.161 -0.330 -0.389 -0.384 -0.384
0.615013 1.038 -0.163 -0.331 -0.390 -0.386 -0.386
0.616297 1.035 -0.164 -0.332 -0.391 -0.388 -0.388
0.617581 1.031 -0.166 -0.332 -0.392 -0.389 -0.389
0.618865 1.028 -0.167 -0.333 -0.393 -0.391 -0.391
0.620149 1.025 -0.168 -0.334 -0.394 -0.392 -0.392
0.621433 1.022 -0.169 -0.334 -0.395 -0.393 -0.393
0.622717 1.020 -0.170 -0.335 -0.396 -0.395 -0.395
0.624001 1.018 -0.172 -0.335 -0.397 -0.396 -0.396
0.625285 1.015 -0.173 -0.335 -0.397 -0.397 -0.397
0.626569 1.013 -0.174 -0.336 -0.398 -0.398 -0.398
0.627853 1.011 -0.174 -0.336 -0.399 -0.399 -0.399
0.629136 1.009 -0.175 -0.337 -0.399 -0.400 -0.400
0.63042 1.008 -0.176 -0.337 -0.400 -0.401 -0.401
0.631704 1.006 -0.176 -0.337 -0.400 -0.401 -0.401
0.632988 1.005 -0.177 -0.337 -0.401 -0.402 -0.402
0.634272 1.004 -0.177 -0.338 -0.401 -0.402 -0.402
0.635556 1.003 -0.178 -0.338 -0.401 -0.403 -0.403
0.63684 1.002 -0.178 -0.338 -0.401 -0.403 -0.403
0.638124 1.002 -0.178 -0.338 -0.402 -0.403 -0.403
0.639408 1.001 -0.178 -0.338 -0.402 -0.404 -0.404
0.640692 1.001 -0.178 -0.338 -0.402 -0.404 -0.404
