# IsPeriodic    : True
# Period        : 0.616114 days
# Normalization : <g_mag>=0
# 
# Phase u_mag  g_mag  r_mag  i_mag  z_mag  y_mag
 0.000  0.733 -0.393 -0.461 -0.470 -0.471 -0.471
 0.002  0.733 -0.393 -0.461 -0.470 -0.471 -0.471
 0.004  0.733 -0.392 -0.460 -0.470 -0.471 -0.471
 0.006  0.734 -0.392 -0.460 -0.469 -0.470 -0.470
 0.008  0.734 -0.392 -0.460 -0.469 -0.470 -0.470
 0.010  0.736 -0.391 -0.460 -0.468 -0.469 -0.469
 0.012  0.737 -0.390 -0.459 -0.468 -0.469 -0.469
 0.014  0.738 -0.390 -0.459 -0.467 -0.468 -0.468
 0.016  0.740 -0.389 -0.458 -0.467 -0.467 -0.467
 0.018  0.742 -0.387 -0.457 -0.466 -0.467 -0.467
 0.020  0.744 -0.386 -0.456 -0.466 -0.466 -0.466
 0.022  0.746 -0.385 -0.455 -0.465 -0.465 -0.465
 0.024  0.748 -0.383 -0.455 -0.464 -0.464 -0.464
 0.026  0.750 -0.381 -0.453 -0.463 -0.463 -0.463
 0.028  0.752 -0.379 -0.452 -0.462 -0.462 -0.462
 0.030  0.754 -0.377 -0.451 -0.461 -0.461 -0.461
 0.032  0.756 -0.375 -0.450 -0.460 -0.460 -0.460
 0.034  0.759 -0.373 -0.449 -0.460 -0.459 -0.459
 0.036  0.761 -0.370 -0.448 -0.459 -0.458 -0.458
 0.038  0.763 -0.368 -0.446 -0.458 -0.457 -0.457
 0.040  0.766 -0.365 -0.445 -0.457 -0.456 -0.456
 0.042  0.768 -0.362 -0.444 -0.456 -0.455 -0.455
 0.044  0.771 -0.359 -0.442 -0.455 -0.454 -0.454
 0.046  0.773 -0.355 -0.441 -0.454 -0.453 -0.453
 0.048  0.776 -0.352 -0.439 -0.453 -0.452 -0.452
 0.050  0.779 -0.349 -0.437 -0.452 -0.451 -0.451
 0.052  0.782 -0.346 -0.436 -0.451 -0.450 -0.450
 0.054  0.785 -0.342 -0.434 -0.450 -0.449 -0.449
 0.056  0.788 -0.338 -0.432 -0.449 -0.448 -0.448
 0.058  0.792 -0.334 -0.430 -0.448 -0.447 -0.447
 0.060  0.794 -0.330 -0.428 -0.447 -0.446 -0.446
 0.062  0.798 -0.326 -0.426 -0.446 -0.445 -0.445
 0.064  0.801 -0.322 -0.424 -0.445 -0.444 -0.444
 0.066  0.805 -0.319 -0.422 -0.444 -0.443 -0.443
 0.068  0.809 -0.315 -0.420 -0.443 -0.442 -0.442
 0.070  0.812 -0.311 -0.418 -0.442 -0.441 -0.441
 0.072  0.816 -0.308 -0.415 -0.441 -0.441 -0.441
 0.074  0.820 -0.304 -0.413 -0.440 -0.440 -0.440
 0.076  0.823 -0.301 -0.410 -0.439 -0.439 -0.439
 0.078  0.827 -0.297 -0.408 -0.438 -0.438 -0.438
 0.080  0.831 -0.293 -0.406 -0.437 -0.437 -0.437
 0.082  0.836 -0.289 -0.404 -0.435 -0.436 -0.436
 0.084  0.839 -0.286 -0.401 -0.434 -0.435 -0.435
 0.086  0.843 -0.283 -0.399 -0.433 -0.434 -0.434
 0.088  0.847 -0.280 -0.396 -0.432 -0.433 -0.433
 0.090  0.851 -0.276 -0.394 -0.431 -0.432 -0.432
 0.092  0.854 -0.272 -0.392 -0.430 -0.431 -0.431
 0.094  0.859 -0.269 -0.390 -0.428 -0.431 -0.431
 0.096  0.862 -0.266 -0.388 -0.427 -0.430 -0.430
 0.098  0.866 -0.262 -0.386 -0.426 -0.429 -0.429
 0.100  0.869 -0.259 -0.384 -0.425 -0.428 -0.428
 0.102  0.873 -0.256 -0.382 -0.423 -0.427 -0.427
 0.104  0.877 -0.253 -0.380 -0.422 -0.427 -0.427
 0.106  0.880 -0.249 -0.378 -0.421 -0.426 -0.426
 0.108  0.884 -0.247 -0.376 -0.420 -0.425 -0.425
 0.110  0.887 -0.243 -0.374 -0.419 -0.424 -0.424
 0.112  0.890 -0.240 -0.373 -0.417 -0.423 -0.423
 0.114  0.894 -0.237 -0.371 -0.416 -0.422 -0.422
 0.116  0.897 -0.234 -0.369 -0.415 -0.422 -0.422
 0.118  0.900 -0.231 -0.368 -0.414 -0.421 -0.421
 0.120  0.903 -0.228 -0.366 -0.413 -0.420 -0.420
 0.122  0.906 -0.225 -0.364 -0.412 -0.419 -0.419
 0.124  0.909 -0.222 -0.363 -0.410 -0.418 -0.418
 0.126  0.913 -0.219 -0.362 -0.409 -0.417 -0.417
 0.128  0.915 -0.216 -0.360 -0.408 -0.417 -0.417
 0.130  0.918 -0.213 -0.359 -0.407 -0.416 -0.416
 0.132  0.921 -0.210 -0.358 -0.406 -0.415 -0.415
 0.134  0.924 -0.208 -0.357 -0.405 -0.415 -0.415
 0.136  0.927 -0.204 -0.355 -0.404 -0.414 -0.414
 0.138  0.929 -0.202 -0.354 -0.402 -0.413 -0.413
 0.140  0.932 -0.199 -0.353 -0.401 -0.412 -0.412
 0.142  0.934 -0.196 -0.352 -0.400 -0.411 -0.411
 0.144  0.937 -0.193 -0.351 -0.399 -0.411 -0.411
 0.146  0.940 -0.190 -0.350 -0.398 -0.410 -0.410
 0.148  0.942 -0.188 -0.349 -0.397 -0.409 -0.409
 0.150  0.944 -0.185 -0.348 -0.395 -0.408 -0.408
 0.152  0.947 -0.182 -0.347 -0.394 -0.407 -0.407
 0.154  0.949 -0.179 -0.346 -0.393 -0.407 -0.407
 0.156  0.952 -0.177 -0.345 -0.392 -0.406 -0.406
 0.158  0.954 -0.174 -0.344 -0.391 -0.405 -0.405
 0.160  0.956 -0.171 -0.343 -0.390 -0.404 -0.404
 0.162  0.959 -0.168 -0.342 -0.388 -0.404 -0.404
 0.164  0.961 -0.165 -0.341 -0.387 -0.403 -0.403
 0.166  0.963 -0.163 -0.340 -0.386 -0.402 -0.402
 0.168  0.965 -0.160 -0.339 -0.385 -0.401 -0.401
 0.170  0.968 -0.157 -0.338 -0.384 -0.401 -0.401
 0.172  0.970 -0.155 -0.336 -0.383 -0.400 -0.400
 0.174  0.973 -0.152 -0.335 -0.382 -0.399 -0.399
 0.176  0.975 -0.150 -0.334 -0.381 -0.399 -0.399
 0.178  0.977 -0.146 -0.333 -0.380 -0.398 -0.398
 0.180  0.979 -0.144 -0.331 -0.379 -0.397 -0.397
 0.182  0.982 -0.141 -0.330 -0.377 -0.397 -0.397
 0.184  0.985 -0.138 -0.329 -0.376 -0.396 -0.396
 0.186  0.987 -0.136 -0.327 -0.375 -0.395 -0.395
 0.188  0.990 -0.133 -0.326 -0.374 -0.394 -0.394
 0.190  0.992 -0.130 -0.324 -0.373 -0.394 -0.394
 0.192  0.994 -0.128 -0.323 -0.372 -0.393 -0.393
 0.194  0.997 -0.126 -0.321 -0.371 -0.392 -0.392
 0.196  0.999 -0.123 -0.320 -0.370 -0.392 -0.392
 0.198  1.002 -0.120 -0.319 -0.369 -0.391 -0.391
 0.200  1.004 -0.118 -0.317 -0.368 -0.390 -0.390
 0.202  1.006 -0.115 -0.315 -0.367 -0.389 -0.389
 0.204  1.009 -0.113 -0.314 -0.366 -0.389 -0.389
 0.206  1.011 -0.110 -0.312 -0.365 -0.388 -0.388
 0.208  1.014 -0.107 -0.310 -0.364 -0.387 -0.387
 0.210  1.017 -0.105 -0.309 -0.363 -0.387 -0.387
 0.212  1.019 -0.103 -0.307 -0.362 -0.386 -0.386
 0.214  1.021 -0.100 -0.305 -0.361 -0.385 -0.385
 0.216  1.024 -0.097 -0.303 -0.360 -0.384 -0.384
 0.218  1.027 -0.095 -0.301 -0.359 -0.384 -0.384
 0.220  1.029 -0.093 -0.299 -0.358 -0.383 -0.383
 0.222  1.031 -0.090 -0.298 -0.357 -0.383 -0.383
 0.224  1.034 -0.087 -0.296 -0.356 -0.382 -0.382
 0.226  1.037 -0.085 -0.294 -0.355 -0.381 -0.381
 0.228  1.039 -0.083 -0.293 -0.354 -0.380 -0.380
 0.230  1.042 -0.080 -0.291 -0.354 -0.380 -0.380
 0.232  1.044 -0.078 -0.289 -0.353 -0.379 -0.379
 0.234  1.046 -0.076 -0.287 -0.352 -0.378 -0.378
 0.236  1.049 -0.074 -0.285 -0.351 -0.378 -0.378
 0.238  1.052 -0.071 -0.284 -0.350 -0.377 -0.377
 0.240  1.054 -0.069 -0.282 -0.349 -0.376 -0.376
 0.242  1.056 -0.066 -0.280 -0.348 -0.376 -0.376
 0.244  1.059 -0.064 -0.279 -0.347 -0.375 -0.375
 0.246  1.061 -0.062 -0.277 -0.346 -0.374 -0.374
 0.248  1.063 -0.060 -0.275 -0.345 -0.373 -0.373
 0.250  1.066 -0.057 -0.274 -0.344 -0.373 -0.373
 0.252  1.068 -0.055 -0.272 -0.343 -0.372 -0.372
 0.254  1.071 -0.052 -0.271 -0.342 -0.371 -0.371
 0.256  1.073 -0.050 -0.269 -0.342 -0.370 -0.370
 0.258  1.075 -0.049 -0.268 -0.340 -0.369 -0.369
 0.260  1.077 -0.046 -0.266 -0.340 -0.369 -0.369
 0.262  1.080 -0.044 -0.265 -0.339 -0.368 -0.368
 0.264  1.082 -0.042 -0.263 -0.338 -0.367 -0.367
 0.266  1.084 -0.039 -0.262 -0.337 -0.367 -0.367
 0.268  1.087 -0.037 -0.260 -0.336 -0.366 -0.366
 0.270  1.089 -0.035 -0.259 -0.335 -0.365 -0.365
 0.272  1.091 -0.033 -0.258 -0.334 -0.364 -0.364
 0.274  1.094 -0.031 -0.256 -0.333 -0.363 -0.363
 0.276  1.096 -0.029 -0.255 -0.332 -0.362 -0.362
 0.278  1.098 -0.027 -0.253 -0.331 -0.361 -0.361
 0.280  1.100 -0.025 -0.253 -0.330 -0.361 -0.361
 0.282  1.102 -0.022 -0.251 -0.329 -0.360 -0.360
 0.284  1.104 -0.020 -0.250 -0.328 -0.359 -0.359
 0.286  1.106 -0.018 -0.248 -0.327 -0.358 -0.358
 0.288  1.109 -0.016 -0.247 -0.326 -0.357 -0.357
 0.290  1.111 -0.014 -0.246 -0.325 -0.356 -0.356
 0.292  1.113 -0.012 -0.245 -0.324 -0.355 -0.355
 0.294  1.115 -0.010 -0.243 -0.323 -0.354 -0.354
 0.296  1.117 -0.008 -0.243 -0.322 -0.353 -0.353
 0.298  1.119 -0.006 -0.241 -0.321 -0.352 -0.352
 0.300  1.121 -0.004 -0.240 -0.320 -0.351 -0.351
 0.302  1.123 -0.002 -0.239 -0.319 -0.351 -0.351
 0.304  1.125  0.000 -0.238 -0.318 -0.350 -0.350
 0.306  1.127  0.003 -0.236 -0.317 -0.349 -0.349
 0.308  1.129  0.005 -0.235 -0.316 -0.348 -0.348
 0.310  1.131  0.007 -0.234 -0.315 -0.347 -0.347
 0.312  1.133  0.009 -0.233 -0.314 -0.346 -0.346
 0.314  1.135  0.011 -0.231 -0.313 -0.345 -0.345
 0.316  1.137  0.013 -0.230 -0.312 -0.344 -0.344
 0.318  1.139  0.015 -0.228 -0.311 -0.343 -0.343
 0.320  1.141  0.017 -0.227 -0.310 -0.342 -0.342
 0.322  1.142  0.019 -0.226 -0.309 -0.341 -0.341
 0.324  1.144  0.021 -0.224 -0.308 -0.340 -0.340
 0.326  1.146  0.023 -0.223 -0.307 -0.339 -0.339
 0.328  1.148  0.025 -0.222 -0.306 -0.338 -0.338
 0.330  1.150  0.027 -0.220 -0.305 -0.337 -0.337
 0.332  1.152  0.029 -0.219 -0.304 -0.336 -0.336
 0.334  1.154  0.031 -0.218 -0.303 -0.335 -0.335
 0.336  1.156  0.033 -0.216 -0.302 -0.334 -0.334
 0.338  1.157  0.035 -0.215 -0.300 -0.334 -0.334
 0.340  1.159  0.037 -0.213 -0.299 -0.333 -0.333
 0.342  1.161  0.039 -0.212 -0.298 -0.332 -0.332
 0.344  1.163  0.041 -0.211 -0.297 -0.331 -0.331
 0.346  1.165  0.043 -0.209 -0.296 -0.330 -0.330
 0.348  1.167  0.045 -0.208 -0.295 -0.329 -0.329
 0.350  1.168  0.047 -0.206 -0.294 -0.328 -0.328
 0.352  1.170  0.049 -0.205 -0.293 -0.327 -0.327
 0.354  1.171  0.051 -0.203 -0.292 -0.327 -0.327
 0.356  1.173  0.053 -0.202 -0.291 -0.326 -0.326
 0.358  1.175  0.055 -0.200 -0.289 -0.325 -0.325
 0.360  1.177  0.057 -0.199 -0.288 -0.324 -0.324
 0.362  1.178  0.059 -0.197 -0.287 -0.323 -0.323
 0.364  1.180  0.061 -0.196 -0.286 -0.322 -0.322
 0.366  1.181  0.063 -0.194 -0.285 -0.322 -0.322
 0.368  1.184  0.065 -0.193 -0.284 -0.321 -0.321
 0.370  1.185  0.067 -0.191 -0.282 -0.320 -0.320
 0.372  1.187  0.069 -0.190 -0.281 -0.319 -0.319
 0.374  1.188  0.070 -0.188 -0.280 -0.319 -0.319
 0.376  1.190  0.072 -0.187 -0.279 -0.318 -0.318
 0.378  1.192  0.074 -0.185 -0.278 -0.317 -0.317
 0.380  1.194  0.076 -0.184 -0.277 -0.317 -0.317
 0.382  1.195  0.078 -0.182 -0.276 -0.316 -0.316
 0.384  1.197  0.080 -0.181 -0.274 -0.315 -0.315
 0.386  1.198  0.082 -0.179 -0.273 -0.314 -0.314
 0.388  1.200  0.084 -0.178 -0.272 -0.314 -0.314
 0.390  1.202  0.086 -0.177 -0.271 -0.313 -0.313
 0.392  1.204  0.087 -0.175 -0.270 -0.312 -0.312
 0.394  1.205  0.089 -0.174 -0.269 -0.311 -0.311
 0.396  1.207  0.091 -0.173 -0.268 -0.310 -0.310
 0.398  1.209  0.093 -0.171 -0.267 -0.309 -0.309
 0.400  1.211  0.094 -0.170 -0.266 -0.309 -0.309
 0.402  1.213  0.096 -0.168 -0.265 -0.308 -0.308
 0.404  1.214  0.098 -0.167 -0.263 -0.307 -0.307
 0.406  1.216  0.099 -0.166 -0.262 -0.306 -0.306
 0.408  1.217  0.101 -0.164 -0.262 -0.305 -0.305
 0.410  1.219  0.103 -0.163 -0.260 -0.304 -0.304
 0.412  1.221  0.105 -0.162 -0.259 -0.303 -0.303
 0.414  1.223  0.107 -0.161 -0.258 -0.303 -0.303
 0.416  1.225  0.108 -0.159 -0.257 -0.302 -0.302
 0.418  1.227  0.110 -0.158 -0.256 -0.301 -0.301
 0.420  1.228  0.112 -0.157 -0.255 -0.300 -0.300
 0.422  1.230  0.113 -0.156 -0.254 -0.299 -0.299
 0.424  1.232  0.115 -0.154 -0.254 -0.298 -0.298
 0.426  1.234  0.117 -0.153 -0.252 -0.297 -0.297
 0.428  1.236  0.118 -0.152 -0.251 -0.296 -0.296
 0.430  1.238  0.120 -0.151 -0.251 -0.295 -0.295
 0.432  1.240  0.121 -0.150 -0.249 -0.294 -0.294
 0.434  1.241  0.122 -0.149 -0.249 -0.293 -0.293
 0.436  1.243  0.124 -0.148 -0.248 -0.292 -0.292
 0.438  1.245  0.126 -0.147 -0.247 -0.291 -0.291
 0.440  1.246  0.127 -0.145 -0.246 -0.290 -0.290
 0.442  1.248  0.128 -0.144 -0.245 -0.289 -0.289
 0.444  1.250  0.130 -0.143 -0.244 -0.288 -0.288
 0.446  1.252  0.131 -0.142 -0.243 -0.287 -0.287
 0.448  1.254  0.132 -0.141 -0.242 -0.286 -0.286
 0.450  1.256  0.134 -0.140 -0.241 -0.285 -0.285
 0.452  1.257  0.135 -0.139 -0.241 -0.284 -0.284
 0.454  1.259  0.136 -0.138 -0.240 -0.283 -0.283
 0.456  1.261  0.138 -0.137 -0.239 -0.282 -0.282
 0.458  1.262  0.139 -0.136 -0.238 -0.281 -0.281
 0.460  1.263  0.140 -0.135 -0.237 -0.280 -0.280
 0.462  1.265  0.142 -0.134 -0.236 -0.279 -0.279
 0.464  1.267  0.142 -0.133 -0.236 -0.278 -0.278
 0.466  1.268  0.144 -0.133 -0.235 -0.277 -0.277
 0.468  1.269  0.145 -0.132 -0.234 -0.276 -0.276
 0.470  1.271  0.146 -0.131 -0.233 -0.275 -0.275
 0.472  1.272  0.147 -0.130 -0.232 -0.274 -0.274
 0.474  1.273  0.148 -0.129 -0.232 -0.273 -0.273
 0.476  1.275  0.149 -0.128 -0.231 -0.272 -0.272
 0.478  1.276  0.150 -0.128 -0.230 -0.272 -0.272
 0.480  1.277  0.151 -0.127 -0.229 -0.271 -0.271
 0.482  1.279  0.152 -0.126 -0.229 -0.270 -0.270
 0.484  1.279  0.153 -0.125 -0.228 -0.269 -0.269
 0.486  1.281  0.154 -0.124 -0.227 -0.269 -0.269
 0.488  1.282  0.155 -0.123 -0.226 -0.268 -0.268
 0.490  1.283  0.156 -0.123 -0.226 -0.267 -0.267
 0.492  1.284  0.157 -0.122 -0.225 -0.266 -0.266
 0.494  1.285  0.157 -0.122 -0.224 -0.266 -0.266
 0.496  1.286  0.159 -0.121 -0.223 -0.265 -0.265
 0.498  1.287  0.159 -0.120 -0.223 -0.264 -0.264
 0.500  1.288  0.160 -0.120 -0.222 -0.264 -0.264
 0.502  1.289  0.161 -0.119 -0.222 -0.263 -0.263
 0.504  1.290  0.161 -0.118 -0.221 -0.262 -0.262
 0.506  1.290  0.163 -0.118 -0.220 -0.262 -0.262
 0.508  1.292  0.163 -0.117 -0.219 -0.261 -0.261
 0.510  1.292  0.164 -0.117 -0.219 -0.260 -0.260
 0.512  1.293  0.165 -0.116 -0.218 -0.260 -0.260
 0.514  1.294  0.165 -0.116 -0.218 -0.259 -0.259
 0.516  1.294  0.166 -0.115 -0.217 -0.259 -0.259
 0.518  1.295  0.167 -0.114 -0.216 -0.258 -0.258
 0.520  1.296  0.167 -0.114 -0.216 -0.258 -0.258
 0.522  1.296  0.168 -0.113 -0.215 -0.257 -0.257
 0.524  1.297  0.169 -0.113 -0.215 -0.257 -0.257
 0.526  1.298  0.169 -0.112 -0.214 -0.256 -0.256
 0.528  1.298  0.170 -0.112 -0.214 -0.256 -0.256
 0.530  1.299  0.171 -0.111 -0.213 -0.255 -0.255
 0.532  1.300  0.171 -0.111 -0.212 -0.255 -0.255
 0.534  1.300  0.172 -0.110 -0.212 -0.255 -0.255
 0.536  1.301  0.173 -0.110 -0.211 -0.254 -0.254
 0.538  1.302  0.173 -0.109 -0.211 -0.254 -0.254
 0.540  1.302  0.173 -0.108 -0.210 -0.253 -0.253
 0.542  1.302  0.174 -0.108 -0.210 -0.253 -0.253
 0.544  1.303  0.175 -0.108 -0.209 -0.252 -0.252
 0.546  1.304  0.175 -0.107 -0.208 -0.252 -0.252
 0.548  1.304  0.175 -0.107 -0.208 -0.251 -0.251
 0.550  1.304  0.176 -0.106 -0.207 -0.251 -0.251
 0.552  1.305  0.176 -0.106 -0.207 -0.250 -0.250
 0.554  1.306  0.177 -0.105 -0.206 -0.250 -0.250
 0.556  1.306  0.177 -0.105 -0.206 -0.249 -0.249
 0.558  1.307  0.177 -0.104 -0.205 -0.249 -0.249
 0.560  1.307  0.178 -0.104 -0.205 -0.248 -0.248
 0.562  1.307  0.178 -0.103 -0.204 -0.248 -0.248
 0.564  1.308  0.179 -0.103 -0.204 -0.247 -0.247
 0.566  1.308  0.179 -0.103 -0.204 -0.247 -0.247
 0.568  1.309  0.179 -0.102 -0.203 -0.246 -0.246
 0.570  1.309  0.179 -0.102 -0.203 -0.246 -0.246
 0.572  1.309  0.180 -0.101 -0.202 -0.245 -0.245
 0.574  1.309  0.180 -0.101 -0.202 -0.245 -0.245
 0.576  1.310  0.180 -0.100 -0.201 -0.244 -0.244
 0.578  1.310  0.181 -0.100 -0.201 -0.244 -0.244
 0.580  1.310  0.181 -0.099 -0.200 -0.243 -0.243
 0.582  1.311  0.181 -0.099 -0.200 -0.243 -0.243
 0.584  1.311  0.181 -0.098 -0.200 -0.242 -0.242
 0.586  1.311  0.181 -0.098 -0.199 -0.242 -0.242
 0.588  1.311  0.182 -0.098 -0.199 -0.241 -0.241
 0.590  1.311  0.182 -0.097 -0.199 -0.241 -0.241
 0.592  1.312  0.182 -0.097 -0.198 -0.240 -0.240
 0.594  1.312  0.182 -0.096 -0.198 -0.240 -0.240
 0.596  1.313  0.183 -0.095 -0.197 -0.239 -0.239
 0.598  1.313  0.183 -0.095 -0.197 -0.239 -0.239
 0.600  1.313  0.183 -0.094 -0.196 -0.239 -0.239
 0.602  1.313  0.183 -0.094 -0.196 -0.238 -0.238
 0.604  1.313  0.183 -0.093 -0.196 -0.238 -0.238
 0.606  1.314  0.183 -0.093 -0.195 -0.237 -0.237
 0.608  1.314  0.183 -0.093 -0.194 -0.236 -0.236
 0.610  1.314  0.183 -0.092 -0.194 -0.236 -0.236
 0.612  1.315  0.183 -0.091 -0.194 -0.235 -0.235
 0.614  1.315  0.183 -0.091 -0.193 -0.235 -0.235
 0.616  1.315  0.183 -0.090 -0.193 -0.234 -0.234
 0.618  1.315  0.183 -0.090 -0.192 -0.233 -0.233
 0.620  1.316  0.183 -0.089 -0.192 -0.233 -0.233
 0.622  1.316  0.183 -0.088 -0.191 -0.232 -0.232
 0.624  1.317  0.183 -0.088 -0.190 -0.232 -0.232
 0.626  1.317  0.183 -0.087 -0.190 -0.231 -0.231
 0.628  1.317  0.183 -0.087 -0.189 -0.230 -0.230
 0.630  1.317  0.183 -0.086 -0.189 -0.230 -0.230
 0.632  1.317  0.183 -0.086 -0.188 -0.229 -0.229
 0.634  1.318  0.183 -0.085 -0.187 -0.228 -0.228
 0.636  1.318  0.183 -0.084 -0.187 -0.228 -0.228
 0.638  1.319  0.184 -0.084 -0.186 -0.227 -0.227
 0.640  1.319  0.184 -0.083 -0.186 -0.226 -0.226
 0.642  1.319  0.184 -0.082 -0.185 -0.225 -0.225
 0.644  1.319  0.184 -0.082 -0.184 -0.225 -0.225
 0.646  1.320  0.185 -0.082 -0.183 -0.224 -0.224
 0.648  1.320  0.185 -0.081 -0.183 -0.223 -0.223
 0.650  1.320  0.185 -0.080 -0.182 -0.223 -0.223
 0.652  1.321  0.185 -0.079 -0.182 -0.222 -0.222
 0.654  1.321  0.186 -0.079 -0.181 -0.221 -0.221
 0.656  1.321  0.186 -0.078 -0.180 -0.220 -0.220
 0.658  1.321  0.187 -0.077 -0.179 -0.220 -0.220
 0.660  1.322  0.187 -0.076 -0.179 -0.219 -0.219
 0.662  1.323  0.187 -0.075 -0.178 -0.218 -0.218
 0.664  1.323  0.188 -0.074 -0.177 -0.217 -0.217
 0.666  1.323  0.189 -0.073 -0.176 -0.216 -0.216
 0.668  1.323  0.189 -0.072 -0.175 -0.215 -0.215
 0.670  1.324  0.190 -0.072 -0.174 -0.214 -0.214
 0.672  1.324  0.190 -0.071 -0.174 -0.214 -0.214
 0.674  1.325  0.191 -0.069 -0.172 -0.213 -0.213
 0.676  1.325  0.192 -0.068 -0.171 -0.212 -0.212
 0.678  1.325  0.192 -0.067 -0.170 -0.211 -0.211
 0.680  1.326  0.193 -0.066 -0.169 -0.209 -0.209
 0.682  1.326  0.194 -0.065 -0.168 -0.208 -0.208
 0.684  1.327  0.195 -0.063 -0.167 -0.207 -0.207
 0.686  1.327  0.196 -0.062 -0.165 -0.206 -0.206
 0.688  1.328  0.196 -0.061 -0.164 -0.205 -0.205
 0.690  1.328  0.198 -0.059 -0.163 -0.204 -0.204
 0.692  1.329  0.198 -0.057 -0.162 -0.203 -0.203
 0.694  1.329  0.200 -0.056 -0.160 -0.202 -0.202
 0.696  1.329  0.200 -0.055 -0.159 -0.200 -0.200
 0.698  1.330  0.202 -0.053 -0.157 -0.199 -0.199
 0.700  1.331  0.202 -0.052 -0.156 -0.198 -0.198
 0.702  1.332  0.204 -0.050 -0.154 -0.196 -0.196
 0.704  1.332  0.204 -0.048 -0.153 -0.195 -0.195
 0.706  1.332  0.206 -0.047 -0.151 -0.193 -0.193
 0.708  1.333  0.207 -0.045 -0.149 -0.192 -0.192
 0.710  1.334  0.208 -0.043 -0.148 -0.191 -0.191
 0.712  1.334  0.210 -0.041 -0.146 -0.189 -0.189
 0.714  1.335  0.211 -0.039 -0.144 -0.188 -0.188
 0.716  1.335  0.212 -0.037 -0.142 -0.186 -0.186
 0.718  1.336  0.214 -0.035 -0.140 -0.184 -0.184
 0.720  1.336  0.215 -0.033 -0.138 -0.183 -0.183
 0.722  1.337  0.216 -0.032 -0.136 -0.181 -0.181
 0.724  1.338  0.218 -0.029 -0.134 -0.179 -0.179
 0.726  1.338  0.220 -0.027 -0.132 -0.177 -0.177
 0.728  1.339  0.221 -0.026 -0.130 -0.176 -0.176
 0.730  1.340  0.222 -0.024 -0.128 -0.174 -0.174
 0.732  1.341  0.224 -0.022 -0.126 -0.172 -0.172
 0.734  1.342  0.225 -0.021 -0.123 -0.170 -0.170
 0.736  1.342  0.227 -0.019 -0.121 -0.169 -0.169
 0.738  1.344  0.229 -0.018 -0.119 -0.167 -0.167
 0.740  1.344  0.230 -0.017 -0.117 -0.165 -0.165
 0.742  1.346  0.232 -0.016 -0.115 -0.163 -0.163
 0.744  1.347  0.233 -0.014 -0.114 -0.162 -0.162
 0.746  1.348  0.235 -0.013 -0.112 -0.160 -0.160
 0.748  1.350  0.237 -0.012 -0.110 -0.159 -0.159
 0.750  1.351  0.239 -0.011 -0.109 -0.157 -0.157
 0.752  1.352  0.241 -0.011 -0.108 -0.156 -0.156
 0.754  1.354  0.243 -0.010 -0.106 -0.154 -0.154
 0.756  1.355  0.245 -0.009 -0.106 -0.153 -0.153
 0.758  1.357  0.247 -0.008 -0.105 -0.152 -0.152
 0.760  1.359  0.249 -0.008 -0.104 -0.151 -0.151
 0.762  1.360  0.251 -0.007 -0.104 -0.150 -0.150
 0.764  1.362  0.254 -0.007 -0.103 -0.149 -0.149
 0.766  1.364  0.256 -0.007 -0.103 -0.148 -0.148
 0.768  1.365  0.257 -0.007 -0.103 -0.147 -0.147
 0.770  1.367  0.259 -0.006 -0.103 -0.147 -0.147
 0.772  1.369  0.261 -0.006 -0.103 -0.146 -0.146
 0.774  1.372  0.262 -0.006 -0.103 -0.146 -0.146
 0.776  1.374  0.264 -0.006 -0.104 -0.145 -0.145
 0.778  1.376  0.265 -0.006 -0.104 -0.145 -0.145
 0.780  1.379  0.266 -0.007 -0.105 -0.145 -0.145
 0.782  1.381  0.266 -0.007 -0.105 -0.144 -0.144
 0.784  1.384  0.267 -0.007 -0.106 -0.144 -0.144
 0.786  1.386  0.267 -0.007 -0.107 -0.144 -0.144
 0.788  1.388  0.267 -0.008 -0.108 -0.144 -0.144
 0.790  1.391  0.266 -0.009 -0.109 -0.144 -0.144
 0.792  1.394  0.266 -0.009 -0.110 -0.144 -0.144
 0.794  1.396  0.264 -0.010 -0.112 -0.144 -0.144
 0.796  1.398  0.263 -0.012 -0.114 -0.144 -0.144
 0.798  1.400  0.262 -0.013 -0.116 -0.145 -0.145
 0.800  1.402  0.260 -0.014 -0.117 -0.145 -0.145
 0.802  1.404  0.257 -0.016 -0.119 -0.146 -0.146
 0.804  1.406  0.255 -0.017 -0.121 -0.146 -0.146
 0.806  1.407  0.252 -0.020 -0.124 -0.147 -0.147
 0.808  1.408  0.249 -0.022 -0.126 -0.148 -0.148
 0.810  1.409  0.245 -0.024 -0.129 -0.149 -0.149
 0.812  1.409  0.242 -0.027 -0.131 -0.150 -0.150
 0.814  1.408  0.238 -0.030 -0.134 -0.151 -0.151
 0.816  1.407  0.234 -0.033 -0.137 -0.152 -0.152
 0.818  1.406  0.229 -0.037 -0.140 -0.154 -0.154
 0.820  1.404  0.225 -0.040 -0.143 -0.156 -0.156
 0.822  1.402  0.220 -0.044 -0.147 -0.158 -0.158
 0.824  1.399  0.214 -0.048 -0.150 -0.159 -0.159
 0.826  1.396  0.209 -0.052 -0.153 -0.161 -0.161
 0.828  1.393  0.203 -0.057 -0.157 -0.164 -0.164
 0.830  1.390  0.197 -0.061 -0.161 -0.166 -0.166
 0.832  1.386  0.190 -0.066 -0.165 -0.169 -0.169
 0.834  1.381  0.184 -0.071 -0.169 -0.172 -0.172
 0.836  1.377  0.177 -0.077 -0.173 -0.175 -0.175
 0.838  1.371  0.170 -0.082 -0.177 -0.178 -0.178
 0.840  1.366  0.162 -0.087 -0.181 -0.181 -0.181
 0.842  1.361  0.155 -0.093 -0.186 -0.185 -0.185
 0.844  1.354  0.147 -0.099 -0.190 -0.188 -0.188
 0.846  1.348  0.139 -0.106 -0.195 -0.192 -0.192
 0.848  1.341  0.131 -0.112 -0.200 -0.196 -0.196
 0.850  1.334  0.122 -0.119 -0.205 -0.200 -0.200
 0.852  1.326  0.115 -0.126 -0.210 -0.204 -0.204
 0.854  1.317  0.106 -0.133 -0.215 -0.209 -0.209
 0.856  1.309  0.097 -0.141 -0.221 -0.213 -0.213
 0.858  1.300  0.089 -0.148 -0.226 -0.218 -0.218
 0.860  1.290  0.080 -0.157 -0.232 -0.223 -0.223
 0.862  1.280  0.072 -0.164 -0.238 -0.228 -0.228
 0.864  1.271  0.063 -0.173 -0.244 -0.234 -0.234
 0.866  1.261  0.054 -0.180 -0.249 -0.239 -0.239
 0.868  1.250  0.045 -0.188 -0.256 -0.245 -0.245
 0.870  1.240  0.037 -0.196 -0.262 -0.250 -0.250
 0.872  1.229  0.027 -0.204 -0.268 -0.256 -0.256
 0.874  1.218  0.018 -0.212 -0.274 -0.262 -0.262
 0.876  1.208  0.009 -0.219 -0.281 -0.269 -0.269
 0.878  1.197 -0.000 -0.227 -0.288 -0.275 -0.275
 0.880  1.186 -0.010 -0.234 -0.294 -0.281 -0.281
 0.882  1.175 -0.019 -0.242 -0.300 -0.287 -0.287
 0.884  1.165 -0.029 -0.249 -0.307 -0.294 -0.294
 0.886  1.154 -0.038 -0.256 -0.313 -0.300 -0.300
 0.888  1.144 -0.048 -0.263 -0.320 -0.306 -0.306
 0.890  1.133 -0.058 -0.269 -0.325 -0.313 -0.313
 0.892  1.122 -0.068 -0.276 -0.332 -0.319 -0.319
 0.894  1.112 -0.078 -0.283 -0.337 -0.324 -0.324
 0.896  1.102 -0.088 -0.289 -0.343 -0.330 -0.330
 0.898  1.091 -0.099 -0.296 -0.348 -0.336 -0.336
 0.900  1.081 -0.109 -0.302 -0.354 -0.341 -0.341
 0.902  1.071 -0.119 -0.308 -0.359 -0.346 -0.346
 0.904  1.061 -0.130 -0.314 -0.364 -0.351 -0.351
 0.906  1.050 -0.140 -0.320 -0.369 -0.357 -0.357
 0.908  1.040 -0.151 -0.326 -0.373 -0.362 -0.362
 0.910  1.029 -0.161 -0.331 -0.378 -0.366 -0.366
 0.912  1.019 -0.172 -0.337 -0.382 -0.371 -0.371
 0.914  1.009 -0.183 -0.342 -0.387 -0.376 -0.376
 0.916  0.999 -0.192 -0.348 -0.391 -0.380 -0.380
 0.918  0.989 -0.202 -0.353 -0.395 -0.384 -0.384
 0.920  0.979 -0.213 -0.358 -0.399 -0.389 -0.389
 0.922  0.969 -0.222 -0.363 -0.403 -0.393 -0.393
 0.924  0.959 -0.232 -0.368 -0.407 -0.397 -0.397
 0.926  0.948 -0.241 -0.373 -0.410 -0.401 -0.401
 0.928  0.938 -0.251 -0.377 -0.414 -0.405 -0.405
 0.930  0.928 -0.259 -0.382 -0.417 -0.409 -0.409
 0.932  0.918 -0.268 -0.386 -0.421 -0.412 -0.412
 0.934  0.909 -0.276 -0.391 -0.424 -0.416 -0.416
 0.936  0.898 -0.284 -0.395 -0.427 -0.419 -0.419
 0.938  0.889 -0.291 -0.399 -0.430 -0.422 -0.422
 0.940  0.879 -0.298 -0.403 -0.432 -0.425 -0.425
 0.942  0.870 -0.305 -0.407 -0.435 -0.428 -0.428
 0.944  0.861 -0.312 -0.410 -0.437 -0.431 -0.431
 0.946  0.852 -0.318 -0.414 -0.439 -0.434 -0.434
 0.948  0.843 -0.324 -0.417 -0.442 -0.437 -0.437
 0.950  0.835 -0.330 -0.421 -0.444 -0.439 -0.439
 0.952  0.827 -0.336 -0.424 -0.446 -0.442 -0.442
 0.954  0.819 -0.341 -0.427 -0.448 -0.444 -0.444
 0.956  0.812 -0.346 -0.430 -0.450 -0.446 -0.446
 0.958  0.805 -0.351 -0.433 -0.452 -0.448 -0.448
 0.960  0.798 -0.355 -0.435 -0.453 -0.450 -0.450
 0.962  0.792 -0.359 -0.438 -0.455 -0.452 -0.452
 0.964  0.786 -0.363 -0.440 -0.456 -0.454 -0.454
 0.966  0.781 -0.367 -0.442 -0.458 -0.456 -0.456
 0.968  0.775 -0.371 -0.444 -0.459 -0.458 -0.458
 0.970  0.771 -0.374 -0.447 -0.460 -0.459 -0.459
 0.972  0.766 -0.377 -0.449 -0.461 -0.461 -0.461
 0.974  0.761 -0.380 -0.450 -0.463 -0.462 -0.462
 0.976  0.757 -0.382 -0.452 -0.464 -0.463 -0.463
 0.978  0.753 -0.384 -0.453 -0.464 -0.464 -0.464
 0.980  0.750 -0.386 -0.455 -0.466 -0.465 -0.465
 0.982  0.746 -0.387 -0.456 -0.466 -0.466 -0.466
 0.984  0.744 -0.389 -0.457 -0.467 -0.467 -0.467
 0.986  0.741 -0.390 -0.458 -0.467 -0.468 -0.468
 0.988  0.739 -0.390 -0.459 -0.468 -0.469 -0.469
 0.990  0.737 -0.391 -0.460 -0.468 -0.469 -0.469
 0.992  0.736 -0.392 -0.460 -0.469 -0.470 -0.470
 0.994  0.734 -0.392 -0.460 -0.469 -0.470 -0.470
 0.996  0.734 -0.392 -0.461 -0.469 -0.470 -0.470
 0.998  0.733 -0.393 -0.461 -0.470 -0.470 -0.470
