# IsPeriodic    : True
# Period        : 0.631356 days
# Normalization : <g_mag>=0
# 
# Phase u_mag  g_mag  r_mag  i_mag  z_mag  y_mag
 0.000  0.581 -0.530 -0.470 -0.399 -0.367 -0.367
 0.002  0.581 -0.530 -0.470 -0.399 -0.367 -0.367
 0.004  0.582 -0.529 -0.470 -0.399 -0.367 -0.367
 0.006  0.583 -0.529 -0.469 -0.399 -0.366 -0.366
 0.008  0.584 -0.528 -0.469 -0.399 -0.365 -0.365
 0.010  0.585 -0.527 -0.468 -0.398 -0.364 -0.364
 0.012  0.587 -0.527 -0.468 -0.397 -0.363 -0.363
 0.014  0.589 -0.525 -0.467 -0.397 -0.362 -0.362
 0.016  0.591 -0.524 -0.466 -0.396 -0.361 -0.361
 0.018  0.594 -0.523 -0.465 -0.395 -0.359 -0.359
 0.020  0.597 -0.522 -0.464 -0.395 -0.357 -0.357
 0.022  0.599 -0.521 -0.463 -0.394 -0.356 -0.356
 0.024  0.603 -0.519 -0.462 -0.393 -0.354 -0.354
 0.026  0.605 -0.517 -0.460 -0.392 -0.353 -0.353
 0.028  0.608 -0.515 -0.458 -0.391 -0.351 -0.351
 0.030  0.611 -0.513 -0.457 -0.389 -0.350 -0.350
 0.032  0.615 -0.512 -0.455 -0.388 -0.348 -0.348
 0.034  0.617 -0.510 -0.453 -0.386 -0.347 -0.347
 0.036  0.621 -0.507 -0.451 -0.385 -0.346 -0.346
 0.038  0.624 -0.505 -0.449 -0.383 -0.345 -0.345
 0.040  0.628 -0.502 -0.447 -0.381 -0.343 -0.343
 0.042  0.631 -0.501 -0.444 -0.380 -0.342 -0.342
 0.044  0.634 -0.498 -0.442 -0.378 -0.341 -0.341
 0.046  0.638 -0.495 -0.439 -0.376 -0.340 -0.340
 0.048  0.641 -0.492 -0.436 -0.375 -0.338 -0.338
 0.050  0.645 -0.490 -0.433 -0.372 -0.337 -0.337
 0.052  0.648 -0.486 -0.430 -0.370 -0.336 -0.336
 0.054  0.653 -0.483 -0.427 -0.369 -0.334 -0.334
 0.056  0.656 -0.480 -0.424 -0.366 -0.333 -0.333
 0.058  0.660 -0.477 -0.421 -0.364 -0.332 -0.332
 0.060  0.664 -0.473 -0.417 -0.363 -0.330 -0.330
 0.062  0.668 -0.470 -0.413 -0.361 -0.329 -0.329
 0.064  0.672 -0.466 -0.410 -0.358 -0.328 -0.328
 0.066  0.677 -0.462 -0.407 -0.357 -0.326 -0.326
 0.068  0.681 -0.458 -0.403 -0.355 -0.325 -0.325
 0.070  0.685 -0.454 -0.400 -0.353 -0.324 -0.324
 0.072  0.690 -0.450 -0.397 -0.351 -0.323 -0.323
 0.074  0.694 -0.446 -0.393 -0.349 -0.322 -0.322
 0.076  0.699 -0.441 -0.390 -0.348 -0.321 -0.321
 0.078  0.704 -0.438 -0.387 -0.346 -0.319 -0.319
 0.080  0.708 -0.433 -0.384 -0.344 -0.318 -0.318
 0.082  0.713 -0.429 -0.381 -0.342 -0.317 -0.317
 0.084  0.717 -0.425 -0.378 -0.341 -0.316 -0.316
 0.086  0.723 -0.420 -0.375 -0.339 -0.315 -0.315
 0.088  0.727 -0.416 -0.372 -0.338 -0.313 -0.313
 0.090  0.732 -0.412 -0.369 -0.336 -0.312 -0.312
 0.092  0.736 -0.408 -0.366 -0.334 -0.311 -0.311
 0.094  0.742 -0.404 -0.364 -0.333 -0.310 -0.310
 0.096  0.746 -0.399 -0.360 -0.331 -0.308 -0.308
 0.098  0.751 -0.396 -0.358 -0.330 -0.307 -0.307
 0.100  0.755 -0.391 -0.356 -0.328 -0.306 -0.306
 0.102  0.760 -0.388 -0.353 -0.326 -0.304 -0.304
 0.104  0.765 -0.383 -0.350 -0.325 -0.303 -0.303
 0.106  0.770 -0.379 -0.348 -0.323 -0.301 -0.301
 0.108  0.774 -0.376 -0.346 -0.322 -0.300 -0.300
 0.110  0.779 -0.371 -0.343 -0.321 -0.298 -0.298
 0.112  0.783 -0.368 -0.341 -0.319 -0.297 -0.297
 0.114  0.787 -0.364 -0.339 -0.318 -0.295 -0.295
 0.116  0.792 -0.359 -0.337 -0.316 -0.294 -0.294
 0.118  0.796 -0.356 -0.335 -0.315 -0.292 -0.292
 0.120  0.800 -0.352 -0.333 -0.314 -0.291 -0.291
 0.122  0.804 -0.348 -0.331 -0.312 -0.289 -0.289
 0.124  0.808 -0.345 -0.329 -0.311 -0.287 -0.287
 0.126  0.812 -0.340 -0.327 -0.309 -0.286 -0.286
 0.128  0.817 -0.337 -0.325 -0.308 -0.284 -0.284
 0.130  0.820 -0.333 -0.323 -0.307 -0.282 -0.282
 0.132  0.824 -0.329 -0.321 -0.305 -0.280 -0.280
 0.134  0.829 -0.326 -0.319 -0.303 -0.278 -0.278
 0.136  0.832 -0.322 -0.317 -0.302 -0.276 -0.276
 0.138  0.836 -0.318 -0.316 -0.301 -0.274 -0.274
 0.140  0.840 -0.315 -0.314 -0.299 -0.272 -0.272
 0.142  0.843 -0.311 -0.312 -0.298 -0.270 -0.270
 0.144  0.848 -0.307 -0.311 -0.296 -0.268 -0.268
 0.146  0.851 -0.304 -0.309 -0.294 -0.266 -0.266
 0.148  0.855 -0.301 -0.307 -0.293 -0.264 -0.264
 0.150  0.858 -0.297 -0.305 -0.292 -0.262 -0.262
 0.152  0.861 -0.294 -0.303 -0.290 -0.260 -0.260
 0.154  0.865 -0.290 -0.301 -0.288 -0.258 -0.258
 0.156  0.868 -0.286 -0.299 -0.287 -0.256 -0.256
 0.158  0.872 -0.283 -0.298 -0.285 -0.253 -0.253
 0.160  0.875 -0.279 -0.296 -0.284 -0.251 -0.251
 0.162  0.879 -0.275 -0.294 -0.282 -0.249 -0.249
 0.164  0.882 -0.272 -0.292 -0.280 -0.247 -0.247
 0.166  0.886 -0.268 -0.290 -0.279 -0.245 -0.245
 0.168  0.889 -0.265 -0.288 -0.277 -0.243 -0.243
 0.170  0.893 -0.261 -0.286 -0.276 -0.241 -0.241
 0.172  0.896 -0.256 -0.284 -0.274 -0.239 -0.239
 0.174  0.899 -0.253 -0.282 -0.272 -0.237 -0.237
 0.176  0.903 -0.249 -0.280 -0.270 -0.236 -0.236
 0.178  0.906 -0.245 -0.278 -0.269 -0.234 -0.234
 0.180  0.910 -0.242 -0.276 -0.267 -0.232 -0.232
 0.182  0.914 -0.237 -0.273 -0.266 -0.230 -0.230
 0.184  0.918 -0.234 -0.271 -0.264 -0.228 -0.228
 0.186  0.921 -0.230 -0.269 -0.262 -0.227 -0.227
 0.188  0.924 -0.226 -0.267 -0.260 -0.225 -0.225
 0.190  0.928 -0.222 -0.265 -0.259 -0.223 -0.223
 0.192  0.932 -0.218 -0.262 -0.257 -0.222 -0.222
 0.194  0.936 -0.214 -0.260 -0.255 -0.220 -0.220
 0.196  0.939 -0.210 -0.258 -0.253 -0.219 -0.219
 0.198  0.943 -0.206 -0.256 -0.252 -0.217 -0.217
 0.200  0.947 -0.202 -0.254 -0.250 -0.216 -0.216
 0.202  0.951 -0.198 -0.252 -0.248 -0.214 -0.214
 0.204  0.955 -0.194 -0.249 -0.246 -0.213 -0.213
 0.206  0.958 -0.190 -0.247 -0.245 -0.211 -0.211
 0.208  0.962 -0.186 -0.245 -0.243 -0.210 -0.210
 0.210  0.966 -0.182 -0.243 -0.241 -0.209 -0.209
 0.212  0.970 -0.178 -0.241 -0.240 -0.207 -0.207
 0.214  0.974 -0.173 -0.238 -0.238 -0.206 -0.206
 0.216  0.978 -0.169 -0.236 -0.237 -0.205 -0.205
 0.218  0.982 -0.165 -0.233 -0.236 -0.204 -0.204
 0.220  0.986 -0.161 -0.231 -0.234 -0.203 -0.203
 0.222  0.990 -0.157 -0.229 -0.232 -0.202 -0.202
 0.224  0.994 -0.152 -0.227 -0.231 -0.200 -0.200
 0.226  0.998 -0.149 -0.225 -0.229 -0.199 -0.199
 0.228  1.002 -0.144 -0.222 -0.228 -0.198 -0.198
 0.230  1.006 -0.140 -0.220 -0.227 -0.197 -0.197
 0.232  1.011 -0.136 -0.218 -0.225 -0.196 -0.196
 0.234  1.014 -0.131 -0.215 -0.223 -0.195 -0.195
 0.236  1.019 -0.128 -0.213 -0.222 -0.194 -0.194
 0.238  1.023 -0.123 -0.211 -0.221 -0.193 -0.193
 0.240  1.026 -0.120 -0.209 -0.220 -0.192 -0.192
 0.242  1.031 -0.115 -0.207 -0.218 -0.191 -0.191
 0.244  1.034 -0.111 -0.205 -0.216 -0.189 -0.189
 0.246  1.038 -0.107 -0.202 -0.215 -0.188 -0.188
 0.248  1.042 -0.103 -0.200 -0.214 -0.187 -0.187
 0.250  1.046 -0.099 -0.198 -0.213 -0.186 -0.186
 0.252  1.050 -0.095 -0.196 -0.212 -0.185 -0.185
 0.254  1.053 -0.090 -0.194 -0.211 -0.184 -0.184
 0.256  1.056 -0.087 -0.192 -0.209 -0.182 -0.182
 0.258  1.060 -0.082 -0.190 -0.208 -0.181 -0.181
 0.260  1.063 -0.079 -0.187 -0.207 -0.180 -0.180
 0.262  1.067 -0.074 -0.185 -0.205 -0.178 -0.178
 0.264  1.070 -0.070 -0.183 -0.204 -0.177 -0.177
 0.266  1.074 -0.066 -0.180 -0.203 -0.176 -0.176
 0.268  1.077 -0.062 -0.178 -0.201 -0.174 -0.174
 0.270  1.081 -0.058 -0.176 -0.200 -0.173 -0.173
 0.272  1.084 -0.054 -0.174 -0.199 -0.171 -0.171
 0.274  1.088 -0.050 -0.172 -0.198 -0.170 -0.170
 0.276  1.091 -0.046 -0.170 -0.196 -0.168 -0.168
 0.278  1.094 -0.042 -0.168 -0.194 -0.167 -0.167
 0.280  1.097 -0.038 -0.166 -0.193 -0.165 -0.165
 0.282  1.100 -0.034 -0.163 -0.192 -0.164 -0.164
 0.284  1.103 -0.029 -0.161 -0.190 -0.162 -0.162
 0.286  1.107 -0.026 -0.159 -0.189 -0.160 -0.160
 0.288  1.109 -0.022 -0.157 -0.187 -0.159 -0.159
 0.290  1.113 -0.017 -0.154 -0.185 -0.157 -0.157
 0.292  1.115 -0.014 -0.152 -0.184 -0.155 -0.155
 0.294  1.118 -0.010 -0.149 -0.182 -0.154 -0.154
 0.296  1.120 -0.007 -0.147 -0.180 -0.152 -0.152
 0.298  1.124 -0.002 -0.145 -0.178 -0.150 -0.150
 0.300  1.126  0.002 -0.142 -0.176 -0.149 -0.149
 0.302  1.129  0.005 -0.140 -0.175 -0.147 -0.147
 0.304  1.132  0.009 -0.137 -0.173 -0.145 -0.145
 0.306  1.134  0.013 -0.135 -0.171 -0.143 -0.143
 0.308  1.137  0.016 -0.132 -0.169 -0.142 -0.142
 0.310  1.139  0.020 -0.129 -0.167 -0.140 -0.140
 0.312  1.143  0.024 -0.127 -0.165 -0.138 -0.138
 0.314  1.145  0.026 -0.125 -0.163 -0.137 -0.137
 0.316  1.148  0.030 -0.122 -0.161 -0.135 -0.135
 0.318  1.151  0.034 -0.120 -0.159 -0.134 -0.134
 0.320  1.153  0.036 -0.117 -0.157 -0.132 -0.132
 0.322  1.156  0.040 -0.114 -0.154 -0.131 -0.131
 0.324  1.158  0.043 -0.112 -0.152 -0.130 -0.130
 0.326  1.161  0.046 -0.108 -0.150 -0.128 -0.128
 0.328  1.163  0.049 -0.106 -0.147 -0.127 -0.127
 0.330  1.167  0.053 -0.103 -0.145 -0.125 -0.125
 0.332  1.170  0.055 -0.100 -0.143 -0.124 -0.124
 0.334  1.172  0.058 -0.097 -0.141 -0.122 -0.122
 0.336  1.175  0.062 -0.094 -0.138 -0.121 -0.121
 0.338  1.177  0.065 -0.092 -0.136 -0.119 -0.119
 0.340  1.180  0.067 -0.088 -0.134 -0.118 -0.118
 0.342  1.182  0.070 -0.086 -0.131 -0.117 -0.117
 0.344  1.185  0.073 -0.082 -0.129 -0.115 -0.115
 0.346  1.188  0.076 -0.080 -0.127 -0.114 -0.114
 0.348  1.191  0.078 -0.077 -0.125 -0.113 -0.113
 0.350  1.194  0.081 -0.074 -0.122 -0.112 -0.112
 0.352  1.196  0.084 -0.071 -0.120 -0.110 -0.110
 0.354  1.199  0.086 -0.068 -0.119 -0.109 -0.109
 0.356  1.201  0.088 -0.065 -0.116 -0.108 -0.108
 0.358  1.204  0.091 -0.063 -0.114 -0.107 -0.107
 0.360  1.207  0.093 -0.060 -0.113 -0.106 -0.106
 0.362  1.209  0.096 -0.057 -0.111 -0.104 -0.104
 0.364  1.213  0.098 -0.055 -0.108 -0.103 -0.103
 0.366  1.215  0.100 -0.052 -0.107 -0.102 -0.102
 0.368  1.218  0.103 -0.049 -0.105 -0.101 -0.101
 0.370  1.220  0.106 -0.047 -0.103 -0.100 -0.100
 0.372  1.223  0.107 -0.044 -0.102 -0.099 -0.099
 0.374  1.226  0.110 -0.041 -0.100 -0.098 -0.098
 0.376  1.228  0.113 -0.039 -0.098 -0.097 -0.097
 0.378  1.231  0.116 -0.037 -0.096 -0.095 -0.095
 0.380  1.233  0.117 -0.035 -0.095 -0.094 -0.094
 0.382  1.236  0.120 -0.032 -0.093 -0.093 -0.093
 0.384  1.239  0.123 -0.030 -0.091 -0.092 -0.092
 0.386  1.242  0.126 -0.028 -0.090 -0.091 -0.091
 0.388  1.245  0.128 -0.026 -0.088 -0.090 -0.090
 0.390  1.247  0.130 -0.024 -0.087 -0.089 -0.089
 0.392  1.250  0.133 -0.022 -0.086 -0.087 -0.087
 0.394  1.251  0.136 -0.020 -0.084 -0.086 -0.086
 0.396  1.254  0.138 -0.018 -0.083 -0.085 -0.085
 0.398  1.257  0.141 -0.016 -0.081 -0.084 -0.084
 0.400  1.259  0.144 -0.014 -0.080 -0.082 -0.082
 0.402  1.262  0.147 -0.012 -0.079 -0.081 -0.081
 0.404  1.264  0.149 -0.010 -0.077 -0.080 -0.080
 0.406  1.267  0.152 -0.008 -0.076 -0.078 -0.078
 0.408  1.270  0.155 -0.006 -0.075 -0.077 -0.077
 0.410  1.272  0.158 -0.004 -0.074 -0.076 -0.076
 0.412  1.274  0.160 -0.003 -0.073 -0.075 -0.075
 0.414  1.277  0.163 -0.001 -0.072 -0.073 -0.073
 0.416  1.279  0.167  0.000 -0.070 -0.072 -0.072
 0.418  1.282  0.169  0.002 -0.069 -0.071 -0.071
 0.420  1.283  0.172  0.004 -0.068 -0.069 -0.069
 0.422  1.286  0.175  0.005 -0.066 -0.068 -0.068
 0.424  1.289  0.178  0.007 -0.065 -0.066 -0.066
 0.426  1.291  0.181  0.008 -0.064 -0.065 -0.065
 0.428  1.293  0.184  0.009 -0.063 -0.063 -0.063
 0.430  1.295  0.187  0.011 -0.061 -0.062 -0.062
 0.432  1.298  0.189  0.013 -0.060 -0.060 -0.060
 0.434  1.300  0.193  0.014 -0.059 -0.059 -0.059
 0.436  1.302  0.196  0.015 -0.058 -0.057 -0.057
 0.438  1.304  0.199  0.017 -0.056 -0.056 -0.056
 0.440  1.307  0.201  0.019 -0.055 -0.054 -0.054
 0.442  1.309  0.204  0.020 -0.053 -0.053 -0.053
 0.444  1.311  0.207  0.022 -0.052 -0.051 -0.051
 0.446  1.314  0.210  0.023 -0.051 -0.050 -0.050
 0.448  1.315  0.212  0.025 -0.050 -0.048 -0.048
 0.450  1.317  0.215  0.027 -0.049 -0.047 -0.047
 0.452  1.320  0.218  0.028 -0.047 -0.045 -0.045
 0.454  1.321  0.220  0.029 -0.046 -0.044 -0.044
 0.456  1.323  0.223  0.031 -0.044 -0.042 -0.042
 0.458  1.326  0.225  0.033 -0.043 -0.041 -0.041
 0.460  1.327  0.228  0.034 -0.042 -0.040 -0.040
 0.462  1.329  0.230  0.035 -0.041 -0.038 -0.038
 0.464  1.331  0.232  0.037 -0.039 -0.037 -0.037
 0.466  1.333  0.235  0.039 -0.037 -0.036 -0.036
 0.468  1.334  0.237  0.040 -0.036 -0.034 -0.034
 0.470  1.336  0.239  0.041 -0.035 -0.033 -0.033
 0.472  1.338  0.241  0.043 -0.034 -0.032 -0.032
 0.474  1.340  0.243  0.045 -0.032 -0.030 -0.030
 0.476  1.341  0.245  0.046 -0.031 -0.029 -0.029
 0.478  1.343  0.248  0.047 -0.029 -0.028 -0.028
 0.480  1.345  0.250  0.049 -0.028 -0.027 -0.027
 0.482  1.346  0.251  0.051 -0.027 -0.026 -0.026
 0.484  1.347  0.253  0.052 -0.026 -0.024 -0.024
 0.486  1.349  0.255  0.053 -0.024 -0.023 -0.023
 0.488  1.350  0.257  0.055 -0.023 -0.023 -0.023
 0.490  1.352  0.259  0.056 -0.022 -0.022 -0.022
 0.492  1.352  0.261  0.058 -0.020 -0.021 -0.021
 0.494  1.353  0.261  0.059 -0.019 -0.019 -0.019
 0.496  1.355  0.263  0.060 -0.018 -0.018 -0.018
 0.498  1.356  0.265  0.062 -0.017 -0.017 -0.017
 0.500  1.357  0.267  0.063 -0.016 -0.016 -0.016
 0.502  1.358  0.268  0.064 -0.014 -0.015 -0.015
 0.504  1.359  0.270  0.066 -0.013 -0.015 -0.015
 0.506  1.360  0.271  0.067 -0.012 -0.014 -0.014
 0.508  1.361  0.272  0.068 -0.011 -0.013 -0.013
 0.510  1.362  0.273  0.070 -0.010 -0.012 -0.012
 0.512  1.363  0.275  0.071 -0.009 -0.011 -0.011
 0.514  1.364  0.276  0.072 -0.009 -0.010 -0.010
 0.516  1.365  0.278  0.073 -0.008 -0.009 -0.009
 0.518  1.365  0.279  0.074 -0.006 -0.008 -0.008
 0.520  1.366  0.281  0.075 -0.005 -0.007 -0.007
 0.522  1.367  0.282  0.076 -0.004 -0.007 -0.007
 0.524  1.368  0.282  0.077 -0.004 -0.006 -0.006
 0.526  1.369  0.284  0.078 -0.003 -0.005 -0.005
 0.528  1.369  0.285  0.079 -0.002 -0.004 -0.004
 0.530  1.370  0.287  0.080 -0.001 -0.003 -0.003
 0.532  1.371  0.288  0.080 -0.000 -0.002 -0.002
 0.534  1.371  0.289  0.082  0.000 -0.002 -0.002
 0.536  1.372  0.291  0.082  0.001 -0.001 -0.001
 0.538  1.373  0.292  0.083  0.002 -0.000 -0.000
 0.540  1.374  0.292  0.084  0.003  0.001  0.001
 0.542  1.374  0.294  0.084  0.004  0.002  0.002
 0.544  1.375  0.295  0.085  0.004  0.002  0.002
 0.546  1.376  0.296  0.086  0.005  0.003  0.003
 0.548  1.377  0.297  0.086  0.005  0.004  0.004
 0.550  1.377  0.299  0.087  0.006  0.005  0.005
 0.552  1.377  0.300  0.088  0.007  0.005  0.005
 0.554  1.378  0.301  0.088  0.007  0.006  0.006
 0.556  1.379  0.302  0.088  0.009  0.007  0.007
 0.558  1.380  0.302  0.089  0.009  0.008  0.008
 0.560  1.380  0.304  0.090  0.010  0.009  0.009
 0.562  1.381  0.305  0.090  0.011  0.009  0.009
 0.564  1.382  0.306  0.090  0.011  0.010  0.010
 0.566  1.383  0.307  0.091  0.012  0.011  0.011
 0.568  1.383  0.308  0.091  0.013  0.011  0.011
 0.570  1.384  0.309  0.092  0.014  0.012  0.012
 0.572  1.384  0.310  0.092  0.015  0.013  0.013
 0.574  1.385  0.311  0.092  0.015  0.014  0.014
 0.576  1.385  0.312  0.093  0.017  0.014  0.014
 0.578  1.386  0.313  0.094  0.018  0.015  0.015
 0.580  1.387  0.313  0.094  0.019  0.016  0.016
 0.582  1.387  0.314  0.094  0.019  0.016  0.016
 0.584  1.388  0.315  0.095  0.020  0.017  0.017
 0.586  1.389  0.316  0.095  0.021  0.018  0.018
 0.588  1.389  0.317  0.096  0.022  0.018  0.018
 0.590  1.390  0.318  0.097  0.023  0.019  0.019
 0.592  1.390  0.319  0.097  0.025  0.020  0.020
 0.594  1.390  0.320  0.097  0.026  0.020  0.020
 0.596  1.391  0.320  0.098  0.027  0.021  0.021
 0.598  1.392  0.321  0.099  0.028  0.022  0.022
 0.600  1.392  0.322  0.099  0.029  0.022  0.022
 0.602  1.393  0.323  0.100  0.030  0.023  0.023
 0.604  1.393  0.323  0.101  0.031  0.024  0.024
 0.606  1.394  0.323  0.101  0.033  0.025  0.025
 0.608  1.394  0.323  0.102  0.034  0.025  0.025
 0.610  1.395  0.324  0.103  0.035  0.026  0.026
 0.612  1.395  0.324  0.103  0.036  0.027  0.027
 0.614  1.396  0.325  0.104  0.037  0.027  0.027
 0.616  1.396  0.325  0.105  0.039  0.028  0.028
 0.618  1.396  0.326  0.105  0.040  0.029  0.029
 0.620  1.396  0.326  0.106  0.042  0.030  0.030
 0.622  1.396  0.327  0.107  0.043  0.030  0.030
 0.624  1.397  0.327  0.108  0.044  0.031  0.031
 0.626  1.397  0.327  0.109  0.045  0.031  0.031
 0.628  1.397  0.328  0.109  0.046  0.032  0.032
 0.630  1.398  0.328  0.110  0.048  0.033  0.033
 0.632  1.398  0.328  0.111  0.049  0.033  0.033
 0.634  1.398  0.328  0.112  0.050  0.034  0.034
 0.636  1.398  0.328  0.113  0.052  0.035  0.035
 0.638  1.399  0.328  0.113  0.053  0.035  0.035
 0.640  1.399  0.329  0.115  0.054  0.036  0.036
 0.642  1.399  0.329  0.115  0.055  0.037  0.037
 0.644  1.399  0.329  0.117  0.056  0.038  0.038
 0.646  1.400  0.329  0.117  0.058  0.038  0.038
 0.648  1.400  0.329  0.119  0.059  0.039  0.039
 0.650  1.400  0.329  0.120  0.060  0.040  0.040
 0.652  1.400  0.329  0.121  0.061  0.041  0.041
 0.654  1.400  0.329  0.122  0.062  0.041  0.041
 0.656  1.400  0.330  0.123  0.063  0.042  0.042
 0.658  1.400  0.330  0.125  0.064  0.043  0.043
 0.660  1.400  0.330  0.125  0.065  0.044  0.044
 0.662  1.400  0.331  0.127  0.066  0.044  0.044
 0.664  1.401  0.331  0.128  0.067  0.045  0.045
 0.666  1.401  0.332  0.129  0.068  0.046  0.046
 0.668  1.401  0.333  0.131  0.069  0.047  0.047
 0.670  1.401  0.333  0.133  0.070  0.047  0.047
 0.672  1.401  0.333  0.134  0.071  0.048  0.048
 0.674  1.402  0.334  0.135  0.072  0.049  0.049
 0.676  1.402  0.335  0.137  0.073  0.050  0.050
 0.678  1.403  0.336  0.139  0.074  0.051  0.051
 0.680  1.403  0.337  0.140  0.075  0.051  0.051
 0.682  1.403  0.338  0.141  0.076  0.052  0.052
 0.684  1.403  0.340  0.143  0.077  0.053  0.053
 0.686  1.404  0.341  0.144  0.077  0.054  0.054
 0.688  1.404  0.342  0.146  0.078  0.055  0.055
 0.690  1.405  0.344  0.148  0.080  0.056  0.056
 0.692  1.406  0.344  0.150  0.080  0.056  0.056
 0.694  1.406  0.346  0.152  0.081  0.057  0.057
 0.696  1.407  0.348  0.154  0.082  0.058  0.058
 0.698  1.408  0.349  0.155  0.083  0.059  0.059
 0.700  1.409  0.351  0.157  0.084  0.060  0.060
 0.702  1.409  0.353  0.159  0.085  0.061  0.061
 0.704  1.409  0.354  0.161  0.086  0.062  0.062
 0.706  1.410  0.356  0.163  0.087  0.062  0.062
 0.708  1.411  0.358  0.165  0.088  0.063  0.063
 0.710  1.412  0.360  0.166  0.089  0.064  0.064
 0.712  1.413  0.363  0.168  0.090  0.065  0.065
 0.714  1.415  0.364  0.170  0.092  0.066  0.066
 0.716  1.415  0.366  0.172  0.093  0.067  0.067
 0.718  1.416  0.369  0.173  0.094  0.068  0.068
 0.720  1.417  0.371  0.174  0.096  0.069  0.069
 0.722  1.419  0.373  0.176  0.097  0.070  0.070
 0.724  1.420  0.375  0.178  0.098  0.071  0.071
 0.726  1.421  0.376  0.179  0.099  0.072  0.072
 0.728  1.422  0.377  0.180  0.101  0.072  0.072
 0.730  1.423  0.379  0.181  0.102  0.073  0.073
 0.732  1.424  0.380  0.182  0.104  0.074  0.074
 0.734  1.426  0.381  0.183  0.105  0.075  0.075
 0.736  1.427  0.381  0.184  0.107  0.077  0.077
 0.738  1.428  0.382  0.185  0.108  0.078  0.078
 0.740  1.428  0.382  0.186  0.109  0.079  0.079
 0.742  1.430  0.382  0.187  0.111  0.080  0.080
 0.744  1.431  0.382  0.187  0.113  0.081  0.081
 0.746  1.432  0.381  0.188  0.114  0.082  0.082
 0.748  1.433  0.380  0.189  0.116  0.083  0.083
 0.750  1.434  0.379  0.189  0.118  0.084  0.084
 0.752  1.434  0.378  0.190  0.120  0.085  0.085
 0.754  1.435  0.377  0.190  0.121  0.087  0.087
 0.756  1.436  0.375  0.191  0.123  0.088  0.088
 0.758  1.437  0.374  0.191  0.125  0.089  0.089
 0.760  1.438  0.372  0.191  0.127  0.091  0.091
 0.762  1.439  0.370  0.192  0.129  0.092  0.092
 0.764  1.439  0.368  0.192  0.130  0.093  0.093
 0.766  1.440  0.365  0.192  0.132  0.095  0.095
 0.768  1.440  0.363  0.192  0.133  0.096  0.096
 0.770  1.440  0.360  0.192  0.134  0.098  0.098
 0.772  1.441  0.357  0.192  0.135  0.099  0.099
 0.774  1.441  0.354  0.191  0.135  0.101  0.101
 0.776  1.441  0.351  0.191  0.135  0.103  0.103
 0.778  1.442  0.347  0.190  0.135  0.104  0.104
 0.780  1.442  0.344  0.189  0.135  0.106  0.106
 0.782  1.442  0.339  0.188  0.134  0.107  0.107
 0.784  1.443  0.335  0.187  0.133  0.109  0.109
 0.786  1.443  0.331  0.185  0.131  0.111  0.111
 0.788  1.443  0.326  0.183  0.130  0.113  0.113
 0.790  1.443  0.321  0.180  0.129  0.114  0.114
 0.792  1.444  0.316  0.178  0.127  0.116  0.116
 0.794  1.444  0.311  0.174  0.124  0.118  0.118
 0.796  1.444  0.305  0.171  0.122  0.120  0.120
 0.798  1.444  0.299  0.166  0.119  0.121  0.121
 0.800  1.444  0.292  0.162  0.116  0.123  0.123
 0.802  1.443  0.286  0.157  0.113  0.125  0.125
 0.804  1.443  0.280  0.152  0.109  0.126  0.126
 0.806  1.442  0.273  0.147  0.105  0.127  0.127
 0.808  1.440  0.266  0.141  0.101  0.128  0.128
 0.810  1.439  0.259  0.135  0.097  0.128  0.128
 0.812  1.437  0.251  0.129  0.092  0.128  0.128
 0.814  1.434  0.243  0.122  0.087  0.128  0.128
 0.816  1.431  0.234  0.115  0.082  0.128  0.128
 0.818  1.428  0.226  0.108  0.076  0.127  0.127
 0.820  1.423  0.218  0.101  0.070  0.125  0.125
 0.822  1.419  0.209  0.093  0.065  0.124  0.124
 0.824  1.414  0.199  0.084  0.058  0.122  0.122
 0.826  1.409  0.189  0.076  0.052  0.120  0.120
 0.828  1.403  0.179  0.067  0.045  0.118  0.118
 0.830  1.396  0.169  0.057  0.038  0.115  0.115
 0.832  1.390  0.159  0.047  0.031  0.113  0.113
 0.834  1.384  0.148  0.037  0.023  0.109  0.109
 0.836  1.376  0.137  0.027  0.017  0.106  0.106
 0.838  1.368  0.127  0.015  0.009  0.103  0.103
 0.840  1.360  0.116  0.004  0.001  0.099  0.099
 0.842  1.351  0.104 -0.008 -0.006  0.095  0.095
 0.844  1.342  0.092 -0.019 -0.014  0.090  0.090
 0.846  1.333  0.080 -0.031 -0.022  0.085  0.085
 0.848  1.322  0.067 -0.043 -0.029  0.081  0.081
 0.850  1.311  0.055 -0.055 -0.037  0.075  0.075
 0.852  1.300  0.042 -0.066 -0.045  0.070  0.070
 0.854  1.289  0.028 -0.078 -0.052  0.063  0.063
 0.856  1.277  0.014 -0.089 -0.060  0.057  0.057
 0.858  1.264  0.001 -0.100 -0.068  0.050  0.050
 0.860  1.251 -0.013 -0.112 -0.075  0.043  0.043
 0.862  1.237 -0.027 -0.123 -0.083  0.036  0.036
 0.864  1.223 -0.041 -0.133 -0.090  0.029  0.029
 0.866  1.209 -0.055 -0.144 -0.098  0.021  0.021
 0.868  1.195 -0.069 -0.155 -0.105  0.013  0.013
 0.870  1.180 -0.082 -0.165 -0.113  0.006  0.006
 0.872  1.164 -0.096 -0.175 -0.120 -0.003 -0.003
 0.874  1.150 -0.109 -0.185 -0.128 -0.011 -0.011
 0.876  1.134 -0.121 -0.195 -0.135 -0.019 -0.019
 0.878  1.119 -0.134 -0.204 -0.143 -0.027 -0.027
 0.880  1.103 -0.147 -0.213 -0.150 -0.035 -0.035
 0.882  1.088 -0.160 -0.222 -0.158 -0.043 -0.043
 0.884  1.073 -0.172 -0.231 -0.165 -0.051 -0.051
 0.886  1.057 -0.183 -0.240 -0.173 -0.060 -0.060
 0.888  1.043 -0.195 -0.249 -0.180 -0.068 -0.068
 0.890  1.027 -0.206 -0.256 -0.188 -0.076 -0.076
 0.892  1.013 -0.218 -0.264 -0.196 -0.083 -0.083
 0.894  0.999 -0.229 -0.273 -0.203 -0.091 -0.091
 0.896  0.985 -0.240 -0.280 -0.211 -0.099 -0.099
 0.898  0.971 -0.251 -0.288 -0.218 -0.107 -0.107
 0.900  0.958 -0.262 -0.296 -0.225 -0.115 -0.115
 0.902  0.944 -0.272 -0.303 -0.233 -0.123 -0.123
 0.904  0.931 -0.282 -0.310 -0.240 -0.130 -0.130
 0.906  0.919 -0.292 -0.317 -0.248 -0.138 -0.138
 0.908  0.906 -0.302 -0.323 -0.255 -0.145 -0.145
 0.910  0.894 -0.312 -0.330 -0.262 -0.153 -0.153
 0.912  0.882 -0.321 -0.337 -0.269 -0.160 -0.160
 0.914  0.870 -0.330 -0.342 -0.276 -0.168 -0.168
 0.916  0.858 -0.339 -0.348 -0.282 -0.175 -0.175
 0.918  0.846 -0.348 -0.354 -0.288 -0.183 -0.183
 0.920  0.835 -0.357 -0.360 -0.294 -0.190 -0.190
 0.922  0.823 -0.366 -0.365 -0.301 -0.197 -0.197
 0.924  0.811 -0.374 -0.370 -0.306 -0.204 -0.204
 0.926  0.801 -0.382 -0.376 -0.312 -0.212 -0.212
 0.928  0.790 -0.389 -0.381 -0.317 -0.219 -0.219
 0.930  0.779 -0.398 -0.386 -0.323 -0.226 -0.226
 0.932  0.768 -0.405 -0.390 -0.328 -0.234 -0.234
 0.934  0.758 -0.412 -0.395 -0.333 -0.240 -0.240
 0.936  0.748 -0.419 -0.399 -0.338 -0.248 -0.248
 0.938  0.738 -0.426 -0.404 -0.342 -0.255 -0.255
 0.940  0.729 -0.433 -0.408 -0.346 -0.262 -0.262
 0.942  0.719 -0.440 -0.412 -0.350 -0.268 -0.268
 0.944  0.710 -0.446 -0.416 -0.355 -0.275 -0.275
 0.946  0.701 -0.451 -0.420 -0.358 -0.282 -0.282
 0.948  0.692 -0.458 -0.423 -0.362 -0.288 -0.288
 0.950  0.685 -0.463 -0.427 -0.365 -0.294 -0.294
 0.952  0.676 -0.468 -0.430 -0.369 -0.299 -0.299
 0.954  0.668 -0.473 -0.434 -0.372 -0.305 -0.305
 0.956  0.661 -0.478 -0.436 -0.375 -0.310 -0.310
 0.958  0.654 -0.483 -0.440 -0.377 -0.315 -0.315
 0.960  0.647 -0.487 -0.442 -0.380 -0.320 -0.320
 0.962  0.641 -0.492 -0.445 -0.382 -0.325 -0.325
 0.964  0.634 -0.495 -0.448 -0.384 -0.329 -0.329
 0.966  0.629 -0.500 -0.450 -0.386 -0.333 -0.333
 0.968  0.623 -0.502 -0.452 -0.388 -0.337 -0.337
 0.970  0.618 -0.506 -0.454 -0.389 -0.341 -0.341
 0.972  0.614 -0.510 -0.456 -0.391 -0.344 -0.344
 0.974  0.609 -0.512 -0.458 -0.392 -0.347 -0.347
 0.976  0.605 -0.515 -0.460 -0.394 -0.350 -0.350
 0.978  0.601 -0.517 -0.462 -0.395 -0.353 -0.353
 0.980  0.597 -0.520 -0.463 -0.395 -0.356 -0.356
 0.982  0.594 -0.522 -0.464 -0.396 -0.358 -0.358
 0.984  0.591 -0.523 -0.465 -0.397 -0.360 -0.360
 0.986  0.589 -0.525 -0.466 -0.397 -0.362 -0.362
 0.988  0.587 -0.526 -0.467 -0.398 -0.363 -0.363
 0.990  0.585 -0.528 -0.468 -0.398 -0.365 -0.365
 0.992  0.584 -0.529 -0.468 -0.399 -0.366 -0.366
 0.994  0.583 -0.529 -0.469 -0.399 -0.366 -0.366
 0.996  0.582 -0.530 -0.469 -0.399 -0.367 -0.367
 0.998  0.581 -0.530 -0.470 -0.399 -0.367 -0.367
