# IsPeriodic    : True
# Period        : 0.603993 days
# Normalization : <g_mag>=0
# 
# Phase u_mag  g_mag  r_mag  i_mag  z_mag  y_mag
 0.000  0.554 -0.607 -0.579 -0.539 -0.502 -0.502
 0.002  0.554 -0.606 -0.579 -0.539 -0.502 -0.502
 0.004  0.555 -0.605 -0.579 -0.539 -0.502 -0.502
 0.006  0.556 -0.603 -0.578 -0.539 -0.501 -0.501
 0.008  0.557 -0.601 -0.577 -0.538 -0.501 -0.501
 0.010  0.558 -0.598 -0.575 -0.537 -0.500 -0.500
 0.012  0.560 -0.596 -0.574 -0.536 -0.498 -0.498
 0.014  0.561 -0.593 -0.572 -0.535 -0.497 -0.497
 0.016  0.564 -0.590 -0.570 -0.533 -0.496 -0.496
 0.018  0.565 -0.587 -0.568 -0.532 -0.494 -0.494
 0.020  0.568 -0.583 -0.566 -0.530 -0.492 -0.492
 0.022  0.570 -0.579 -0.563 -0.528 -0.490 -0.490
 0.024  0.573 -0.575 -0.561 -0.526 -0.489 -0.489
 0.026  0.575 -0.571 -0.559 -0.524 -0.487 -0.487
 0.028  0.578 -0.567 -0.556 -0.523 -0.486 -0.486
 0.030  0.581 -0.564 -0.554 -0.521 -0.484 -0.484
 0.032  0.584 -0.559 -0.551 -0.518 -0.483 -0.483
 0.034  0.587 -0.556 -0.549 -0.516 -0.481 -0.481
 0.036  0.590 -0.552 -0.547 -0.514 -0.480 -0.480
 0.038  0.594 -0.547 -0.544 -0.512 -0.478 -0.478
 0.040  0.597 -0.544 -0.542 -0.510 -0.477 -0.477
 0.042  0.601 -0.539 -0.539 -0.508 -0.475 -0.475
 0.044  0.605 -0.535 -0.536 -0.505 -0.474 -0.474
 0.046  0.609 -0.530 -0.534 -0.503 -0.472 -0.472
 0.048  0.613 -0.526 -0.530 -0.501 -0.471 -0.471
 0.050  0.618 -0.521 -0.528 -0.499 -0.470 -0.470
 0.052  0.622 -0.515 -0.525 -0.497 -0.468 -0.468
 0.054  0.627 -0.511 -0.522 -0.495 -0.466 -0.466
 0.056  0.632 -0.505 -0.519 -0.493 -0.465 -0.465
 0.058  0.636 -0.500 -0.515 -0.491 -0.463 -0.463
 0.060  0.642 -0.495 -0.512 -0.489 -0.461 -0.461
 0.062  0.646 -0.489 -0.509 -0.488 -0.460 -0.460
 0.064  0.652 -0.484 -0.505 -0.485 -0.459 -0.459
 0.066  0.657 -0.478 -0.502 -0.483 -0.457 -0.457
 0.068  0.664 -0.472 -0.498 -0.481 -0.455 -0.455
 0.070  0.669 -0.466 -0.495 -0.480 -0.454 -0.454
 0.072  0.675 -0.461 -0.491 -0.478 -0.452 -0.452
 0.074  0.681 -0.454 -0.487 -0.476 -0.451 -0.451
 0.076  0.687 -0.448 -0.483 -0.474 -0.449 -0.449
 0.078  0.693 -0.443 -0.480 -0.472 -0.448 -0.448
 0.080  0.699 -0.436 -0.476 -0.470 -0.446 -0.446
 0.082  0.705 -0.431 -0.472 -0.468 -0.445 -0.445
 0.084  0.711 -0.424 -0.469 -0.466 -0.443 -0.443
 0.086  0.716 -0.418 -0.465 -0.464 -0.441 -0.441
 0.088  0.721 -0.413 -0.462 -0.463 -0.440 -0.440
 0.090  0.727 -0.407 -0.458 -0.461 -0.438 -0.438
 0.092  0.732 -0.401 -0.455 -0.459 -0.437 -0.437
 0.094  0.738 -0.395 -0.451 -0.457 -0.436 -0.436
 0.096  0.743 -0.390 -0.448 -0.455 -0.434 -0.434
 0.098  0.748 -0.384 -0.444 -0.453 -0.432 -0.432
 0.100  0.753 -0.379 -0.441 -0.452 -0.431 -0.431
 0.102  0.757 -0.373 -0.438 -0.450 -0.429 -0.429
 0.104  0.762 -0.369 -0.434 -0.448 -0.428 -0.428
 0.106  0.767 -0.363 -0.431 -0.446 -0.427 -0.427
 0.108  0.771 -0.358 -0.428 -0.445 -0.425 -0.425
 0.110  0.775 -0.353 -0.425 -0.443 -0.423 -0.423
 0.112  0.780 -0.348 -0.421 -0.441 -0.422 -0.422
 0.114  0.784 -0.343 -0.418 -0.439 -0.420 -0.420
 0.116  0.789 -0.339 -0.416 -0.437 -0.419 -0.419
 0.118  0.793 -0.333 -0.412 -0.436 -0.418 -0.418
 0.120  0.796 -0.329 -0.410 -0.434 -0.416 -0.416
 0.122  0.800 -0.324 -0.406 -0.432 -0.415 -0.415
 0.124  0.804 -0.320 -0.404 -0.431 -0.413 -0.413
 0.126  0.808 -0.315 -0.401 -0.429 -0.412 -0.412
 0.128  0.811 -0.311 -0.398 -0.427 -0.410 -0.410
 0.130  0.815 -0.307 -0.395 -0.426 -0.409 -0.409
 0.132  0.818 -0.302 -0.393 -0.423 -0.407 -0.407
 0.134  0.821 -0.299 -0.390 -0.422 -0.406 -0.406
 0.136  0.825 -0.294 -0.387 -0.420 -0.405 -0.405
 0.138  0.828 -0.290 -0.385 -0.418 -0.403 -0.403
 0.140  0.831 -0.287 -0.382 -0.417 -0.402 -0.402
 0.142  0.834 -0.283 -0.380 -0.415 -0.401 -0.401
 0.144  0.836 -0.279 -0.378 -0.413 -0.399 -0.399
 0.146  0.839 -0.275 -0.375 -0.412 -0.398 -0.398
 0.148  0.843 -0.271 -0.372 -0.410 -0.397 -0.397
 0.150  0.845 -0.268 -0.371 -0.408 -0.395 -0.395
 0.152  0.848 -0.264 -0.368 -0.406 -0.394 -0.394
 0.154  0.850 -0.260 -0.365 -0.405 -0.392 -0.392
 0.156  0.854 -0.258 -0.363 -0.403 -0.391 -0.391
 0.158  0.856 -0.254 -0.361 -0.401 -0.390 -0.390
 0.160  0.859 -0.250 -0.359 -0.400 -0.388 -0.388
 0.162  0.861 -0.247 -0.357 -0.398 -0.387 -0.387
 0.164  0.864 -0.243 -0.354 -0.396 -0.386 -0.386
 0.166  0.867 -0.239 -0.352 -0.395 -0.385 -0.385
 0.168  0.870 -0.236 -0.350 -0.393 -0.383 -0.383
 0.170  0.873 -0.232 -0.348 -0.391 -0.382 -0.382
 0.172  0.875 -0.229 -0.345 -0.390 -0.380 -0.380
 0.174  0.879 -0.226 -0.343 -0.388 -0.379 -0.379
 0.176  0.882 -0.222 -0.341 -0.386 -0.378 -0.378
 0.178  0.884 -0.218 -0.339 -0.385 -0.376 -0.376
 0.180  0.887 -0.215 -0.337 -0.383 -0.375 -0.375
 0.182  0.890 -0.211 -0.335 -0.382 -0.374 -0.374
 0.184  0.893 -0.208 -0.332 -0.380 -0.373 -0.373
 0.186  0.896 -0.204 -0.330 -0.378 -0.371 -0.371
 0.188  0.899 -0.200 -0.328 -0.377 -0.370 -0.370
 0.190  0.902 -0.197 -0.325 -0.375 -0.369 -0.369
 0.192  0.904 -0.193 -0.324 -0.374 -0.367 -0.367
 0.194  0.907 -0.189 -0.322 -0.373 -0.366 -0.366
 0.196  0.911 -0.186 -0.320 -0.371 -0.365 -0.365
 0.198  0.914 -0.183 -0.317 -0.370 -0.364 -0.364
 0.200  0.916 -0.179 -0.315 -0.368 -0.363 -0.363
 0.202  0.919 -0.176 -0.313 -0.367 -0.361 -0.361
 0.204  0.922 -0.172 -0.311 -0.366 -0.360 -0.360
 0.206  0.925 -0.168 -0.309 -0.364 -0.359 -0.359
 0.208  0.929 -0.165 -0.307 -0.362 -0.358 -0.358
 0.210  0.931 -0.161 -0.305 -0.361 -0.356 -0.356
 0.212  0.934 -0.157 -0.303 -0.360 -0.355 -0.355
 0.214  0.937 -0.154 -0.301 -0.358 -0.354 -0.354
 0.216  0.940 -0.150 -0.299 -0.357 -0.353 -0.353
 0.218  0.943 -0.146 -0.297 -0.356 -0.352 -0.352
 0.220  0.947 -0.143 -0.295 -0.355 -0.351 -0.351
 0.222  0.950 -0.140 -0.293 -0.353 -0.349 -0.349
 0.224  0.952 -0.136 -0.291 -0.352 -0.348 -0.348
 0.226  0.955 -0.133 -0.289 -0.351 -0.347 -0.347
 0.228  0.958 -0.129 -0.287 -0.350 -0.346 -0.346
 0.230  0.961 -0.126 -0.285 -0.349 -0.345 -0.345
 0.232  0.964 -0.123 -0.283 -0.347 -0.344 -0.344
 0.234  0.967 -0.119 -0.281 -0.346 -0.342 -0.342
 0.236  0.969 -0.115 -0.279 -0.345 -0.341 -0.341
 0.238  0.972 -0.112 -0.277 -0.344 -0.340 -0.340
 0.240  0.975 -0.109 -0.275 -0.343 -0.339 -0.339
 0.242  0.978 -0.105 -0.273 -0.341 -0.338 -0.338
 0.244  0.981 -0.103 -0.271 -0.340 -0.336 -0.336
 0.246  0.983 -0.099 -0.269 -0.339 -0.335 -0.335
 0.248  0.986 -0.096 -0.267 -0.338 -0.334 -0.334
 0.250  0.989 -0.093 -0.265 -0.337 -0.333 -0.333
 0.252  0.991 -0.090 -0.263 -0.336 -0.332 -0.332
 0.254  0.994 -0.086 -0.261 -0.334 -0.331 -0.331
 0.256  0.997 -0.084 -0.260 -0.333 -0.330 -0.330
 0.258  0.999 -0.081 -0.258 -0.331 -0.329 -0.329
 0.260  1.001 -0.077 -0.256 -0.330 -0.327 -0.327
 0.262  1.004 -0.074 -0.254 -0.329 -0.326 -0.326
 0.264  1.007 -0.072 -0.252 -0.328 -0.325 -0.325
 0.266  1.009 -0.069 -0.250 -0.326 -0.324 -0.324
 0.268  1.011 -0.066 -0.248 -0.325 -0.323 -0.323
 0.270  1.014 -0.063 -0.246 -0.324 -0.322 -0.322
 0.272  1.016 -0.060 -0.245 -0.323 -0.321 -0.321
 0.274  1.018 -0.057 -0.243 -0.321 -0.320 -0.320
 0.276  1.021 -0.054 -0.241 -0.320 -0.319 -0.319
 0.278  1.023 -0.052 -0.239 -0.319 -0.318 -0.318
 0.280  1.025 -0.049 -0.237 -0.317 -0.316 -0.316
 0.282  1.028 -0.046 -0.235 -0.315 -0.315 -0.315
 0.284  1.030 -0.044 -0.233 -0.314 -0.314 -0.314
 0.286  1.032 -0.041 -0.231 -0.312 -0.314 -0.314
 0.288  1.035 -0.039 -0.230 -0.311 -0.313 -0.313
 0.290  1.037 -0.036 -0.228 -0.310 -0.311 -0.311
 0.292  1.039 -0.033 -0.226 -0.308 -0.310 -0.310
 0.294  1.041 -0.031 -0.224 -0.307 -0.309 -0.309
 0.296  1.043 -0.028 -0.222 -0.305 -0.308 -0.308
 0.298  1.046 -0.026 -0.220 -0.304 -0.307 -0.307
 0.300  1.048 -0.023 -0.218 -0.302 -0.306 -0.306
 0.302  1.050 -0.021 -0.216 -0.300 -0.305 -0.305
 0.304  1.052 -0.018 -0.214 -0.299 -0.304 -0.304
 0.306  1.054 -0.015 -0.213 -0.297 -0.303 -0.303
 0.308  1.057 -0.013 -0.211 -0.296 -0.302 -0.302
 0.310  1.059 -0.011 -0.209 -0.294 -0.301 -0.301
 0.312  1.061 -0.008 -0.207 -0.293 -0.300 -0.300
 0.314  1.063 -0.005 -0.205 -0.291 -0.299 -0.299
 0.316  1.065 -0.003 -0.203 -0.289 -0.297 -0.297
 0.318  1.068  0.000 -0.201 -0.288 -0.296 -0.296
 0.320  1.070  0.003 -0.200 -0.286 -0.295 -0.295
 0.322  1.072  0.006 -0.198 -0.284 -0.294 -0.294
 0.324  1.074  0.008 -0.196 -0.283 -0.293 -0.293
 0.326  1.076  0.011 -0.194 -0.281 -0.292 -0.292
 0.328  1.079  0.014 -0.192 -0.280 -0.291 -0.291
 0.330  1.080  0.017 -0.191 -0.278 -0.290 -0.290
 0.332  1.082  0.018 -0.189 -0.277 -0.288 -0.288
 0.334  1.085  0.021 -0.187 -0.276 -0.287 -0.287
 0.336  1.087  0.024 -0.185 -0.274 -0.286 -0.286
 0.338  1.089  0.027 -0.184 -0.273 -0.285 -0.285
 0.340  1.091  0.029 -0.182 -0.271 -0.283 -0.283
 0.342  1.093  0.032 -0.180 -0.269 -0.283 -0.283
 0.344  1.096  0.035 -0.178 -0.268 -0.281 -0.281
 0.346  1.098  0.038 -0.177 -0.267 -0.280 -0.280
 0.348  1.100  0.040 -0.175 -0.265 -0.279 -0.279
 0.350  1.102  0.043 -0.173 -0.264 -0.277 -0.277
 0.352  1.104  0.046 -0.171 -0.263 -0.276 -0.276
 0.354  1.107  0.049 -0.169 -0.261 -0.275 -0.275
 0.356  1.108  0.052 -0.167 -0.260 -0.273 -0.273
 0.358  1.111  0.055 -0.166 -0.259 -0.272 -0.272
 0.360  1.113  0.058 -0.164 -0.257 -0.271 -0.271
 0.362  1.115  0.060 -0.162 -0.256 -0.270 -0.270
 0.364  1.117  0.063 -0.160 -0.254 -0.268 -0.268
 0.366  1.119  0.066 -0.159 -0.253 -0.267 -0.267
 0.368  1.122  0.069 -0.157 -0.252 -0.266 -0.266
 0.370  1.123  0.071 -0.155 -0.251 -0.264 -0.264
 0.372  1.125  0.074 -0.154 -0.249 -0.263 -0.263
 0.374  1.128  0.077 -0.152 -0.248 -0.262 -0.262
 0.376  1.129  0.080 -0.150 -0.247 -0.261 -0.261
 0.378  1.132  0.082 -0.149 -0.246 -0.259 -0.259
 0.380  1.134  0.085 -0.147 -0.245 -0.258 -0.258
 0.382  1.136  0.088 -0.145 -0.244 -0.257 -0.257
 0.384  1.138  0.090 -0.143 -0.242 -0.255 -0.255
 0.386  1.140  0.093 -0.141 -0.241 -0.254 -0.254
 0.388  1.142  0.096 -0.139 -0.239 -0.252 -0.252
 0.390  1.144  0.099 -0.138 -0.238 -0.252 -0.252
 0.392  1.146  0.100 -0.136 -0.237 -0.250 -0.250
 0.394  1.148  0.103 -0.134 -0.236 -0.249 -0.249
 0.396  1.150  0.106 -0.133 -0.235 -0.248 -0.248
 0.398  1.152  0.109 -0.131 -0.233 -0.246 -0.246
 0.400  1.154  0.111 -0.130 -0.232 -0.245 -0.245
 0.402  1.156  0.114 -0.128 -0.231 -0.244 -0.244
 0.404  1.158  0.116 -0.126 -0.230 -0.242 -0.242
 0.406  1.160  0.119 -0.124 -0.229 -0.241 -0.241
 0.408  1.161  0.121 -0.122 -0.227 -0.240 -0.240
 0.410  1.164  0.124 -0.121 -0.226 -0.239 -0.239
 0.412  1.165  0.126 -0.119 -0.224 -0.238 -0.238
 0.414  1.168  0.129 -0.118 -0.223 -0.237 -0.237
 0.416  1.169  0.131 -0.116 -0.222 -0.235 -0.235
 0.418  1.172  0.133 -0.114 -0.221 -0.234 -0.234
 0.420  1.173  0.136 -0.113 -0.219 -0.233 -0.233
 0.422  1.175  0.139 -0.111 -0.218 -0.232 -0.232
 0.424  1.177  0.141 -0.109 -0.217 -0.231 -0.231
 0.426  1.179  0.143 -0.107 -0.215 -0.230 -0.230
 0.428  1.181  0.146 -0.106 -0.214 -0.229 -0.229
 0.430  1.183  0.148 -0.104 -0.213 -0.227 -0.227
 0.432  1.184  0.151 -0.103 -0.212 -0.226 -0.226
 0.434  1.186  0.152 -0.101 -0.210 -0.225 -0.225
 0.436  1.188  0.155 -0.100 -0.208 -0.224 -0.224
 0.438  1.190  0.157 -0.098 -0.207 -0.223 -0.223
 0.440  1.192  0.160 -0.096 -0.206 -0.221 -0.221
 0.442  1.193  0.162 -0.094 -0.204 -0.220 -0.220
 0.444  1.195  0.164 -0.093 -0.203 -0.220 -0.220
 0.446  1.197  0.166 -0.091 -0.202 -0.218 -0.218
 0.448  1.198  0.168 -0.090 -0.200 -0.217 -0.217
 0.450  1.200  0.171 -0.089 -0.199 -0.216 -0.216
 0.452  1.202  0.172 -0.087 -0.198 -0.215 -0.215
 0.454  1.204  0.174 -0.085 -0.196 -0.214 -0.214
 0.456  1.205  0.176 -0.084 -0.195 -0.213 -0.213
 0.458  1.207  0.178 -0.083 -0.193 -0.212 -0.212
 0.460  1.208  0.180 -0.081 -0.192 -0.210 -0.210
 0.462  1.210  0.182 -0.080 -0.191 -0.210 -0.210
 0.464  1.211  0.183 -0.078 -0.189 -0.209 -0.209
 0.466  1.213  0.185 -0.077 -0.188 -0.208 -0.208
 0.468  1.215  0.187 -0.075 -0.187 -0.207 -0.207
 0.470  1.216  0.189 -0.074 -0.186 -0.205 -0.205
 0.472  1.218  0.191 -0.073 -0.184 -0.204 -0.204
 0.474  1.219  0.192 -0.072 -0.183 -0.203 -0.203
 0.476  1.220  0.193 -0.070 -0.182 -0.202 -0.202
 0.478  1.222  0.195 -0.069 -0.181 -0.201 -0.201
 0.480  1.223  0.197 -0.068 -0.180 -0.200 -0.200
 0.482  1.225  0.198 -0.067 -0.178 -0.199 -0.199
 0.484  1.226  0.200 -0.066 -0.177 -0.198 -0.198
 0.486  1.227  0.201 -0.064 -0.176 -0.197 -0.197
 0.488  1.229  0.203 -0.063 -0.175 -0.196 -0.196
 0.490  1.230  0.203 -0.062 -0.174 -0.195 -0.195
 0.492  1.231  0.205 -0.061 -0.173 -0.194 -0.194
 0.494  1.233  0.206 -0.060 -0.172 -0.193 -0.193
 0.496  1.234  0.207 -0.059 -0.171 -0.192 -0.192
 0.498  1.235  0.208 -0.058 -0.170 -0.191 -0.191
 0.500  1.236  0.210 -0.057 -0.169 -0.190 -0.190
 0.502  1.237  0.211 -0.056 -0.168 -0.189 -0.189
 0.504  1.239  0.212 -0.055 -0.167 -0.189 -0.189
 0.506  1.240  0.213 -0.054 -0.166 -0.188 -0.188
 0.508  1.241  0.213 -0.053 -0.165 -0.187 -0.187
 0.510  1.242  0.214 -0.052 -0.164 -0.186 -0.186
 0.512  1.243  0.215 -0.051 -0.163 -0.185 -0.185
 0.514  1.244  0.216 -0.050 -0.162 -0.184 -0.184
 0.516  1.245  0.217 -0.049 -0.161 -0.183 -0.183
 0.518  1.246  0.218 -0.048 -0.161 -0.182 -0.182
 0.520  1.247  0.219 -0.047 -0.160 -0.181 -0.181
 0.522  1.247  0.220 -0.046 -0.159 -0.180 -0.180
 0.524  1.248  0.221 -0.045 -0.158 -0.179 -0.179
 0.526  1.249  0.221 -0.045 -0.157 -0.179 -0.179
 0.528  1.250  0.222 -0.044 -0.157 -0.178 -0.178
 0.530  1.251  0.223 -0.043 -0.156 -0.177 -0.177
 0.532  1.251  0.223 -0.042 -0.155 -0.176 -0.176
 0.534  1.252  0.223 -0.042 -0.155 -0.175 -0.175
 0.536  1.253  0.224 -0.040 -0.154 -0.174 -0.174
 0.538  1.254  0.224 -0.040 -0.153 -0.173 -0.173
 0.540  1.254  0.225 -0.039 -0.153 -0.172 -0.172
 0.542  1.254  0.225 -0.038 -0.152 -0.172 -0.172
 0.544  1.255  0.226 -0.038 -0.151 -0.171 -0.171
 0.546  1.255  0.226 -0.036 -0.151 -0.170 -0.170
 0.548  1.256  0.227 -0.036 -0.150 -0.169 -0.169
 0.550  1.256  0.227 -0.035 -0.149 -0.168 -0.168
 0.552  1.257  0.228 -0.034 -0.149 -0.168 -0.168
 0.554  1.257  0.228 -0.034 -0.148 -0.167 -0.167
 0.556  1.258  0.228 -0.033 -0.147 -0.167 -0.167
 0.558  1.258  0.229 -0.032 -0.146 -0.166 -0.166
 0.560  1.258  0.229 -0.032 -0.146 -0.165 -0.165
 0.562  1.258  0.229 -0.031 -0.145 -0.164 -0.164
 0.564  1.258  0.229 -0.030 -0.145 -0.164 -0.164
 0.566  1.258  0.229 -0.030 -0.144 -0.163 -0.163
 0.568  1.258  0.229 -0.029 -0.144 -0.162 -0.162
 0.570  1.258  0.230 -0.028 -0.143 -0.161 -0.161
 0.572  1.258  0.230 -0.028 -0.143 -0.161 -0.161
 0.574  1.258  0.230 -0.027 -0.142 -0.160 -0.160
 0.576  1.258  0.230 -0.026 -0.142 -0.159 -0.159
 0.578  1.258  0.230 -0.026 -0.141 -0.159 -0.159
 0.580  1.258  0.230 -0.025 -0.141 -0.158 -0.158
 0.582  1.258  0.230 -0.025 -0.140 -0.158 -0.158
 0.584  1.258  0.230 -0.024 -0.140 -0.157 -0.157
 0.586  1.258  0.230 -0.024 -0.139 -0.157 -0.157
 0.588  1.258  0.230 -0.023 -0.139 -0.156 -0.156
 0.590  1.258  0.230 -0.023 -0.138 -0.155 -0.155
 0.592  1.258  0.230 -0.022 -0.138 -0.155 -0.155
 0.594  1.258  0.230 -0.022 -0.138 -0.154 -0.154
 0.596  1.258  0.230 -0.021 -0.137 -0.154 -0.154
 0.598  1.258  0.230 -0.021 -0.137 -0.153 -0.153
 0.600  1.258  0.230 -0.021 -0.136 -0.152 -0.152
 0.602  1.258  0.230 -0.020 -0.136 -0.152 -0.152
 0.604  1.258  0.230 -0.019 -0.135 -0.151 -0.151
 0.606  1.258  0.230 -0.019 -0.135 -0.150 -0.150
 0.608  1.258  0.230 -0.019 -0.135 -0.150 -0.150
 0.610  1.258  0.230 -0.019 -0.134 -0.149 -0.149
 0.612  1.258  0.231 -0.018 -0.134 -0.149 -0.149
 0.614  1.258  0.231 -0.018 -0.133 -0.148 -0.148
 0.616  1.258  0.231 -0.017 -0.132 -0.148 -0.148
 0.618  1.258  0.231 -0.017 -0.132 -0.147 -0.147
 0.620  1.258  0.231 -0.017 -0.132 -0.146 -0.146
 0.622  1.258  0.231 -0.017 -0.131 -0.146 -0.146
 0.624  1.258  0.231 -0.017 -0.131 -0.145 -0.145
 0.626  1.258  0.232 -0.016 -0.130 -0.145 -0.145
 0.628  1.258  0.232 -0.016 -0.130 -0.144 -0.144
 0.630  1.258  0.232 -0.016 -0.129 -0.143 -0.143
 0.632  1.258  0.232 -0.015 -0.129 -0.143 -0.143
 0.634  1.258  0.233 -0.015 -0.129 -0.142 -0.142
 0.636  1.258  0.233 -0.015 -0.128 -0.141 -0.141
 0.638  1.258  0.233 -0.015 -0.128 -0.141 -0.141
 0.640  1.258  0.233 -0.015 -0.127 -0.140 -0.140
 0.642  1.258  0.233 -0.015 -0.127 -0.139 -0.139
 0.644  1.258  0.233 -0.015 -0.126 -0.139 -0.139
 0.646  1.258  0.233 -0.015 -0.126 -0.138 -0.138
 0.648  1.257  0.234 -0.015 -0.125 -0.137 -0.137
 0.650  1.257  0.234 -0.015 -0.125 -0.137 -0.137
 0.652  1.257  0.234 -0.015 -0.124 -0.137 -0.137
 0.654  1.257  0.234 -0.015 -0.124 -0.136 -0.136
 0.656  1.257  0.235 -0.015 -0.124 -0.135 -0.135
 0.658  1.257  0.235 -0.015 -0.123 -0.135 -0.135
 0.660  1.257  0.235 -0.015 -0.123 -0.134 -0.134
 0.662  1.257  0.235 -0.015 -0.122 -0.133 -0.133
 0.664  1.256  0.235 -0.015 -0.122 -0.133 -0.133
 0.666  1.256  0.235 -0.015 -0.121 -0.132 -0.132
 0.668  1.256  0.235 -0.015 -0.121 -0.131 -0.131
 0.670  1.256  0.235 -0.015 -0.120 -0.130 -0.130
 0.672  1.256  0.235 -0.015 -0.120 -0.130 -0.130
 0.674  1.255  0.235 -0.015 -0.119 -0.129 -0.129
 0.676  1.255  0.235 -0.016 -0.118 -0.128 -0.128
 0.678  1.255  0.234 -0.016 -0.117 -0.127 -0.127
 0.680  1.255  0.234 -0.016 -0.116 -0.127 -0.127
 0.682  1.254  0.234 -0.017 -0.115 -0.126 -0.126
 0.684  1.254  0.234 -0.017 -0.115 -0.125 -0.125
 0.686  1.254  0.233 -0.017 -0.114 -0.125 -0.125
 0.688  1.254  0.233 -0.017 -0.113 -0.124 -0.124
 0.690  1.254  0.233 -0.018 -0.112 -0.123 -0.123
 0.692  1.254  0.233 -0.018 -0.111 -0.122 -0.122
 0.694  1.254  0.232 -0.019 -0.110 -0.121 -0.121
 0.696  1.253  0.232 -0.019 -0.108 -0.120 -0.120
 0.698  1.253  0.231 -0.019 -0.107 -0.119 -0.119
 0.700  1.252  0.231 -0.019 -0.106 -0.118 -0.118
 0.702  1.252  0.230 -0.020 -0.105 -0.117 -0.117
 0.704  1.252  0.229 -0.021 -0.103 -0.117 -0.117
 0.706  1.251  0.229 -0.021 -0.101 -0.116 -0.116
 0.708  1.251  0.228 -0.021 -0.100 -0.115 -0.115
 0.710  1.251  0.227 -0.022 -0.099 -0.114 -0.114
 0.712  1.251  0.226 -0.023 -0.097 -0.113 -0.113
 0.714  1.250  0.225 -0.023 -0.095 -0.112 -0.112
 0.716  1.250  0.225 -0.024 -0.094 -0.111 -0.111
 0.718  1.250  0.224 -0.025 -0.092 -0.110 -0.110
 0.720  1.249  0.223 -0.025 -0.090 -0.109 -0.109
 0.722  1.249  0.223 -0.025 -0.089 -0.108 -0.108
 0.724  1.248  0.222 -0.026 -0.086 -0.107 -0.107
 0.726  1.248  0.221 -0.026 -0.084 -0.106 -0.106
 0.728  1.248  0.221 -0.026 -0.082 -0.105 -0.105
 0.730  1.248  0.220 -0.026 -0.080 -0.104 -0.104
 0.732  1.248  0.220 -0.026 -0.078 -0.103 -0.103
 0.734  1.248  0.219 -0.026 -0.076 -0.102 -0.102
 0.736  1.248  0.219 -0.026 -0.074 -0.100 -0.100
 0.738  1.248  0.219 -0.026 -0.072 -0.099 -0.099
 0.740  1.248  0.219 -0.026 -0.070 -0.098 -0.098
 0.742  1.248  0.219 -0.025 -0.068 -0.096 -0.096
 0.744  1.248  0.219 -0.025 -0.066 -0.095 -0.095
 0.746  1.248  0.220 -0.024 -0.063 -0.094 -0.094
 0.748  1.249  0.220 -0.023 -0.061 -0.092 -0.092
 0.750  1.249  0.221 -0.022 -0.059 -0.090 -0.090
 0.752  1.249  0.221 -0.021 -0.058 -0.089 -0.089
 0.754  1.250  0.222 -0.019 -0.055 -0.087 -0.087
 0.756  1.250  0.223 -0.019 -0.053 -0.085 -0.085
 0.758  1.251  0.223 -0.017 -0.052 -0.084 -0.084
 0.760  1.251  0.223 -0.015 -0.050 -0.082 -0.082
 0.762  1.251  0.224 -0.014 -0.048 -0.080 -0.080
 0.764  1.252  0.226 -0.012 -0.047 -0.078 -0.078
 0.766  1.253  0.227 -0.011 -0.045 -0.076 -0.076
 0.768  1.253  0.228 -0.009 -0.044 -0.074 -0.074
 0.770  1.254  0.230 -0.006 -0.042 -0.072 -0.072
 0.772  1.254  0.232 -0.004 -0.041 -0.070 -0.070
 0.774  1.255  0.233 -0.002 -0.039 -0.068 -0.068
 0.776  1.256  0.234  0.000 -0.038 -0.065 -0.065
 0.778  1.257  0.236  0.004 -0.037 -0.064 -0.064
 0.780  1.258  0.238  0.006 -0.035 -0.061 -0.061
 0.782  1.258  0.241  0.009 -0.034 -0.059 -0.059
 0.784  1.260  0.243  0.011 -0.033 -0.056 -0.056
 0.786  1.261  0.244  0.015 -0.032 -0.054 -0.054
 0.788  1.261  0.247  0.017 -0.031 -0.051 -0.051
 0.790  1.263  0.249  0.021 -0.030 -0.049 -0.049
 0.792  1.264  0.251  0.024 -0.029 -0.046 -0.046
 0.794  1.265  0.254  0.026 -0.028 -0.044 -0.044
 0.796  1.266  0.255  0.030 -0.027 -0.041 -0.041
 0.798  1.268  0.258  0.032 -0.026 -0.039 -0.039
 0.800  1.268  0.260  0.036 -0.025 -0.036 -0.036
 0.802  1.270  0.262  0.038 -0.024 -0.034 -0.034
 0.804  1.272  0.264  0.041 -0.023 -0.032 -0.032
 0.806  1.273  0.266  0.044 -0.023 -0.030 -0.030
 0.808  1.275  0.268  0.047 -0.022 -0.028 -0.028
 0.810  1.276  0.271  0.049 -0.022 -0.027 -0.027
 0.812  1.278  0.273  0.051 -0.022 -0.026 -0.026
 0.814  1.279  0.274  0.053 -0.022 -0.026 -0.026
 0.816  1.281  0.276  0.055 -0.023 -0.025 -0.025
 0.818  1.283  0.278  0.057 -0.023 -0.025 -0.025
 0.820  1.285  0.280  0.059 -0.024 -0.026 -0.026
 0.822  1.286  0.282  0.061 -0.026 -0.026 -0.026
 0.824  1.288  0.283  0.062 -0.027 -0.028 -0.028
 0.826  1.290  0.285  0.064 -0.029 -0.029 -0.029
 0.828  1.292  0.286  0.065 -0.031 -0.030 -0.030
 0.830  1.294  0.287  0.066 -0.034 -0.032 -0.032
 0.832  1.297  0.289  0.067 -0.036 -0.034 -0.034
 0.834  1.298  0.290  0.068 -0.040 -0.036 -0.036
 0.836  1.301  0.291  0.069 -0.044 -0.039 -0.039
 0.838  1.303  0.292  0.070 -0.047 -0.042 -0.042
 0.840  1.305  0.293  0.070 -0.051 -0.045 -0.045
 0.842  1.308  0.294  0.071 -0.056 -0.048 -0.048
 0.844  1.310  0.295  0.071 -0.061 -0.052 -0.052
 0.846  1.312  0.296  0.072 -0.066 -0.056 -0.056
 0.848  1.315  0.297  0.072 -0.072 -0.060 -0.060
 0.850  1.318  0.298  0.072 -0.078 -0.065 -0.065
 0.852  1.320  0.299  0.073 -0.084 -0.070 -0.070
 0.854  1.323  0.301  0.073 -0.090 -0.075 -0.075
 0.856  1.326  0.302  0.073 -0.097 -0.081 -0.081
 0.858  1.328  0.303  0.073 -0.104 -0.087 -0.087
 0.860  1.330  0.304  0.072 -0.111 -0.093 -0.093
 0.862  1.333  0.304  0.071 -0.119 -0.099 -0.099
 0.864  1.334  0.304  0.071 -0.127 -0.106 -0.106
 0.866  1.335  0.303  0.069 -0.135 -0.113 -0.113
 0.868  1.335  0.302  0.067 -0.144 -0.120 -0.120
 0.870  1.334  0.300  0.066 -0.153 -0.127 -0.127
 0.872  1.333  0.297  0.063 -0.162 -0.134 -0.134
 0.874  1.331  0.294  0.060 -0.172 -0.142 -0.142
 0.876  1.328  0.290  0.056 -0.182 -0.149 -0.149
 0.878  1.323  0.285  0.052 -0.192 -0.157 -0.157
 0.880  1.318  0.279  0.047 -0.203 -0.164 -0.164
 0.882  1.313  0.272  0.042 -0.214 -0.172 -0.172
 0.884  1.307  0.264  0.036 -0.224 -0.179 -0.179
 0.886  1.300  0.256  0.030 -0.235 -0.187 -0.187
 0.888  1.292  0.248  0.024 -0.245 -0.195 -0.195
 0.890  1.284  0.238  0.017 -0.255 -0.202 -0.202
 0.892  1.276  0.228  0.009 -0.266 -0.210 -0.210
 0.894  1.265  0.217  0.001 -0.276 -0.217 -0.217
 0.896  1.256  0.205 -0.008 -0.285 -0.225 -0.225
 0.898  1.245  0.193 -0.017 -0.295 -0.232 -0.232
 0.900  1.233  0.180 -0.026 -0.304 -0.240 -0.240
 0.902  1.222  0.166 -0.036 -0.313 -0.247 -0.247
 0.904  1.208  0.151 -0.047 -0.322 -0.254 -0.254
 0.906  1.194  0.136 -0.058 -0.331 -0.262 -0.262
 0.908  1.179  0.120 -0.070 -0.340 -0.270 -0.270
 0.910  1.164  0.101 -0.082 -0.348 -0.277 -0.277
 0.912  1.147  0.083 -0.094 -0.356 -0.284 -0.284
 0.914  1.129  0.064 -0.108 -0.364 -0.292 -0.292
 0.916  1.111  0.044 -0.122 -0.372 -0.299 -0.299
 0.918  1.091  0.023 -0.137 -0.380 -0.307 -0.307
 0.920  1.072  0.001 -0.152 -0.387 -0.314 -0.314
 0.922  1.050 -0.022 -0.167 -0.395 -0.322 -0.322
 0.924  1.029 -0.044 -0.183 -0.402 -0.329 -0.329
 0.926  1.008 -0.068 -0.199 -0.409 -0.337 -0.337
 0.928  0.986 -0.092 -0.216 -0.416 -0.345 -0.345
 0.930  0.965 -0.116 -0.233 -0.422 -0.352 -0.352
 0.932  0.943 -0.141 -0.250 -0.429 -0.359 -0.359
 0.934  0.922 -0.167 -0.268 -0.435 -0.367 -0.367
 0.936  0.900 -0.191 -0.285 -0.441 -0.375 -0.375
 0.938  0.879 -0.217 -0.303 -0.447 -0.382 -0.382
 0.940  0.858 -0.241 -0.320 -0.453 -0.389 -0.389
 0.942  0.838 -0.266 -0.337 -0.459 -0.397 -0.397
 0.944  0.818 -0.290 -0.354 -0.464 -0.404 -0.404
 0.946  0.799 -0.313 -0.371 -0.469 -0.411 -0.411
 0.948  0.780 -0.336 -0.386 -0.474 -0.418 -0.418
 0.950  0.762 -0.357 -0.401 -0.479 -0.424 -0.424
 0.952  0.745 -0.378 -0.416 -0.483 -0.430 -0.430
 0.954  0.729 -0.398 -0.429 -0.488 -0.436 -0.436
 0.956  0.714 -0.416 -0.442 -0.492 -0.442 -0.442
 0.958  0.699 -0.433 -0.455 -0.496 -0.447 -0.447
 0.960  0.686 -0.450 -0.466 -0.500 -0.452 -0.452
 0.962  0.672 -0.465 -0.477 -0.504 -0.457 -0.457
 0.964  0.661 -0.480 -0.487 -0.507 -0.462 -0.462
 0.966  0.649 -0.494 -0.497 -0.511 -0.466 -0.466
 0.968  0.638 -0.506 -0.506 -0.514 -0.470 -0.470
 0.970  0.628 -0.518 -0.515 -0.517 -0.474 -0.474
 0.972  0.618 -0.530 -0.523 -0.520 -0.478 -0.478
 0.974  0.610 -0.541 -0.530 -0.522 -0.481 -0.481
 0.976  0.601 -0.551 -0.538 -0.525 -0.484 -0.484
 0.978  0.593 -0.560 -0.545 -0.527 -0.487 -0.487
 0.980  0.586 -0.569 -0.551 -0.529 -0.490 -0.490
 0.982  0.580 -0.577 -0.557 -0.531 -0.492 -0.492
 0.984  0.574 -0.584 -0.562 -0.532 -0.495 -0.495
 0.986  0.569 -0.590 -0.566 -0.534 -0.497 -0.497
 0.988  0.564 -0.596 -0.570 -0.535 -0.498 -0.498
 0.990  0.560 -0.600 -0.574 -0.536 -0.500 -0.500
 0.992  0.558 -0.603 -0.576 -0.537 -0.501 -0.501
 0.994  0.556 -0.606 -0.578 -0.538 -0.501 -0.501
 0.996  0.554 -0.607 -0.579 -0.539 -0.502 -0.502
 0.998  0.553 -0.608 -0.580 -0.539 -0.502 -0.502
