# IsPeriodic    : True
# Period        : 0.467452 days
# Normalization : <g_mag>=0
# 
# Phase u_mag  g_mag  r_mag  i_mag  z_mag  y_mag
0 0.189 -1.024 -0.809 -0.645 -0.555 -0.555
0.000934904 0.189 -1.024 -0.809 -0.645 -0.555 -0.555
0.00186981 0.190 -1.022 -0.809 -0.644 -0.554 -0.554
0.00280471 0.192 -1.021 -0.808 -0.642 -0.553 -0.553
0.00373962 0.193 -1.018 -0.807 -0.641 -0.552 -0.552
0.00467452 0.196 -1.015 -0.804 -0.638 -0.551 -0.551
0.00560942 0.199 -1.010 -0.802 -0.635 -0.549 -0.549
0.00654433 0.202 -1.006 -0.800 -0.631 -0.547 -0.547
0.00747923 0.206 -1.001 -0.797 -0.628 -0.545 -0.545
0.00841414 0.209 -0.995 -0.795 -0.623 -0.543 -0.543
0.00934904 0.214 -0.989 -0.792 -0.619 -0.541 -0.541
0.0102839 0.218 -0.983 -0.789 -0.615 -0.538 -0.538
0.0112188 0.224 -0.977 -0.786 -0.610 -0.536 -0.536
0.0121538 0.229 -0.971 -0.783 -0.606 -0.533 -0.533
0.0130887 0.233 -0.965 -0.779 -0.602 -0.530 -0.530
0.0140236 0.239 -0.958 -0.776 -0.597 -0.527 -0.527
0.0149585 0.245 -0.952 -0.771 -0.594 -0.525 -0.525
0.0158934 0.251 -0.946 -0.768 -0.589 -0.522 -0.522
0.0168283 0.257 -0.938 -0.763 -0.586 -0.520 -0.520
0.0177632 0.264 -0.932 -0.758 -0.582 -0.516 -0.516
0.0186981 0.270 -0.925 -0.755 -0.578 -0.514 -0.514
0.019633 0.278 -0.917 -0.749 -0.574 -0.510 -0.510
0.0205679 0.285 -0.910 -0.745 -0.569 -0.507 -0.507
0.0215028 0.292 -0.902 -0.740 -0.566 -0.505 -0.505
0.0224377 0.300 -0.895 -0.734 -0.562 -0.501 -0.501
0.0233726 0.309 -0.887 -0.728 -0.557 -0.498 -0.498
0.0243075 0.318 -0.878 -0.723 -0.553 -0.494 -0.494
0.0252424 0.326 -0.869 -0.717 -0.549 -0.490 -0.490
0.0261773 0.335 -0.860 -0.710 -0.544 -0.486 -0.486
0.0271122 0.344 -0.851 -0.704 -0.540 -0.483 -0.483
0.0280471 0.355 -0.842 -0.697 -0.536 -0.479 -0.479
0.028982 0.363 -0.832 -0.690 -0.530 -0.474 -0.474
0.0299169 0.374 -0.823 -0.683 -0.526 -0.470 -0.470
0.0308518 0.384 -0.812 -0.677 -0.522 -0.466 -0.466
0.0317867 0.396 -0.802 -0.670 -0.517 -0.462 -0.462
0.0327216 0.406 -0.791 -0.662 -0.512 -0.457 -0.457
0.0336565 0.418 -0.781 -0.655 -0.508 -0.452 -0.452
0.0345914 0.429 -0.770 -0.647 -0.503 -0.448 -0.448
0.0355264 0.440 -0.759 -0.640 -0.498 -0.444 -0.444
0.0364613 0.451 -0.749 -0.632 -0.494 -0.439 -0.439
0.0373962 0.463 -0.738 -0.625 -0.490 -0.435 -0.435
0.0383311 0.475 -0.728 -0.617 -0.485 -0.431 -0.431
0.039266 0.485 -0.717 -0.609 -0.480 -0.426 -0.426
0.0402009 0.495 -0.707 -0.602 -0.476 -0.421 -0.421
0.0411358 0.506 -0.696 -0.595 -0.471 -0.417 -0.417
0.0420707 0.516 -0.686 -0.588 -0.467 -0.413 -0.413
0.0430056 0.526 -0.675 -0.581 -0.462 -0.409 -0.409
0.0439405 0.537 -0.665 -0.574 -0.457 -0.405 -0.405
0.0448754 0.546 -0.656 -0.567 -0.453 -0.400 -0.400
0.0458103 0.556 -0.645 -0.560 -0.449 -0.396 -0.396
0.0467452 0.565 -0.636 -0.553 -0.444 -0.393 -0.393
0.0476801 0.574 -0.626 -0.548 -0.440 -0.389 -0.389
0.048615 0.583 -0.617 -0.541 -0.436 -0.385 -0.385
0.0495499 0.592 -0.608 -0.535 -0.431 -0.381 -0.381
0.0504848 0.600 -0.599 -0.529 -0.428 -0.378 -0.378
0.0514197 0.608 -0.590 -0.522 -0.424 -0.373 -0.373
0.0523546 0.617 -0.581 -0.517 -0.419 -0.370 -0.370
0.0532895 0.624 -0.573 -0.511 -0.416 -0.367 -0.367
0.0542244 0.633 -0.564 -0.505 -0.411 -0.363 -0.363
0.0551593 0.640 -0.557 -0.499 -0.408 -0.360 -0.360
0.0560942 0.648 -0.548 -0.494 -0.404 -0.357 -0.357
0.0570291 0.655 -0.540 -0.488 -0.400 -0.353 -0.353
0.057964 0.663 -0.533 -0.482 -0.397 -0.350 -0.350
0.058899 0.670 -0.525 -0.477 -0.392 -0.347 -0.347
0.0598339 0.676 -0.518 -0.472 -0.389 -0.344 -0.344
0.0607688 0.683 -0.510 -0.467 -0.385 -0.341 -0.341
0.0617037 0.689 -0.503 -0.462 -0.382 -0.337 -0.337
0.0626386 0.695 -0.495 -0.458 -0.378 -0.335 -0.335
0.0635735 0.701 -0.489 -0.452 -0.375 -0.332 -0.332
0.0645084 0.707 -0.482 -0.447 -0.371 -0.329 -0.329
0.0654433 0.713 -0.476 -0.443 -0.368 -0.326 -0.326
0.0663782 0.719 -0.470 -0.439 -0.364 -0.324 -0.324
0.0673131 0.723 -0.462 -0.435 -0.361 -0.321 -0.321
0.068248 0.729 -0.456 -0.430 -0.358 -0.319 -0.319
0.0691829 0.735 -0.450 -0.426 -0.355 -0.316 -0.316
0.0701178 0.740 -0.444 -0.421 -0.351 -0.314 -0.314
0.0710527 0.746 -0.438 -0.418 -0.348 -0.311 -0.311
0.0719876 0.750 -0.432 -0.413 -0.345 -0.309 -0.309
0.0729225 0.756 -0.426 -0.408 -0.342 -0.306 -0.306
0.0738574 0.760 -0.420 -0.405 -0.339 -0.304 -0.304
0.0747923 0.766 -0.416 -0.400 -0.336 -0.301 -0.301
0.0757272 0.771 -0.409 -0.396 -0.333 -0.299 -0.299
0.0766621 0.777 -0.403 -0.392 -0.331 -0.296 -0.296
0.077597 0.781 -0.397 -0.388 -0.327 -0.294 -0.294
0.0785319 0.787 -0.391 -0.384 -0.325 -0.291 -0.291
0.0794668 0.793 -0.385 -0.380 -0.322 -0.289 -0.289
0.0804017 0.798 -0.379 -0.375 -0.318 -0.286 -0.286
0.0813366 0.803 -0.373 -0.371 -0.316 -0.284 -0.284
0.0822716 0.809 -0.367 -0.367 -0.313 -0.281 -0.281
0.0832065 0.814 -0.361 -0.363 -0.310 -0.279 -0.279
0.0841414 0.820 -0.355 -0.359 -0.307 -0.276 -0.276
0.0850763 0.826 -0.349 -0.354 -0.305 -0.274 -0.274
0.0860112 0.830 -0.343 -0.351 -0.302 -0.271 -0.271
0.0869461 0.836 -0.337 -0.346 -0.299 -0.268 -0.268
0.087881 0.842 -0.330 -0.343 -0.296 -0.266 -0.266
0.0888159 0.848 -0.324 -0.338 -0.293 -0.263 -0.263
0.0897508 0.852 -0.318 -0.335 -0.291 -0.262 -0.262
0.0906857 0.858 -0.312 -0.330 -0.288 -0.259 -0.259
0.0916206 0.864 -0.306 -0.327 -0.285 -0.257 -0.257
0.0925555 0.870 -0.300 -0.323 -0.283 -0.254 -0.254
0.0934904 0.875 -0.294 -0.319 -0.280 -0.252 -0.252
0.0944253 0.880 -0.288 -0.315 -0.278 -0.249 -0.249
0.0953602 0.886 -0.282 -0.310 -0.275 -0.247 -0.247
0.0962951 0.892 -0.274 -0.307 -0.272 -0.244 -0.244
0.09723 0.898 -0.268 -0.304 -0.270 -0.242 -0.242
0.0981649 0.903 -0.262 -0.299 -0.267 -0.239 -0.239
0.0990998 0.909 -0.256 -0.295 -0.265 -0.237 -0.237
0.100035 0.915 -0.249 -0.291 -0.263 -0.234 -0.234
0.10097 0.920 -0.243 -0.287 -0.260 -0.231 -0.231
0.101905 0.926 -0.237 -0.284 -0.258 -0.229 -0.229
0.102839 0.932 -0.231 -0.279 -0.255 -0.226 -0.226
0.103774 0.938 -0.223 -0.276 -0.253 -0.224 -0.224
0.104709 0.943 -0.217 -0.272 -0.251 -0.221 -0.221
0.105644 0.949 -0.211 -0.269 -0.248 -0.219 -0.219
0.106579 0.955 -0.205 -0.264 -0.246 -0.217 -0.217
0.107514 0.960 -0.199 -0.261 -0.244 -0.215 -0.215
0.108449 0.965 -0.193 -0.258 -0.241 -0.212 -0.212
0.109384 0.971 -0.187 -0.254 -0.239 -0.210 -0.210
0.110319 0.975 -0.181 -0.251 -0.237 -0.207 -0.207
0.111254 0.981 -0.175 -0.247 -0.234 -0.205 -0.205
0.112188 0.987 -0.169 -0.244 -0.232 -0.203 -0.203
0.113123 0.992 -0.163 -0.239 -0.230 -0.200 -0.200
0.114058 0.998 -0.157 -0.236 -0.227 -0.198 -0.198
0.114993 1.002 -0.151 -0.232 -0.226 -0.195 -0.195
0.115928 1.006 -0.147 -0.229 -0.223 -0.194 -0.194
0.116863 1.012 -0.141 -0.225 -0.220 -0.191 -0.191
0.117798 1.017 -0.135 -0.222 -0.219 -0.189 -0.189
0.118733 1.023 -0.130 -0.218 -0.216 -0.187 -0.187
0.119668 1.027 -0.124 -0.216 -0.214 -0.184 -0.184
0.120603 1.032 -0.118 -0.213 -0.212 -0.182 -0.182
0.121538 1.036 -0.114 -0.209 -0.209 -0.180 -0.180
0.122472 1.042 -0.108 -0.206 -0.207 -0.178 -0.178
0.123407 1.046 -0.103 -0.202 -0.205 -0.176 -0.176
0.124342 1.051 -0.099 -0.199 -0.202 -0.174 -0.174
0.125277 1.055 -0.093 -0.195 -0.200 -0.172 -0.172
0.126212 1.060 -0.088 -0.193 -0.198 -0.169 -0.169
0.127147 1.064 -0.084 -0.190 -0.196 -0.168 -0.168
0.128082 1.069 -0.078 -0.186 -0.193 -0.165 -0.165
0.129017 1.073 -0.073 -0.183 -0.192 -0.163 -0.163
0.129952 1.078 -0.069 -0.180 -0.189 -0.161 -0.161
0.130887 1.082 -0.064 -0.177 -0.186 -0.159 -0.159
0.131821 1.086 -0.060 -0.173 -0.185 -0.157 -0.157
0.132756 1.091 -0.055 -0.171 -0.182 -0.155 -0.155
0.133691 1.095 -0.050 -0.168 -0.180 -0.153 -0.153
0.134626 1.100 -0.046 -0.164 -0.178 -0.151 -0.151
0.135561 1.104 -0.041 -0.162 -0.176 -0.149 -0.149
0.136496 1.107 -0.037 -0.158 -0.173 -0.147 -0.147
0.137431 1.112 -0.032 -0.156 -0.172 -0.145 -0.145
0.138366 1.116 -0.028 -0.153 -0.169 -0.143 -0.143
0.139301 1.120 -0.023 -0.150 -0.166 -0.141 -0.141
0.140236 1.125 -0.019 -0.147 -0.165 -0.139 -0.139
0.141171 1.128 -0.014 -0.144 -0.162 -0.137 -0.137
0.142105 1.132 -0.011 -0.141 -0.160 -0.135 -0.135
0.14304 1.137 -0.007 -0.138 -0.158 -0.133 -0.133
0.143975 1.141 -0.002 -0.135 -0.156 -0.132 -0.132
0.14491 1.146 0.002 -0.132 -0.153 -0.129 -0.129
0.145845 1.149 0.007 -0.130 -0.152 -0.127 -0.127
0.14678 1.153 0.010 -0.126 -0.149 -0.126 -0.126
0.147715 1.158 0.014 -0.123 -0.147 -0.123 -0.123
0.14865 1.162 0.019 -0.120 -0.145 -0.121 -0.121
0.149585 1.166 0.023 -0.117 -0.142 -0.120 -0.120
0.15052 1.169 0.028 -0.115 -0.140 -0.117 -0.117
0.151454 1.174 0.032 -0.111 -0.138 -0.116 -0.116
0.152389 1.178 0.035 -0.108 -0.135 -0.114 -0.114
0.153324 1.183 0.040 -0.106 -0.133 -0.111 -0.111
0.154259 1.186 0.044 -0.102 -0.131 -0.110 -0.110
0.155194 1.190 0.049 -0.100 -0.129 -0.108 -0.108
0.156129 1.195 0.052 -0.096 -0.127 -0.106 -0.106
0.157064 1.199 0.056 -0.094 -0.124 -0.104 -0.104
0.157999 1.202 0.061 -0.091 -0.122 -0.102 -0.102
0.158934 1.206 0.065 -0.088 -0.120 -0.100 -0.100
0.159869 1.211 0.070 -0.085 -0.118 -0.098 -0.098
0.160803 1.215 0.073 -0.081 -0.115 -0.096 -0.096
0.161738 1.220 0.077 -0.079 -0.113 -0.095 -0.095
0.162673 1.223 0.082 -0.076 -0.111 -0.092 -0.092
0.163608 1.227 0.085 -0.073 -0.108 -0.090 -0.090
0.164543 1.232 0.089 -0.070 -0.106 -0.089 -0.089
0.165478 1.236 0.094 -0.068 -0.104 -0.086 -0.086
0.166413 1.239 0.098 -0.064 -0.101 -0.084 -0.084
0.167348 1.243 0.101 -0.061 -0.099 -0.083 -0.083
0.168283 1.248 0.106 -0.058 -0.097 -0.081 -0.081
0.169218 1.251 0.110 -0.055 -0.094 -0.079 -0.079
0.170153 1.255 0.113 -0.053 -0.092 -0.077 -0.077
0.171087 1.260 0.118 -0.049 -0.089 -0.075 -0.075
0.172022 1.264 0.122 -0.047 -0.087 -0.073 -0.073
0.172957 1.267 0.127 -0.043 -0.085 -0.071 -0.071
0.173892 1.272 0.130 -0.041 -0.082 -0.069 -0.069
0.174827 1.276 0.134 -0.038 -0.080 -0.067 -0.067
0.175762 1.279 0.139 -0.035 -0.078 -0.065 -0.065
0.176697 1.283 0.142 -0.032 -0.075 -0.063 -0.063
0.177632 1.288 0.146 -0.030 -0.074 -0.061 -0.061
0.178567 1.291 0.151 -0.026 -0.071 -0.059 -0.059
0.179502 1.295 0.155 -0.024 -0.069 -0.057 -0.057
0.180436 1.298 0.158 -0.020 -0.067 -0.055 -0.055
0.181371 1.303 0.163 -0.018 -0.064 -0.053 -0.053
0.182306 1.307 0.167 -0.015 -0.062 -0.051 -0.051
0.183241 1.310 0.172 -0.012 -0.060 -0.048 -0.048
0.184176 1.315 0.175 -0.009 -0.058 -0.047 -0.047
0.185111 1.318 0.179 -0.007 -0.055 -0.044 -0.044
0.186046 1.322 0.184 -0.003 -0.053 -0.042 -0.042
0.186981 1.325 0.187 -0.001 -0.051 -0.040 -0.040
0.187916 1.329 0.191 0.003 -0.048 -0.038 -0.038
0.188851 1.332 0.196 0.005 -0.047 -0.036 -0.036
0.189786 1.337 0.200 0.008 -0.044 -0.034 -0.034
0.19072 1.340 0.203 0.011 -0.042 -0.032 -0.032
0.191655 1.344 0.208 0.014 -0.040 -0.029 -0.029
0.19259 1.347 0.212 0.017 -0.038 -0.027 -0.027
0.193525 1.352 0.217 0.020 -0.035 -0.025 -0.025
0.19446 1.355 0.220 0.022 -0.034 -0.023 -0.023
0.195395 1.359 0.224 0.025 -0.031 -0.021 -0.021
0.19633 1.362 0.229 0.028 -0.029 -0.018 -0.018
0.197265 1.366 0.233 0.030 -0.028 -0.016 -0.016
0.1982 1.369 0.238 0.034 -0.025 -0.014 -0.014
0.199135 1.372 0.241 0.036 -0.023 -0.011 -0.011
0.200069 1.377 0.245 0.040 -0.021 -0.010 -0.010
0.201004 1.380 0.250 0.042 -0.019 -0.007 -0.007
0.201939 1.383 0.254 0.044 -0.017 -0.005 -0.005
0.202874 1.387 0.257 0.048 -0.014 -0.003 -0.003
0.203809 1.390 0.262 0.050 -0.013 -0.000 -0.000
0.204744 1.393 0.266 0.053 -0.010 0.002 0.002
0.205679 1.398 0.271 0.056 -0.008 0.004 0.004
0.206614 1.400 0.274 0.058 -0.007 0.006 0.006
0.207549 1.403 0.278 0.061 -0.004 0.009 0.009
0.208484 1.406 0.281 0.064 -0.002 0.010 0.010
0.209418 1.409 0.286 0.066 -0.001 0.013 0.013
0.210353 1.414 0.289 0.068 0.002 0.015 0.015
0.211288 1.417 0.293 0.072 0.004 0.017 0.017
0.212223 1.420 0.296 0.074 0.005 0.019 0.019
0.213158 1.423 0.299 0.076 0.008 0.021 0.021
0.214093 1.426 0.304 0.079 0.010 0.023 0.023
0.215028 1.429 0.307 0.082 0.012 0.026 0.026
0.215963 1.432 0.310 0.084 0.014 0.027 0.027
0.216898 1.435 0.313 0.087 0.016 0.029 0.029
0.217833 1.438 0.316 0.089 0.018 0.031 0.031
0.218768 1.440 0.319 0.091 0.019 0.033 0.033
0.219702 1.443 0.322 0.094 0.022 0.035 0.035
0.220637 1.446 0.325 0.097 0.024 0.037 0.037
0.221572 1.449 0.328 0.099 0.025 0.039 0.039
0.222507 1.451 0.331 0.102 0.028 0.041 0.041
0.223442 1.454 0.334 0.104 0.030 0.042 0.042
0.224377 1.457 0.336 0.106 0.032 0.045 0.045
0.225312 1.460 0.339 0.109 0.033 0.047 0.047
0.226247 1.461 0.342 0.111 0.036 0.048 0.048
0.227182 1.464 0.343 0.113 0.038 0.050 0.050
0.228117 1.467 0.346 0.116 0.039 0.052 0.052
0.229051 1.470 0.348 0.118 0.042 0.053 0.053
0.229986 1.472 0.351 0.120 0.044 0.055 0.055
0.230921 1.475 0.352 0.122 0.045 0.057 0.057
0.231856 1.478 0.354 0.125 0.047 0.058 0.058
0.232791 1.479 0.357 0.127 0.050 0.060 0.060
0.233726 1.482 0.358 0.129 0.052 0.062 0.062
0.234661 1.483 0.360 0.132 0.053 0.063 0.063
0.235596 1.486 0.361 0.134 0.056 0.065 0.065
0.236531 1.488 0.363 0.136 0.058 0.067 0.067
0.237466 1.491 0.364 0.137 0.059 0.068 0.068
0.238401 1.492 0.366 0.140 0.061 0.069 0.069
0.239335 1.494 0.367 0.142 0.063 0.071 0.071
0.24027 1.497 0.369 0.144 0.065 0.073 0.073
0.241205 1.498 0.370 0.145 0.067 0.074 0.074
0.24214 1.500 0.372 0.148 0.069 0.076 0.076
0.243075 1.501 0.373 0.150 0.071 0.077 0.077
0.24401 1.503 0.375 0.151 0.072 0.079 0.079
0.244945 1.504 0.376 0.154 0.073 0.080 0.080
0.24588 1.506 0.378 0.155 0.075 0.081 0.081
0.246815 1.507 0.379 0.157 0.077 0.083 0.083
0.24775 1.509 0.379 0.158 0.078 0.084 0.084
0.248684 1.510 0.381 0.160 0.080 0.085 0.085
0.249619 1.512 0.382 0.162 0.081 0.087 0.087
0.250554 1.513 0.384 0.164 0.083 0.088 0.088
0.251489 1.515 0.384 0.165 0.084 0.089 0.089
0.252424 1.515 0.385 0.166 0.085 0.090 0.090
0.253359 1.516 0.387 0.168 0.086 0.092 0.092
0.254294 1.518 0.387 0.170 0.087 0.093 0.093
0.255229 1.518 0.388 0.171 0.088 0.094 0.094
0.256164 1.519 0.388 0.172 0.090 0.095 0.095
0.257099 1.519 0.390 0.173 0.091 0.096 0.096
0.258034 1.520 0.390 0.175 0.091 0.098 0.098
0.258968 1.520 0.391 0.177 0.092 0.099 0.099
0.259903 1.522 0.391 0.178 0.093 0.100 0.100
0.260838 1.522 0.393 0.179 0.094 0.100 0.100
0.261773 1.522 0.393 0.180 0.095 0.102 0.102
0.262708 1.523 0.393 0.181 0.095 0.103 0.103
0.263643 1.523 0.394 0.182 0.096 0.104 0.104
0.264578 1.523 0.394 0.183 0.097 0.105 0.105
0.265513 1.523 0.394 0.185 0.098 0.105 0.105
0.266448 1.523 0.396 0.185 0.098 0.107 0.107
0.267383 1.523 0.396 0.186 0.098 0.108 0.108
0.268317 1.523 0.396 0.187 0.098 0.109 0.109
0.269252 1.523 0.396 0.188 0.098 0.110 0.110
0.270187 1.523 0.396 0.188 0.099 0.110 0.110
0.271122 1.523 0.397 0.189 0.099 0.111 0.111
0.272057 1.523 0.397 0.190 0.099 0.112 0.112
0.272992 1.523 0.397 0.190 0.100 0.113 0.113
0.273927 1.523 0.397 0.192 0.100 0.114 0.114
0.274862 1.523 0.397 0.192 0.100 0.115 0.115
0.275797 1.523 0.397 0.193 0.100 0.116 0.116
0.276732 1.523 0.397 0.193 0.101 0.116 0.116
0.277666 1.523 0.397 0.194 0.101 0.117 0.117
0.278601 1.523 0.397 0.194 0.101 0.117 0.117
0.279536 1.523 0.397 0.195 0.102 0.118 0.118
0.280471 1.523 0.397 0.195 0.102 0.119 0.119
0.281406 1.523 0.397 0.195 0.102 0.120 0.120
0.282341 1.523 0.397 0.195 0.103 0.121 0.121
0.283276 1.523 0.397 0.196 0.103 0.121 0.121
0.284211 1.523 0.397 0.196 0.103 0.121 0.121
0.285146 1.523 0.397 0.196 0.103 0.122 0.122
0.286081 1.523 0.397 0.196 0.104 0.123 0.123
0.287016 1.522 0.397 0.196 0.104 0.124 0.124
0.28795 1.522 0.397 0.196 0.104 0.124 0.124
0.288885 1.522 0.397 0.196 0.104 0.125 0.125
0.28982 1.522 0.397 0.196 0.104 0.126 0.126
0.290755 1.522 0.397 0.196 0.105 0.126 0.126
0.29169 1.522 0.397 0.196 0.105 0.126 0.126
0.292625 1.522 0.397 0.196 0.105 0.127 0.127
0.29356 1.522 0.397 0.195 0.106 0.127 0.127
0.294495 1.522 0.397 0.195 0.106 0.128 0.128
0.29543 1.522 0.397 0.195 0.107 0.129 0.129
0.296365 1.522 0.396 0.194 0.107 0.129 0.129
0.297299 1.522 0.396 0.194 0.108 0.130 0.130
0.298234 1.522 0.396 0.194 0.108 0.130 0.130
0.299169 1.522 0.396 0.193 0.108 0.131 0.131
0.300104 1.522 0.396 0.193 0.109 0.131 0.131
0.301039 1.522 0.396 0.192 0.109 0.131 0.131
0.301974 1.522 0.394 0.192 0.110 0.131 0.131
0.302909 1.520 0.394 0.190 0.110 0.132 0.132
0.303844 1.520 0.394 0.190 0.111 0.132 0.132
0.304779 1.520 0.394 0.189 0.111 0.133 0.133
0.305714 1.520 0.393 0.189 0.111 0.133 0.133
0.306649 1.520 0.393 0.188 0.111 0.133 0.133
0.307583 1.520 0.393 0.188 0.112 0.134 0.134
0.308518 1.520 0.393 0.188 0.112 0.134 0.134
0.309453 1.520 0.391 0.187 0.112 0.135 0.135
0.310388 1.519 0.391 0.187 0.113 0.135 0.135
0.311323 1.519 0.391 0.186 0.113 0.136 0.136
0.312258 1.519 0.390 0.186 0.113 0.136 0.136
0.313193 1.519 0.390 0.185 0.114 0.136 0.136
0.314128 1.519 0.390 0.185 0.114 0.137 0.137
0.315063 1.518 0.388 0.185 0.114 0.137 0.137
0.315998 1.518 0.388 0.183 0.114 0.137 0.137
0.316932 1.518 0.388 0.183 0.114 0.137 0.137
0.317867 1.518 0.387 0.183 0.114 0.138 0.138
0.318802 1.516 0.387 0.182 0.114 0.138 0.138
0.319737 1.516 0.385 0.182 0.114 0.139 0.139
0.320672 1.516 0.385 0.182 0.114 0.139 0.139
0.321607 1.516 0.385 0.182 0.114 0.139 0.139
0.322542 1.515 0.384 0.181 0.114 0.140 0.140
0.323477 1.515 0.384 0.181 0.114 0.140 0.140
0.324412 1.515 0.382 0.181 0.113 0.141 0.141
0.325347 1.513 0.382 0.181 0.113 0.141 0.141
0.326281 1.513 0.381 0.181 0.113 0.142 0.142
0.327216 1.512 0.381 0.180 0.113 0.142 0.142
0.328151 1.512 0.379 0.180 0.113 0.142 0.142
0.329086 1.512 0.379 0.180 0.112 0.142 0.142
0.330021 1.510 0.378 0.180 0.112 0.142 0.142
0.330956 1.510 0.378 0.180 0.111 0.143 0.143
0.331891 1.509 0.376 0.180 0.111 0.143 0.143
0.332826 1.509 0.376 0.180 0.111 0.144 0.144
0.333761 1.507 0.375 0.179 0.111 0.144 0.144
0.334696 1.507 0.375 0.179 0.110 0.144 0.144
0.335631 1.507 0.373 0.179 0.109 0.145 0.145
0.336565 1.506 0.372 0.179 0.108 0.145 0.145
0.3375 1.506 0.372 0.179 0.108 0.146 0.146
0.338435 1.504 0.370 0.179 0.107 0.146 0.146
0.33937 1.504 0.370 0.179 0.107 0.147 0.147
0.340305 1.504 0.369 0.179 0.106 0.147 0.147
0.34124 1.504 0.369 0.179 0.106 0.147 0.147
0.342175 1.504 0.369 0.179 0.106 0.148 0.148
0.34311 1.504 0.369 0.179 0.106 0.149 0.149
0.344045 1.504 0.367 0.179 0.106 0.150 0.150
0.34498 1.504 0.367 0.179 0.106 0.151 0.151
0.345914 1.504 0.367 0.179 0.106 0.152 0.152
0.346849 1.504 0.367 0.178 0.107 0.152 0.152
0.347784 1.504 0.367 0.178 0.108 0.154 0.154
0.348719 1.504 0.367 0.178 0.108 0.155 0.155
0.349654 1.506 0.367 0.178 0.109 0.156 0.156
0.350589 1.506 0.369 0.178 0.110 0.158 0.158
0.351524 1.506 0.369 0.178 0.111 0.158 0.158
0.352459 1.507 0.369 0.178 0.112 0.160 0.160
0.353394 1.507 0.369 0.178 0.114 0.161 0.161
0.354329 1.509 0.370 0.178 0.115 0.163 0.163
0.355264 1.509 0.370 0.178 0.117 0.163 0.163
0.356198 1.510 0.372 0.178 0.118 0.165 0.165
0.357133 1.512 0.372 0.178 0.121 0.167 0.167
0.358068 1.513 0.373 0.178 0.123 0.168 0.168
0.359003 1.513 0.375 0.178 0.124 0.170 0.170
0.359938 1.515 0.375 0.178 0.127 0.172 0.172
0.360873 1.516 0.376 0.178 0.130 0.173 0.173
0.361808 1.518 0.378 0.178 0.132 0.175 0.175
0.362743 1.519 0.379 0.178 0.135 0.177 0.177
0.363678 1.520 0.381 0.178 0.138 0.179 0.179
0.364613 1.522 0.382 0.177 0.141 0.181 0.181
0.365547 1.523 0.384 0.177 0.144 0.184 0.184
0.366482 1.526 0.385 0.177 0.148 0.185 0.185
0.367417 1.528 0.388 0.178 0.151 0.188 0.188
0.368352 1.529 0.390 0.178 0.155 0.189 0.189
0.369287 1.532 0.391 0.178 0.158 0.192 0.192
0.370222 1.534 0.393 0.178 0.162 0.194 0.194
0.371157 1.535 0.396 0.179 0.166 0.196 0.196
0.372092 1.538 0.397 0.180 0.170 0.199 0.199
0.373027 1.541 0.399 0.180 0.173 0.200 0.200
0.373962 1.543 0.402 0.182 0.177 0.203 0.203
0.374897 1.546 0.403 0.183 0.181 0.205 0.205
0.375831 1.549 0.405 0.185 0.184 0.208 0.208
0.376766 1.552 0.408 0.187 0.188 0.210 0.210
0.377701 1.555 0.409 0.188 0.191 0.212 0.212
0.378636 1.558 0.412 0.190 0.195 0.215 0.215
0.379571 1.560 0.414 0.194 0.197 0.217 0.217
0.380506 1.563 0.417 0.196 0.201 0.220 0.220
0.381441 1.566 0.418 0.200 0.204 0.222 0.222
0.382376 1.569 0.421 0.202 0.206 0.225 0.225
0.383311 1.574 0.424 0.205 0.209 0.227 0.227
0.384246 1.577 0.426 0.209 0.210 0.230 0.230
0.38518 1.580 0.429 0.213 0.212 0.232 0.232
0.386115 1.584 0.430 0.217 0.214 0.235 0.235
0.38705 1.587 0.433 0.221 0.216 0.237 0.237
0.387985 1.592 0.435 0.226 0.217 0.239 0.239
0.38892 1.596 0.438 0.231 0.218 0.242 0.242
0.389855 1.599 0.439 0.235 0.220 0.244 0.244
0.39079 1.603 0.442 0.241 0.221 0.247 0.247
0.391725 1.608 0.444 0.246 0.221 0.249 0.249
0.39266 1.612 0.445 0.251 0.222 0.252 0.252
0.393595 1.617 0.448 0.257 0.223 0.254 0.254
0.394529 1.621 0.450 0.264 0.223 0.257 0.257
0.395464 1.626 0.453 0.270 0.223 0.259 0.259
0.396399 1.630 0.456 0.277 0.223 0.262 0.262
0.397334 1.636 0.459 0.284 0.223 0.264 0.264
0.398269 1.640 0.462 0.291 0.223 0.268 0.268
0.399204 1.646 0.465 0.297 0.223 0.270 0.270
0.400139 1.651 0.468 0.304 0.223 0.273 0.273
0.401074 1.655 0.471 0.311 0.223 0.276 0.276
0.402009 1.660 0.474 0.318 0.223 0.278 0.278
0.402944 1.664 0.475 0.325 0.222 0.281 0.281
0.403879 1.667 0.477 0.330 0.220 0.283 0.283
0.404813 1.669 0.478 0.334 0.219 0.284 0.284
0.405748 1.669 0.478 0.338 0.217 0.284 0.284
0.406683 1.667 0.477 0.340 0.215 0.284 0.284
0.407618 1.666 0.474 0.341 0.211 0.284 0.284
0.408553 1.661 0.471 0.340 0.208 0.281 0.281
0.409488 1.655 0.465 0.338 0.204 0.278 0.278
0.410423 1.646 0.459 0.334 0.199 0.274 0.274
0.411358 1.638 0.450 0.330 0.194 0.270 0.270
0.412293 1.627 0.441 0.324 0.188 0.265 0.265
0.413228 1.615 0.430 0.316 0.181 0.258 0.258
0.414162 1.602 0.418 0.308 0.174 0.252 0.252
0.415097 1.587 0.405 0.297 0.166 0.244 0.244
0.416032 1.572 0.391 0.287 0.157 0.236 0.236
0.416967 1.556 0.375 0.276 0.149 0.227 0.227
0.417902 1.537 0.358 0.263 0.138 0.217 0.217
0.418837 1.519 0.340 0.249 0.128 0.207 0.207
0.419772 1.498 0.321 0.234 0.117 0.196 0.196
0.420707 1.476 0.301 0.218 0.104 0.184 0.184
0.421642 1.454 0.278 0.201 0.092 0.172 0.172
0.422577 1.429 0.254 0.182 0.078 0.158 0.158
0.423512 1.402 0.230 0.163 0.065 0.144 0.144
0.424446 1.374 0.203 0.141 0.050 0.128 0.128
0.425381 1.344 0.175 0.118 0.035 0.112 0.112
0.426316 1.313 0.145 0.092 0.019 0.094 0.094
0.427251 1.279 0.115 0.067 0.002 0.077 0.077
0.428186 1.243 0.082 0.038 -0.015 0.058 0.058
0.429121 1.206 0.047 0.010 -0.034 0.037 0.037
0.430056 1.169 0.013 -0.020 -0.052 0.016 0.016
0.430991 1.129 -0.025 -0.051 -0.072 -0.005 -0.005
0.431926 1.089 -0.063 -0.084 -0.092 -0.027 -0.027
0.432861 1.049 -0.102 -0.116 -0.113 -0.050 -0.050
0.433795 1.008 -0.141 -0.149 -0.133 -0.073 -0.073
0.43473 0.968 -0.181 -0.182 -0.155 -0.095 -0.095
0.435665 0.926 -0.222 -0.215 -0.178 -0.119 -0.119
0.4366 0.885 -0.264 -0.248 -0.201 -0.142 -0.142
0.437535 0.845 -0.306 -0.281 -0.225 -0.166 -0.166
0.43847 0.805 -0.348 -0.313 -0.249 -0.189 -0.189
0.439405 0.765 -0.390 -0.344 -0.272 -0.213 -0.213
0.44034 0.726 -0.431 -0.375 -0.296 -0.236 -0.236
0.441275 0.688 -0.471 -0.406 -0.319 -0.258 -0.258
0.44221 0.652 -0.510 -0.435 -0.343 -0.279 -0.279
0.443144 0.617 -0.549 -0.464 -0.365 -0.300 -0.300
0.444079 0.583 -0.585 -0.491 -0.387 -0.321 -0.321
0.445014 0.550 -0.621 -0.517 -0.407 -0.340 -0.340
0.445949 0.519 -0.654 -0.541 -0.427 -0.358 -0.358
0.446884 0.491 -0.686 -0.565 -0.445 -0.374 -0.374
0.447819 0.463 -0.716 -0.587 -0.464 -0.391 -0.391
0.448754 0.438 -0.743 -0.608 -0.480 -0.406 -0.406
0.449689 0.412 -0.770 -0.627 -0.496 -0.421 -0.421
0.450624 0.390 -0.796 -0.645 -0.510 -0.434 -0.434
0.451559 0.368 -0.818 -0.663 -0.524 -0.447 -0.447
0.452494 0.347 -0.841 -0.680 -0.537 -0.459 -0.459
0.453428 0.328 -0.862 -0.695 -0.550 -0.470 -0.470
0.454363 0.310 -0.883 -0.710 -0.562 -0.481 -0.481
0.455298 0.294 -0.901 -0.724 -0.573 -0.491 -0.491
0.456233 0.278 -0.919 -0.736 -0.583 -0.500 -0.500
0.457168 0.263 -0.935 -0.748 -0.594 -0.510 -0.510
0.458103 0.249 -0.952 -0.759 -0.602 -0.518 -0.518
0.459038 0.238 -0.965 -0.769 -0.611 -0.526 -0.526
0.459973 0.226 -0.977 -0.778 -0.618 -0.532 -0.532
0.460908 0.217 -0.989 -0.786 -0.625 -0.538 -0.538
0.461843 0.208 -1.000 -0.793 -0.631 -0.543 -0.543
0.462777 0.200 -1.007 -0.799 -0.635 -0.547 -0.547
0.463712 0.196 -1.013 -0.803 -0.639 -0.551 -0.551
0.464647 0.192 -1.019 -0.807 -0.642 -0.553 -0.553
0.465582 0.189 -1.022 -0.809 -0.644 -0.555 -0.555
0.466517 0.187 -1.024 -0.810 -0.645 -0.556 -0.556
