# IsPeriodic    : True
# Period        : 0.595182 days
# Normalization : <g_mag>=0
# 
# Phase u_mag  g_mag  r_mag  i_mag  z_mag  y_mag
 0.000  0.647 -0.521 -0.473 -0.417 -0.398 -0.398
 0.002  0.647 -0.521 -0.473 -0.417 -0.398 -0.398
 0.004  0.648 -0.520 -0.473 -0.417 -0.398 -0.398
 0.006  0.649 -0.519 -0.473 -0.417 -0.398 -0.398
 0.008  0.650 -0.518 -0.472 -0.416 -0.397 -0.397
 0.010  0.651 -0.517 -0.471 -0.416 -0.396 -0.396
 0.012  0.652 -0.517 -0.471 -0.415 -0.396 -0.396
 0.014  0.654 -0.515 -0.470 -0.413 -0.395 -0.395
 0.016  0.656 -0.513 -0.469 -0.412 -0.394 -0.394
 0.018  0.658 -0.512 -0.468 -0.411 -0.393 -0.393
 0.020  0.660 -0.510 -0.466 -0.409 -0.392 -0.392
 0.022  0.663 -0.508 -0.465 -0.407 -0.391 -0.391
 0.024  0.666 -0.506 -0.463 -0.405 -0.390 -0.390
 0.026  0.668 -0.503 -0.462 -0.403 -0.389 -0.389
 0.028  0.670 -0.501 -0.460 -0.402 -0.388 -0.388
 0.030  0.673 -0.498 -0.458 -0.400 -0.387 -0.387
 0.032  0.676 -0.495 -0.456 -0.398 -0.385 -0.385
 0.034  0.678 -0.492 -0.454 -0.396 -0.384 -0.384
 0.036  0.681 -0.488 -0.451 -0.394 -0.383 -0.383
 0.038  0.684 -0.485 -0.448 -0.392 -0.382 -0.382
 0.040  0.687 -0.481 -0.446 -0.390 -0.381 -0.381
 0.042  0.689 -0.477 -0.442 -0.388 -0.379 -0.379
 0.044  0.692 -0.473 -0.439 -0.386 -0.378 -0.378
 0.046  0.695 -0.468 -0.436 -0.384 -0.376 -0.376
 0.048  0.698 -0.463 -0.433 -0.382 -0.375 -0.375
 0.050  0.701 -0.458 -0.430 -0.380 -0.373 -0.373
 0.052  0.704 -0.453 -0.426 -0.378 -0.371 -0.371
 0.054  0.708 -0.448 -0.422 -0.376 -0.370 -0.370
 0.056  0.711 -0.442 -0.418 -0.375 -0.368 -0.368
 0.058  0.714 -0.437 -0.415 -0.373 -0.366 -0.366
 0.060  0.717 -0.431 -0.411 -0.371 -0.364 -0.364
 0.062  0.721 -0.425 -0.407 -0.369 -0.362 -0.362
 0.064  0.724 -0.420 -0.404 -0.367 -0.361 -0.361
 0.066  0.728 -0.414 -0.400 -0.365 -0.358 -0.358
 0.068  0.732 -0.409 -0.396 -0.363 -0.356 -0.356
 0.070  0.735 -0.403 -0.393 -0.362 -0.355 -0.355
 0.072  0.739 -0.397 -0.390 -0.360 -0.352 -0.352
 0.074  0.743 -0.392 -0.386 -0.358 -0.350 -0.350
 0.076  0.747 -0.386 -0.383 -0.356 -0.348 -0.348
 0.078  0.751 -0.381 -0.380 -0.355 -0.346 -0.346
 0.080  0.754 -0.376 -0.377 -0.353 -0.344 -0.344
 0.082  0.758 -0.371 -0.373 -0.351 -0.342 -0.342
 0.084  0.762 -0.366 -0.370 -0.349 -0.340 -0.340
 0.086  0.766 -0.361 -0.367 -0.347 -0.338 -0.338
 0.088  0.770 -0.357 -0.364 -0.346 -0.336 -0.336
 0.090  0.774 -0.352 -0.361 -0.344 -0.334 -0.334
 0.092  0.778 -0.347 -0.358 -0.343 -0.332 -0.332
 0.094  0.782 -0.342 -0.355 -0.341 -0.330 -0.330
 0.096  0.786 -0.337 -0.352 -0.339 -0.329 -0.329
 0.098  0.790 -0.333 -0.349 -0.337 -0.327 -0.327
 0.100  0.794 -0.328 -0.346 -0.336 -0.325 -0.325
 0.102  0.798 -0.324 -0.343 -0.334 -0.323 -0.323
 0.104  0.802 -0.320 -0.341 -0.332 -0.322 -0.322
 0.106  0.806 -0.316 -0.338 -0.331 -0.320 -0.320
 0.108  0.810 -0.312 -0.336 -0.329 -0.318 -0.318
 0.110  0.814 -0.308 -0.333 -0.328 -0.317 -0.317
 0.112  0.817 -0.304 -0.330 -0.326 -0.315 -0.315
 0.114  0.821 -0.300 -0.328 -0.324 -0.313 -0.313
 0.116  0.825 -0.296 -0.326 -0.322 -0.312 -0.312
 0.118  0.828 -0.293 -0.324 -0.321 -0.310 -0.310
 0.120  0.832 -0.289 -0.321 -0.319 -0.309 -0.309
 0.122  0.835 -0.285 -0.319 -0.318 -0.308 -0.308
 0.124  0.838 -0.282 -0.317 -0.316 -0.306 -0.306
 0.126  0.842 -0.279 -0.314 -0.314 -0.305 -0.305
 0.128  0.846 -0.275 -0.313 -0.313 -0.303 -0.303
 0.130  0.849 -0.272 -0.310 -0.311 -0.302 -0.302
 0.132  0.852 -0.269 -0.308 -0.309 -0.301 -0.301
 0.134  0.856 -0.265 -0.306 -0.308 -0.300 -0.300
 0.136  0.859 -0.262 -0.304 -0.306 -0.299 -0.299
 0.138  0.862 -0.259 -0.302 -0.304 -0.297 -0.297
 0.140  0.865 -0.255 -0.300 -0.303 -0.296 -0.296
 0.142  0.868 -0.252 -0.297 -0.302 -0.295 -0.295
 0.144  0.872 -0.250 -0.295 -0.300 -0.294 -0.294
 0.146  0.875 -0.246 -0.294 -0.298 -0.293 -0.293
 0.148  0.878 -0.243 -0.291 -0.297 -0.292 -0.292
 0.150  0.881 -0.240 -0.289 -0.295 -0.291 -0.291
 0.152  0.883 -0.236 -0.287 -0.293 -0.289 -0.289
 0.154  0.886 -0.233 -0.285 -0.292 -0.289 -0.289
 0.156  0.889 -0.230 -0.283 -0.290 -0.287 -0.287
 0.158  0.892 -0.226 -0.281 -0.289 -0.286 -0.286
 0.160  0.895 -0.223 -0.279 -0.287 -0.285 -0.285
 0.162  0.898 -0.220 -0.277 -0.286 -0.284 -0.284
 0.164  0.901 -0.216 -0.275 -0.284 -0.283 -0.283
 0.166  0.904 -0.213 -0.273 -0.282 -0.282 -0.282
 0.168  0.907 -0.210 -0.271 -0.281 -0.281 -0.281
 0.170  0.910 -0.206 -0.269 -0.279 -0.279 -0.279
 0.172  0.912 -0.202 -0.267 -0.278 -0.279 -0.279
 0.174  0.915 -0.199 -0.265 -0.276 -0.277 -0.277
 0.176  0.918 -0.196 -0.263 -0.275 -0.276 -0.276
 0.178  0.921 -0.192 -0.261 -0.273 -0.275 -0.275
 0.180  0.924 -0.189 -0.259 -0.272 -0.274 -0.274
 0.182  0.928 -0.186 -0.257 -0.270 -0.273 -0.273
 0.184  0.931 -0.182 -0.255 -0.269 -0.271 -0.271
 0.186  0.934 -0.179 -0.253 -0.267 -0.270 -0.270
 0.188  0.936 -0.176 -0.251 -0.266 -0.269 -0.269
 0.190  0.939 -0.172 -0.249 -0.264 -0.268 -0.268
 0.192  0.943 -0.168 -0.247 -0.263 -0.266 -0.266
 0.194  0.946 -0.165 -0.246 -0.262 -0.265 -0.265
 0.196  0.949 -0.162 -0.244 -0.261 -0.264 -0.264
 0.198  0.952 -0.158 -0.242 -0.259 -0.263 -0.263
 0.200  0.955 -0.155 -0.240 -0.258 -0.262 -0.262
 0.202  0.959 -0.151 -0.238 -0.256 -0.260 -0.260
 0.204  0.962 -0.148 -0.236 -0.255 -0.259 -0.259
 0.206  0.965 -0.144 -0.234 -0.254 -0.258 -0.258
 0.208  0.968 -0.141 -0.232 -0.252 -0.256 -0.256
 0.210  0.971 -0.138 -0.230 -0.251 -0.255 -0.255
 0.212  0.975 -0.134 -0.228 -0.250 -0.254 -0.254
 0.214  0.979 -0.131 -0.227 -0.248 -0.253 -0.253
 0.216  0.982 -0.128 -0.225 -0.247 -0.251 -0.251
 0.218  0.985 -0.124 -0.223 -0.246 -0.250 -0.250
 0.220  0.988 -0.121 -0.221 -0.245 -0.249 -0.249
 0.222  0.992 -0.118 -0.219 -0.244 -0.247 -0.247
 0.224  0.995 -0.114 -0.217 -0.243 -0.246 -0.246
 0.226  0.998 -0.112 -0.215 -0.242 -0.245 -0.245
 0.228  1.002 -0.109 -0.213 -0.240 -0.243 -0.243
 0.230  1.005 -0.105 -0.211 -0.239 -0.242 -0.242
 0.232  1.009 -0.103 -0.209 -0.238 -0.241 -0.241
 0.234  1.012 -0.099 -0.207 -0.237 -0.240 -0.240
 0.236  1.016 -0.097 -0.206 -0.236 -0.238 -0.238
 0.238  1.019 -0.094 -0.204 -0.235 -0.237 -0.237
 0.240  1.022 -0.091 -0.201 -0.234 -0.236 -0.236
 0.242  1.026 -0.088 -0.199 -0.233 -0.235 -0.235
 0.244  1.029 -0.085 -0.198 -0.232 -0.233 -0.233
 0.246  1.032 -0.082 -0.196 -0.231 -0.232 -0.232
 0.248  1.035 -0.080 -0.194 -0.229 -0.231 -0.231
 0.250  1.039 -0.077 -0.192 -0.228 -0.230 -0.230
 0.252  1.042 -0.075 -0.190 -0.227 -0.229 -0.229
 0.254  1.045 -0.072 -0.188 -0.226 -0.227 -0.227
 0.256  1.048 -0.070 -0.186 -0.225 -0.226 -0.226
 0.258  1.051 -0.066 -0.184 -0.223 -0.225 -0.225
 0.260  1.053 -0.064 -0.182 -0.222 -0.224 -0.224
 0.262  1.056 -0.061 -0.180 -0.221 -0.223 -0.223
 0.264  1.059 -0.060 -0.178 -0.220 -0.222 -0.222
 0.266  1.062 -0.057 -0.176 -0.219 -0.220 -0.220
 0.268  1.065 -0.055 -0.174 -0.218 -0.219 -0.219
 0.270  1.068 -0.052 -0.172 -0.216 -0.218 -0.218
 0.272  1.071 -0.050 -0.170 -0.215 -0.217 -0.217
 0.274  1.074 -0.047 -0.168 -0.214 -0.216 -0.216
 0.276  1.077 -0.046 -0.166 -0.212 -0.215 -0.215
 0.278  1.079 -0.043 -0.164 -0.211 -0.214 -0.214
 0.280  1.082 -0.041 -0.163 -0.210 -0.213 -0.213
 0.282  1.085 -0.038 -0.161 -0.208 -0.211 -0.211
 0.284  1.087 -0.036 -0.159 -0.207 -0.210 -0.210
 0.286  1.090 -0.034 -0.157 -0.205 -0.209 -0.209
 0.288  1.092 -0.031 -0.155 -0.205 -0.208 -0.208
 0.290  1.095 -0.029 -0.153 -0.203 -0.207 -0.207
 0.292  1.097 -0.027 -0.151 -0.202 -0.206 -0.206
 0.294  1.099 -0.025 -0.150 -0.200 -0.205 -0.205
 0.296  1.101 -0.022 -0.148 -0.199 -0.204 -0.204
 0.298  1.104 -0.020 -0.146 -0.197 -0.203 -0.203
 0.300  1.106 -0.017 -0.144 -0.196 -0.202 -0.202
 0.302  1.109 -0.015 -0.142 -0.194 -0.201 -0.201
 0.304  1.111 -0.012 -0.140 -0.193 -0.200 -0.200
 0.306  1.113 -0.011 -0.139 -0.191 -0.199 -0.199
 0.308  1.115 -0.008 -0.137 -0.190 -0.198 -0.198
 0.310  1.117 -0.006 -0.135 -0.189 -0.197 -0.197
 0.312  1.120 -0.003 -0.134 -0.187 -0.196 -0.196
 0.314  1.122 -0.001 -0.132 -0.186 -0.194 -0.194
 0.316  1.125  0.002 -0.130 -0.184 -0.194 -0.194
 0.318  1.127  0.004 -0.128 -0.182 -0.193 -0.193
 0.320  1.129  0.007 -0.126 -0.181 -0.191 -0.191
 0.322  1.131  0.009 -0.125 -0.179 -0.191 -0.191
 0.324  1.133  0.012 -0.123 -0.178 -0.190 -0.190
 0.326  1.136  0.014 -0.121 -0.176 -0.188 -0.188
 0.328  1.138  0.017 -0.120 -0.175 -0.187 -0.187
 0.330  1.141  0.019 -0.118 -0.174 -0.187 -0.187
 0.332  1.143  0.022 -0.116 -0.173 -0.185 -0.185
 0.334  1.145  0.024 -0.115 -0.171 -0.184 -0.184
 0.336  1.147  0.027 -0.113 -0.170 -0.184 -0.184
 0.338  1.149  0.029 -0.112 -0.168 -0.183 -0.183
 0.340  1.151  0.032 -0.110 -0.167 -0.181 -0.181
 0.342  1.154  0.035 -0.108 -0.165 -0.181 -0.181
 0.344  1.156  0.037 -0.107 -0.164 -0.180 -0.180
 0.346  1.159  0.040 -0.105 -0.163 -0.179 -0.179
 0.348  1.161  0.042 -0.104 -0.162 -0.178 -0.178
 0.350  1.163  0.045 -0.102 -0.161 -0.177 -0.177
 0.352  1.165  0.047 -0.101 -0.159 -0.176 -0.176
 0.354  1.167  0.050 -0.099 -0.158 -0.175 -0.175
 0.356  1.170  0.052 -0.097 -0.157 -0.174 -0.174
 0.358  1.172  0.055 -0.096 -0.155 -0.173 -0.173
 0.360  1.174  0.057 -0.094 -0.154 -0.172 -0.172
 0.362  1.176  0.060 -0.093 -0.153 -0.171 -0.171
 0.364  1.179  0.062 -0.091 -0.151 -0.170 -0.170
 0.366  1.181  0.065 -0.089 -0.150 -0.169 -0.169
 0.368  1.183  0.067 -0.088 -0.149 -0.168 -0.168
 0.370  1.186  0.070 -0.086 -0.148 -0.167 -0.167
 0.372  1.188  0.072 -0.085 -0.147 -0.166 -0.166
 0.374  1.190  0.075 -0.083 -0.146 -0.165 -0.165
 0.376  1.192  0.077 -0.081 -0.145 -0.164 -0.164
 0.378  1.194  0.080 -0.080 -0.143 -0.163 -0.163
 0.380  1.197  0.081 -0.078 -0.142 -0.162 -0.162
 0.382  1.199  0.084 -0.077 -0.141 -0.161 -0.161
 0.384  1.202  0.086 -0.075 -0.140 -0.160 -0.160
 0.386  1.204  0.089 -0.073 -0.139 -0.159 -0.159
 0.388  1.206  0.091 -0.072 -0.137 -0.158 -0.158
 0.390  1.208  0.093 -0.070 -0.136 -0.157 -0.157
 0.392  1.210  0.095 -0.068 -0.135 -0.156 -0.156
 0.394  1.212  0.098 -0.067 -0.134 -0.155 -0.155
 0.396  1.214  0.100 -0.065 -0.133 -0.154 -0.154
 0.398  1.216  0.102 -0.063 -0.132 -0.153 -0.153
 0.400  1.218  0.105 -0.062 -0.131 -0.151 -0.151
 0.402  1.221  0.107 -0.060 -0.130 -0.151 -0.151
 0.404  1.223  0.109 -0.059 -0.128 -0.149 -0.149
 0.406  1.225  0.111 -0.057 -0.127 -0.148 -0.148
 0.408  1.227  0.114 -0.055 -0.126 -0.147 -0.147
 0.410  1.229  0.115 -0.054 -0.125 -0.146 -0.146
 0.412  1.231  0.118 -0.052 -0.123 -0.145 -0.145
 0.414  1.233  0.119 -0.051 -0.122 -0.144 -0.144
 0.416  1.235  0.122 -0.049 -0.121 -0.143 -0.143
 0.418  1.237  0.124 -0.047 -0.120 -0.141 -0.141
 0.420  1.239  0.126 -0.046 -0.119 -0.141 -0.141
 0.422  1.241  0.128 -0.044 -0.118 -0.139 -0.139
 0.424  1.243  0.130 -0.043 -0.116 -0.138 -0.138
 0.426  1.245  0.132 -0.041 -0.115 -0.137 -0.137
 0.428  1.247  0.134 -0.039 -0.114 -0.136 -0.136
 0.430  1.249  0.136 -0.038 -0.112 -0.135 -0.135
 0.432  1.251  0.138 -0.036 -0.111 -0.134 -0.134
 0.434  1.252  0.140 -0.035 -0.110 -0.132 -0.132
 0.436  1.255  0.142 -0.033 -0.108 -0.132 -0.132
 0.438  1.256  0.143 -0.032 -0.107 -0.130 -0.130
 0.440  1.258  0.145 -0.030 -0.106 -0.129 -0.129
 0.442  1.260  0.147 -0.029 -0.105 -0.128 -0.128
 0.444  1.262  0.149 -0.028 -0.104 -0.127 -0.127
 0.446  1.264  0.151 -0.026 -0.102 -0.126 -0.126
 0.448  1.266  0.153 -0.025 -0.101 -0.125 -0.125
 0.450  1.267  0.154 -0.023 -0.100 -0.124 -0.124
 0.452  1.269  0.156 -0.022 -0.098 -0.123 -0.123
 0.454  1.271  0.158 -0.020 -0.097 -0.122 -0.122
 0.456  1.272  0.159 -0.019 -0.096 -0.121 -0.121
 0.458  1.274  0.161 -0.018 -0.094 -0.119 -0.119
 0.460  1.276  0.162 -0.016 -0.093 -0.119 -0.119
 0.462  1.277  0.163 -0.015 -0.092 -0.118 -0.118
 0.464  1.279  0.165 -0.014 -0.091 -0.117 -0.117
 0.466  1.280  0.167 -0.012 -0.090 -0.115 -0.115
 0.468  1.282  0.168 -0.011 -0.088 -0.115 -0.115
 0.470  1.283  0.169 -0.010 -0.087 -0.114 -0.114
 0.472  1.284  0.171 -0.009 -0.086 -0.113 -0.113
 0.474  1.286  0.173 -0.007 -0.085 -0.112 -0.112
 0.476  1.287  0.173 -0.006 -0.084 -0.111 -0.111
 0.478  1.289  0.175 -0.004 -0.082 -0.110 -0.110
 0.480  1.290  0.176 -0.003 -0.081 -0.109 -0.109
 0.482  1.291  0.177 -0.002 -0.080 -0.108 -0.108
 0.484  1.292  0.178 -0.001 -0.079 -0.107 -0.107
 0.486  1.294  0.180  0.001 -0.078 -0.106 -0.106
 0.488  1.295  0.181  0.001 -0.077 -0.105 -0.105
 0.490  1.296  0.182  0.002 -0.076 -0.105 -0.105
 0.492  1.297  0.183  0.004 -0.075 -0.104 -0.104
 0.494  1.298  0.184  0.005 -0.074 -0.103 -0.103
 0.496  1.299  0.186  0.005 -0.073 -0.102 -0.102
 0.498  1.300  0.187  0.007 -0.072 -0.102 -0.102
 0.500  1.300  0.187  0.008 -0.071 -0.101 -0.101
 0.502  1.302  0.188  0.009 -0.070 -0.100 -0.100
 0.504  1.303  0.190  0.010 -0.070 -0.099 -0.099
 0.506  1.303  0.191  0.010 -0.069 -0.099 -0.099
 0.508  1.304  0.192  0.012 -0.068 -0.098 -0.098
 0.510  1.305  0.192  0.012 -0.067 -0.097 -0.097
 0.512  1.305  0.193  0.013 -0.066 -0.096 -0.096
 0.514  1.306  0.194  0.014 -0.065 -0.096 -0.096
 0.516  1.307  0.195  0.015 -0.064 -0.095 -0.095
 0.518  1.308  0.196  0.015 -0.064 -0.094 -0.094
 0.520  1.308  0.197  0.016 -0.063 -0.093 -0.093
 0.522  1.309  0.197  0.017 -0.062 -0.092 -0.092
 0.524  1.310  0.198  0.018 -0.062 -0.092 -0.092
 0.526  1.311  0.199  0.018 -0.061 -0.091 -0.091
 0.528  1.311  0.200  0.019 -0.060 -0.091 -0.091
 0.530  1.311  0.201  0.020 -0.059 -0.090 -0.090
 0.532  1.312  0.202  0.020 -0.059 -0.089 -0.089
 0.534  1.313  0.202  0.021 -0.058 -0.089 -0.089
 0.536  1.313  0.202  0.021 -0.057 -0.088 -0.088
 0.538  1.314  0.203  0.021 -0.057 -0.087 -0.087
 0.540  1.315  0.204  0.022 -0.056 -0.086 -0.086
 0.542  1.315  0.204  0.023 -0.055 -0.086 -0.086
 0.544  1.316  0.205  0.023 -0.055 -0.085 -0.085
 0.546  1.316  0.206  0.023 -0.054 -0.085 -0.085
 0.548  1.317  0.206  0.024 -0.053 -0.084 -0.084
 0.550  1.318  0.207  0.024 -0.053 -0.083 -0.083
 0.552  1.318  0.207  0.024 -0.052 -0.083 -0.083
 0.554  1.319  0.207  0.024 -0.052 -0.082 -0.082
 0.556  1.319  0.207  0.025 -0.051 -0.082 -0.082
 0.558  1.320  0.208  0.025 -0.050 -0.081 -0.081
 0.560  1.320  0.208  0.025 -0.050 -0.080 -0.080
 0.562  1.321  0.209  0.026 -0.049 -0.080 -0.080
 0.564  1.321  0.209  0.026 -0.049 -0.079 -0.079
 0.566  1.322  0.210  0.026 -0.049 -0.079 -0.079
 0.568  1.322  0.210  0.026 -0.048 -0.078 -0.078
 0.570  1.323  0.210  0.027 -0.048 -0.078 -0.078
 0.572  1.324  0.211  0.027 -0.047 -0.077 -0.077
 0.574  1.324  0.211  0.028 -0.047 -0.076 -0.076
 0.576  1.324  0.211  0.028 -0.046 -0.076 -0.076
 0.578  1.325  0.211  0.028 -0.046 -0.076 -0.076
 0.580  1.326  0.211  0.028 -0.045 -0.075 -0.075
 0.582  1.326  0.212  0.029 -0.045 -0.074 -0.074
 0.584  1.327  0.212  0.029 -0.044 -0.074 -0.074
 0.586  1.327  0.212  0.029 -0.044 -0.073 -0.073
 0.588  1.327  0.213  0.029 -0.043 -0.073 -0.073
 0.590  1.328  0.213  0.030 -0.043 -0.072 -0.072
 0.592  1.329  0.213  0.030 -0.042 -0.072 -0.072
 0.594  1.329  0.213  0.031 -0.042 -0.071 -0.071
 0.596  1.329  0.214  0.031 -0.042 -0.071 -0.071
 0.598  1.330  0.214  0.031 -0.041 -0.070 -0.070
 0.600  1.330  0.214  0.031 -0.041 -0.070 -0.070
 0.602  1.331  0.214  0.032 -0.040 -0.069 -0.069
 0.604  1.331  0.215  0.032 -0.040 -0.069 -0.069
 0.606  1.332  0.215  0.032 -0.040 -0.068 -0.068
 0.608  1.332  0.215  0.033 -0.039 -0.068 -0.068
 0.610  1.332  0.215  0.033 -0.039 -0.067 -0.067
 0.612  1.332  0.216  0.034 -0.038 -0.067 -0.067
 0.614  1.333  0.216  0.034 -0.038 -0.066 -0.066
 0.616  1.333  0.216  0.034 -0.037 -0.066 -0.066
 0.618  1.334  0.216  0.035 -0.037 -0.065 -0.065
 0.620  1.334  0.216  0.035 -0.037 -0.065 -0.065
 0.622  1.334  0.216  0.036 -0.036 -0.064 -0.064
 0.624  1.335  0.216  0.036 -0.036 -0.064 -0.064
 0.626  1.335  0.216  0.036 -0.035 -0.063 -0.063
 0.628  1.335  0.216  0.037 -0.035 -0.063 -0.063
 0.630  1.335  0.216  0.037 -0.035 -0.062 -0.062
 0.632  1.335  0.216  0.037 -0.035 -0.062 -0.062
 0.634  1.335  0.216  0.037 -0.034 -0.061 -0.061
 0.636  1.335  0.216  0.037 -0.034 -0.061 -0.061
 0.638  1.336  0.216  0.038 -0.033 -0.060 -0.060
 0.640  1.336  0.216  0.038 -0.033 -0.060 -0.060
 0.642  1.336  0.216  0.038 -0.032 -0.059 -0.059
 0.644  1.336  0.216  0.038 -0.032 -0.059 -0.059
 0.646  1.337  0.216  0.039 -0.031 -0.059 -0.059
 0.648  1.337  0.216  0.039 -0.031 -0.058 -0.058
 0.650  1.337  0.216  0.039 -0.030 -0.057 -0.057
 0.652  1.337  0.216  0.039 -0.030 -0.057 -0.057
 0.654  1.337  0.216  0.039 -0.030 -0.056 -0.056
 0.656  1.337  0.215  0.039 -0.029 -0.056 -0.056
 0.658  1.337  0.215  0.038 -0.029 -0.056 -0.056
 0.660  1.337  0.214  0.038 -0.028 -0.056 -0.056
 0.662  1.337  0.214  0.038 -0.028 -0.055 -0.055
 0.664  1.337  0.213  0.038 -0.027 -0.055 -0.055
 0.666  1.337  0.213  0.037 -0.027 -0.054 -0.054
 0.668  1.337  0.212  0.037 -0.026 -0.054 -0.054
 0.670  1.337  0.212  0.037 -0.026 -0.053 -0.053
 0.672  1.337  0.211  0.037 -0.025 -0.053 -0.053
 0.674  1.338  0.211  0.036 -0.024 -0.053 -0.053
 0.676  1.338  0.211  0.036 -0.024 -0.053 -0.053
 0.678  1.339  0.210  0.036 -0.023 -0.052 -0.052
 0.680  1.339  0.209  0.035 -0.022 -0.052 -0.052
 0.682  1.340  0.208  0.034 -0.021 -0.052 -0.052
 0.684  1.340  0.207  0.034 -0.021 -0.051 -0.051
 0.686  1.340  0.207  0.034 -0.020 -0.051 -0.051
 0.688  1.340  0.206  0.033 -0.019 -0.051 -0.051
 0.690  1.341  0.205  0.032 -0.018 -0.050 -0.050
 0.692  1.342  0.204  0.032 -0.017 -0.050 -0.050
 0.694  1.342  0.203  0.031 -0.016 -0.050 -0.050
 0.696  1.343  0.202  0.031 -0.015 -0.050 -0.050
 0.698  1.343  0.202  0.030 -0.014 -0.050 -0.050
 0.700  1.344  0.200  0.029 -0.013 -0.049 -0.049
 0.702  1.344  0.199  0.029 -0.011 -0.049 -0.049
 0.704  1.345  0.198  0.028 -0.010 -0.049 -0.049
 0.706  1.345  0.197  0.028 -0.008 -0.049 -0.049
 0.708  1.346  0.197  0.028 -0.007 -0.049 -0.049
 0.710  1.347  0.196  0.028 -0.006 -0.048 -0.048
 0.712  1.348  0.195  0.028 -0.004 -0.048 -0.048
 0.714  1.349  0.195  0.028 -0.003 -0.048 -0.048
 0.716  1.350  0.194  0.028 -0.001 -0.048 -0.048
 0.718  1.351  0.194  0.028  0.000 -0.048 -0.048
 0.720  1.351  0.193  0.028  0.002 -0.047 -0.047
 0.722  1.353  0.193  0.029  0.004 -0.047 -0.047
 0.724  1.353  0.193  0.029  0.006 -0.047 -0.047
 0.726  1.354  0.193  0.029  0.008 -0.046 -0.046
 0.728  1.356  0.193  0.031  0.009 -0.046 -0.046
 0.730  1.356  0.193  0.031  0.011 -0.046 -0.046
 0.732  1.357  0.194  0.032  0.013 -0.045 -0.045
 0.734  1.359  0.194  0.033  0.015 -0.044 -0.044
 0.736  1.359  0.195  0.034  0.017 -0.044 -0.044
 0.738  1.360  0.195  0.035  0.019 -0.043 -0.043
 0.740  1.361  0.196  0.036  0.021 -0.043 -0.043
 0.742  1.362  0.197  0.037  0.023 -0.042 -0.042
 0.744  1.363  0.197  0.039  0.025 -0.041 -0.041
 0.746  1.364  0.198  0.040  0.027 -0.040 -0.040
 0.748  1.364  0.199  0.042  0.029 -0.039 -0.039
 0.750  1.365  0.201  0.044  0.031 -0.038 -0.038
 0.752  1.366  0.202  0.045  0.033 -0.036 -0.036
 0.754  1.367  0.203  0.047  0.035 -0.036 -0.036
 0.756  1.367  0.205  0.050  0.036 -0.034 -0.034
 0.758  1.368  0.206  0.052  0.038 -0.033 -0.033
 0.760  1.369  0.207  0.054  0.040 -0.032 -0.032
 0.762  1.369  0.210  0.056  0.041 -0.030 -0.030
 0.764  1.369  0.211  0.058  0.043 -0.029 -0.029
 0.766  1.370  0.213  0.061  0.044 -0.028 -0.028
 0.768  1.371  0.215  0.063  0.046 -0.026 -0.026
 0.770  1.371  0.217  0.066  0.047 -0.025 -0.025
 0.772  1.372  0.219  0.068  0.049 -0.023 -0.023
 0.774  1.372  0.221  0.071  0.050 -0.021 -0.021
 0.776  1.372  0.223  0.073  0.051 -0.020 -0.020
 0.778  1.372  0.226  0.076  0.052 -0.018 -0.018
 0.780  1.372  0.228  0.078  0.053 -0.016 -0.016
 0.782  1.372  0.230  0.080  0.054 -0.014 -0.014
 0.784  1.373  0.232  0.083  0.055 -0.012 -0.012
 0.786  1.373  0.235  0.085  0.056 -0.010 -0.010
 0.788  1.373  0.237  0.088  0.057 -0.008 -0.008
 0.790  1.373  0.240  0.090  0.058 -0.006 -0.006
 0.792  1.374  0.241  0.092  0.059 -0.004 -0.004
 0.794  1.374  0.244  0.095  0.060 -0.002 -0.002
 0.796  1.374  0.246  0.097  0.061 -0.000 -0.000
 0.798  1.374  0.249  0.099  0.062  0.001  0.001
 0.800  1.374  0.251  0.101  0.063  0.003  0.003
 0.802  1.373  0.254  0.104  0.064  0.005  0.005
 0.804  1.373  0.256  0.106  0.065  0.007  0.007
 0.806  1.372  0.259  0.108  0.065  0.009  0.009
 0.808  1.371  0.261  0.110  0.065  0.010  0.010
 0.810  1.369  0.263  0.112  0.065  0.012  0.012
 0.812  1.368  0.265  0.114  0.065  0.013  0.013
 0.814  1.366  0.268  0.116  0.065  0.015  0.015
 0.816  1.363  0.270  0.118  0.065  0.016  0.016
 0.818  1.360  0.272  0.120  0.065  0.017  0.017
 0.820  1.356  0.274  0.122  0.064  0.019  0.019
 0.822  1.353  0.276  0.124  0.062  0.020  0.020
 0.824  1.348  0.279  0.125  0.061  0.021  0.021
 0.826  1.344  0.281  0.127  0.059  0.023  0.023
 0.828  1.340  0.284  0.129  0.057  0.023  0.023
 0.830  1.334  0.286  0.131  0.055  0.025  0.025
 0.832  1.329  0.289  0.133  0.052  0.026  0.026
 0.834  1.323  0.292  0.135  0.049  0.026  0.026
 0.836  1.316  0.294  0.136  0.046  0.028  0.028
 0.838  1.310  0.297  0.138  0.042  0.029  0.029
 0.840  1.303  0.300  0.140  0.038  0.029  0.029
 0.842  1.295  0.303  0.141  0.034  0.030  0.030
 0.844  1.288  0.304  0.141  0.029  0.031  0.031
 0.846  1.280  0.306  0.142  0.024  0.032  0.032
 0.848  1.271  0.308  0.142  0.019  0.032  0.032
 0.850  1.262  0.309  0.141  0.014  0.033  0.033
 0.852  1.252  0.309  0.140  0.008  0.033  0.033
 0.854  1.243  0.308  0.138  0.002  0.034  0.034
 0.856  1.233  0.307  0.136 -0.004  0.035  0.035
 0.858  1.222  0.305  0.133 -0.011  0.035  0.035
 0.860  1.211  0.302  0.129 -0.018  0.035  0.035
 0.862  1.199  0.299  0.125 -0.025  0.035  0.035
 0.864  1.188  0.295  0.120 -0.032  0.035  0.035
 0.866  1.176  0.290  0.115 -0.040  0.034  0.034
 0.868  1.164  0.284  0.109 -0.048  0.033  0.033
 0.870  1.151  0.279  0.103 -0.057  0.032  0.032
 0.872  1.138  0.272  0.096 -0.065  0.030  0.030
 0.874  1.126  0.265  0.090 -0.075  0.028  0.028
 0.876  1.113  0.256  0.082 -0.084  0.026  0.026
 0.878  1.100  0.247  0.074 -0.093  0.023  0.023
 0.880  1.087  0.237  0.066 -0.103  0.019  0.019
 0.882  1.074  0.226  0.057 -0.113  0.016  0.016
 0.884  1.061  0.215  0.047 -0.123  0.011  0.011
 0.886  1.048  0.203  0.037 -0.133  0.007  0.007
 0.888  1.036  0.190  0.026 -0.143  0.002  0.002
 0.890  1.023  0.177  0.015 -0.152 -0.003 -0.003
 0.892  1.011  0.162  0.003 -0.162 -0.008 -0.008
 0.894  0.999  0.147 -0.010 -0.171 -0.014 -0.014
 0.896  0.987  0.131 -0.023 -0.180 -0.020 -0.020
 0.898  0.976  0.114 -0.038 -0.189 -0.026 -0.026
 0.900  0.965  0.096 -0.052 -0.198 -0.033 -0.033
 0.902  0.953  0.078 -0.067 -0.206 -0.040 -0.040
 0.904  0.942  0.060 -0.083 -0.215 -0.047 -0.047
 0.906  0.932  0.040 -0.098 -0.223 -0.055 -0.055
 0.908  0.921  0.020 -0.113 -0.231 -0.063 -0.063
 0.910  0.911 -0.001 -0.129 -0.239 -0.072 -0.072
 0.912  0.901 -0.022 -0.145 -0.247 -0.081 -0.081
 0.914  0.891 -0.044 -0.161 -0.254 -0.091 -0.091
 0.916  0.881 -0.065 -0.177 -0.261 -0.101 -0.101
 0.918  0.870 -0.088 -0.193 -0.269 -0.112 -0.112
 0.920  0.861 -0.110 -0.208 -0.276 -0.123 -0.123
 0.922  0.851 -0.133 -0.223 -0.282 -0.134 -0.134
 0.924  0.841 -0.155 -0.238 -0.289 -0.145 -0.145
 0.926  0.833 -0.177 -0.252 -0.296 -0.157 -0.157
 0.928  0.823 -0.197 -0.266 -0.302 -0.168 -0.168
 0.930  0.814 -0.218 -0.280 -0.308 -0.180 -0.180
 0.932  0.805 -0.238 -0.294 -0.315 -0.192 -0.192
 0.934  0.796 -0.257 -0.306 -0.320 -0.203 -0.203
 0.936  0.788 -0.274 -0.318 -0.326 -0.215 -0.215
 0.938  0.780 -0.292 -0.329 -0.332 -0.226 -0.226
 0.940  0.772 -0.308 -0.340 -0.337 -0.237 -0.237
 0.942  0.764 -0.323 -0.350 -0.342 -0.248 -0.248
 0.944  0.756 -0.338 -0.360 -0.347 -0.259 -0.259
 0.946  0.748 -0.352 -0.369 -0.352 -0.269 -0.269
 0.948  0.741 -0.366 -0.378 -0.357 -0.279 -0.279
 0.950  0.735 -0.380 -0.386 -0.361 -0.289 -0.289
 0.952  0.727 -0.392 -0.395 -0.365 -0.297 -0.297
 0.954  0.721 -0.405 -0.402 -0.370 -0.306 -0.306
 0.956  0.715 -0.416 -0.410 -0.374 -0.314 -0.314
 0.958  0.709 -0.427 -0.417 -0.377 -0.322 -0.322
 0.960  0.703 -0.438 -0.424 -0.381 -0.329 -0.329
 0.962  0.697 -0.448 -0.430 -0.385 -0.336 -0.336
 0.964  0.692 -0.457 -0.436 -0.388 -0.342 -0.342
 0.966  0.688 -0.466 -0.441 -0.391 -0.348 -0.348
 0.968  0.683 -0.473 -0.446 -0.394 -0.354 -0.354
 0.970  0.679 -0.481 -0.450 -0.397 -0.360 -0.360
 0.972  0.675 -0.488 -0.454 -0.399 -0.365 -0.365
 0.974  0.671 -0.493 -0.458 -0.402 -0.369 -0.369
 0.976  0.668 -0.498 -0.460 -0.404 -0.374 -0.374
 0.978  0.664 -0.502 -0.463 -0.406 -0.378 -0.378
 0.980  0.661 -0.507 -0.465 -0.408 -0.382 -0.382
 0.982  0.658 -0.510 -0.467 -0.410 -0.385 -0.385
 0.984  0.656 -0.512 -0.468 -0.411 -0.388 -0.388
 0.986  0.654 -0.515 -0.470 -0.413 -0.391 -0.391
 0.988  0.652 -0.517 -0.470 -0.414 -0.393 -0.393
 0.990  0.651 -0.517 -0.471 -0.415 -0.395 -0.395
 0.992  0.650 -0.519 -0.472 -0.416 -0.397 -0.397
 0.994  0.649 -0.520 -0.472 -0.416 -0.398 -0.398
 0.996  0.648 -0.520 -0.473 -0.417 -0.398 -0.398
 0.998  0.647 -0.521 -0.473 -0.417 -0.399 -0.399
