# IsPeriodic    : True
# Period        : 0.597905 days
# Normalization : <g_mag>=0
# 
# Phase u_mag  g_mag  r_mag  i_mag  z_mag  y_mag
 0.000  0.501 -0.587 -0.627 -0.549 -0.573 -0.573
 0.002  0.502 -0.587 -0.627 -0.549 -0.573 -0.573
 0.004  0.503 -0.586 -0.627 -0.548 -0.572 -0.572
 0.006  0.504 -0.585 -0.627 -0.548 -0.572 -0.572
 0.008  0.506 -0.584 -0.625 -0.547 -0.571 -0.571
 0.010  0.508 -0.582 -0.625 -0.546 -0.570 -0.570
 0.012  0.510 -0.580 -0.623 -0.545 -0.569 -0.569
 0.014  0.513 -0.578 -0.622 -0.544 -0.567 -0.567
 0.016  0.515 -0.576 -0.620 -0.543 -0.566 -0.566
 0.018  0.519 -0.574 -0.618 -0.541 -0.564 -0.564
 0.020  0.521 -0.571 -0.616 -0.539 -0.562 -0.562
 0.022  0.525 -0.568 -0.614 -0.538 -0.560 -0.560
 0.024  0.528 -0.565 -0.612 -0.536 -0.559 -0.559
 0.026  0.532 -0.564 -0.609 -0.534 -0.557 -0.557
 0.028  0.535 -0.561 -0.607 -0.533 -0.556 -0.556
 0.030  0.539 -0.557 -0.605 -0.531 -0.554 -0.554
 0.032  0.542 -0.554 -0.602 -0.529 -0.552 -0.552
 0.034  0.545 -0.551 -0.600 -0.527 -0.551 -0.551
 0.036  0.550 -0.548 -0.597 -0.525 -0.549 -0.549
 0.038  0.553 -0.544 -0.595 -0.524 -0.548 -0.548
 0.040  0.557 -0.540 -0.592 -0.522 -0.546 -0.546
 0.042  0.560 -0.537 -0.590 -0.520 -0.545 -0.545
 0.044  0.564 -0.533 -0.587 -0.518 -0.544 -0.544
 0.046  0.568 -0.530 -0.584 -0.516 -0.542 -0.542
 0.048  0.572 -0.526 -0.581 -0.513 -0.541 -0.541
 0.050  0.577 -0.521 -0.578 -0.511 -0.539 -0.539
 0.052  0.581 -0.517 -0.574 -0.509 -0.538 -0.538
 0.054  0.586 -0.512 -0.571 -0.507 -0.536 -0.536
 0.056  0.590 -0.507 -0.567 -0.504 -0.535 -0.535
 0.058  0.595 -0.503 -0.564 -0.501 -0.533 -0.533
 0.060  0.600 -0.498 -0.560 -0.499 -0.532 -0.532
 0.062  0.605 -0.493 -0.556 -0.496 -0.530 -0.530
 0.064  0.610 -0.488 -0.553 -0.494 -0.529 -0.529
 0.066  0.615 -0.483 -0.548 -0.491 -0.527 -0.527
 0.068  0.620 -0.477 -0.544 -0.488 -0.526 -0.526
 0.070  0.626 -0.471 -0.540 -0.485 -0.524 -0.524
 0.072  0.631 -0.467 -0.536 -0.482 -0.523 -0.523
 0.074  0.636 -0.461 -0.532 -0.480 -0.521 -0.521
 0.076  0.642 -0.455 -0.527 -0.477 -0.520 -0.520
 0.078  0.647 -0.449 -0.523 -0.473 -0.519 -0.519
 0.080  0.653 -0.443 -0.519 -0.471 -0.517 -0.517
 0.082  0.658 -0.438 -0.514 -0.468 -0.516 -0.516
 0.084  0.664 -0.432 -0.510 -0.465 -0.514 -0.514
 0.086  0.669 -0.427 -0.506 -0.462 -0.513 -0.513
 0.088  0.674 -0.421 -0.502 -0.459 -0.512 -0.512
 0.090  0.680 -0.415 -0.498 -0.457 -0.510 -0.510
 0.092  0.685 -0.410 -0.494 -0.454 -0.509 -0.509
 0.094  0.690 -0.405 -0.490 -0.452 -0.508 -0.508
 0.096  0.695 -0.400 -0.486 -0.449 -0.507 -0.507
 0.098  0.700 -0.395 -0.483 -0.446 -0.505 -0.505
 0.100  0.705 -0.389 -0.478 -0.444 -0.504 -0.504
 0.102  0.709 -0.384 -0.475 -0.442 -0.503 -0.503
 0.104  0.715 -0.379 -0.471 -0.440 -0.501 -0.501
 0.106  0.719 -0.375 -0.468 -0.437 -0.500 -0.500
 0.108  0.723 -0.370 -0.464 -0.435 -0.499 -0.499
 0.110  0.729 -0.365 -0.460 -0.433 -0.498 -0.498
 0.112  0.733 -0.360 -0.457 -0.430 -0.497 -0.497
 0.114  0.737 -0.355 -0.454 -0.428 -0.495 -0.495
 0.116  0.742 -0.351 -0.451 -0.426 -0.494 -0.494
 0.118  0.745 -0.346 -0.447 -0.424 -0.493 -0.493
 0.120  0.750 -0.343 -0.444 -0.422 -0.492 -0.492
 0.122  0.754 -0.338 -0.441 -0.420 -0.491 -0.491
 0.124  0.758 -0.334 -0.438 -0.419 -0.489 -0.489
 0.126  0.762 -0.329 -0.434 -0.417 -0.488 -0.488
 0.128  0.766 -0.325 -0.432 -0.415 -0.487 -0.487
 0.130  0.770 -0.321 -0.429 -0.414 -0.486 -0.486
 0.132  0.773 -0.317 -0.426 -0.412 -0.485 -0.485
 0.134  0.777 -0.313 -0.423 -0.410 -0.484 -0.484
 0.136  0.781 -0.310 -0.420 -0.409 -0.483 -0.483
 0.138  0.784 -0.306 -0.418 -0.407 -0.482 -0.482
 0.140  0.788 -0.302 -0.415 -0.406 -0.481 -0.481
 0.142  0.791 -0.298 -0.412 -0.404 -0.480 -0.480
 0.144  0.794 -0.294 -0.410 -0.403 -0.479 -0.479
 0.146  0.797 -0.291 -0.407 -0.402 -0.478 -0.478
 0.148  0.801 -0.287 -0.405 -0.400 -0.477 -0.477
 0.150  0.803 -0.283 -0.402 -0.399 -0.476 -0.476
 0.152  0.807 -0.280 -0.399 -0.397 -0.475 -0.475
 0.154  0.810 -0.277 -0.397 -0.396 -0.475 -0.475
 0.156  0.813 -0.273 -0.395 -0.395 -0.473 -0.473
 0.158  0.817 -0.270 -0.392 -0.394 -0.473 -0.473
 0.160  0.819 -0.266 -0.390 -0.393 -0.472 -0.472
 0.162  0.823 -0.262 -0.388 -0.391 -0.471 -0.471
 0.164  0.825 -0.259 -0.385 -0.390 -0.470 -0.470
 0.166  0.829 -0.255 -0.383 -0.389 -0.469 -0.469
 0.168  0.831 -0.251 -0.381 -0.388 -0.468 -0.468
 0.170  0.835 -0.248 -0.378 -0.386 -0.467 -0.467
 0.172  0.838 -0.245 -0.376 -0.385 -0.466 -0.466
 0.174  0.841 -0.241 -0.374 -0.383 -0.465 -0.465
 0.176  0.845 -0.237 -0.371 -0.382 -0.464 -0.464
 0.178  0.847 -0.233 -0.369 -0.381 -0.463 -0.463
 0.180  0.851 -0.229 -0.367 -0.379 -0.463 -0.463
 0.182  0.854 -0.226 -0.364 -0.378 -0.461 -0.461
 0.184  0.857 -0.222 -0.362 -0.377 -0.460 -0.460
 0.186  0.860 -0.219 -0.360 -0.375 -0.460 -0.460
 0.188  0.864 -0.215 -0.357 -0.374 -0.458 -0.458
 0.190  0.867 -0.211 -0.355 -0.372 -0.458 -0.458
 0.192  0.870 -0.207 -0.353 -0.371 -0.457 -0.457
 0.194  0.874 -0.203 -0.350 -0.370 -0.456 -0.456
 0.196  0.876 -0.200 -0.348 -0.368 -0.455 -0.455
 0.198  0.880 -0.196 -0.346 -0.367 -0.454 -0.454
 0.200  0.883 -0.192 -0.344 -0.366 -0.453 -0.453
 0.202  0.886 -0.188 -0.341 -0.364 -0.452 -0.452
 0.204  0.889 -0.185 -0.339 -0.363 -0.451 -0.451
 0.206  0.893 -0.181 -0.337 -0.362 -0.450 -0.450
 0.208  0.896 -0.177 -0.334 -0.360 -0.449 -0.449
 0.210  0.899 -0.173 -0.332 -0.358 -0.448 -0.448
 0.212  0.903 -0.169 -0.330 -0.357 -0.447 -0.447
 0.214  0.906 -0.165 -0.328 -0.355 -0.446 -0.446
 0.216  0.910 -0.161 -0.326 -0.354 -0.445 -0.445
 0.218  0.913 -0.157 -0.324 -0.353 -0.444 -0.444
 0.220  0.916 -0.154 -0.322 -0.351 -0.443 -0.443
 0.222  0.919 -0.150 -0.319 -0.350 -0.442 -0.442
 0.224  0.923 -0.146 -0.317 -0.348 -0.441 -0.441
 0.226  0.926 -0.142 -0.315 -0.347 -0.440 -0.440
 0.228  0.929 -0.138 -0.313 -0.345 -0.439 -0.439
 0.230  0.932 -0.134 -0.311 -0.344 -0.438 -0.438
 0.232  0.936 -0.131 -0.309 -0.342 -0.437 -0.437
 0.234  0.939 -0.127 -0.306 -0.341 -0.436 -0.436
 0.236  0.942 -0.124 -0.304 -0.340 -0.435 -0.435
 0.238  0.946 -0.120 -0.302 -0.338 -0.434 -0.434
 0.240  0.949 -0.117 -0.300 -0.337 -0.433 -0.433
 0.242  0.952 -0.113 -0.298 -0.336 -0.432 -0.432
 0.244  0.955 -0.110 -0.296 -0.334 -0.431 -0.431
 0.246  0.958 -0.106 -0.294 -0.332 -0.430 -0.430
 0.248  0.961 -0.102 -0.292 -0.331 -0.429 -0.429
 0.250  0.965 -0.099 -0.290 -0.330 -0.428 -0.428
 0.252  0.968 -0.095 -0.288 -0.328 -0.427 -0.427
 0.254  0.971 -0.093 -0.286 -0.327 -0.426 -0.426
 0.256  0.974 -0.090 -0.284 -0.326 -0.425 -0.425
 0.258  0.977 -0.086 -0.282 -0.325 -0.424 -0.424
 0.260  0.980 -0.083 -0.280 -0.323 -0.423 -0.423
 0.262  0.983 -0.080 -0.278 -0.322 -0.422 -0.422
 0.264  0.986 -0.076 -0.276 -0.320 -0.422 -0.422
 0.266  0.989 -0.073 -0.274 -0.319 -0.420 -0.420
 0.268  0.992 -0.070 -0.272 -0.318 -0.420 -0.420
 0.270  0.995 -0.067 -0.270 -0.317 -0.419 -0.419
 0.272  0.997 -0.064 -0.268 -0.315 -0.418 -0.418
 0.274  1.001 -0.062 -0.266 -0.314 -0.417 -0.417
 0.276  1.004 -0.059 -0.264 -0.313 -0.416 -0.416
 0.278  1.006 -0.056 -0.262 -0.312 -0.415 -0.415
 0.280  1.010 -0.053 -0.260 -0.310 -0.414 -0.414
 0.282  1.012 -0.050 -0.259 -0.309 -0.414 -0.414
 0.284  1.015 -0.047 -0.257 -0.307 -0.413 -0.413
 0.286  1.018 -0.044 -0.255 -0.306 -0.412 -0.412
 0.288  1.021 -0.041 -0.253 -0.305 -0.411 -0.411
 0.290  1.024 -0.038 -0.251 -0.304 -0.410 -0.410
 0.292  1.026 -0.036 -0.249 -0.303 -0.410 -0.410
 0.294  1.029 -0.033 -0.247 -0.302 -0.408 -0.408
 0.296  1.032 -0.031 -0.246 -0.300 -0.408 -0.408
 0.298  1.034 -0.028 -0.244 -0.299 -0.407 -0.407
 0.300  1.038 -0.025 -0.242 -0.298 -0.406 -0.406
 0.302  1.040 -0.023 -0.240 -0.297 -0.405 -0.405
 0.304  1.043 -0.020 -0.238 -0.295 -0.405 -0.405
 0.306  1.046 -0.017 -0.237 -0.294 -0.404 -0.404
 0.308  1.048 -0.014 -0.234 -0.293 -0.403 -0.403
 0.310  1.051 -0.011 -0.232 -0.291 -0.402 -0.402
 0.312  1.054 -0.008 -0.231 -0.290 -0.401 -0.401
 0.314  1.056 -0.005 -0.229 -0.289 -0.401 -0.401
 0.316  1.059 -0.003 -0.227 -0.288 -0.400 -0.400
 0.318  1.061 -0.000 -0.225 -0.287 -0.399 -0.399
 0.320  1.063  0.002 -0.223 -0.285 -0.398 -0.398
 0.322  1.066  0.005 -0.222 -0.284 -0.397 -0.397
 0.324  1.069  0.008 -0.220 -0.282 -0.397 -0.397
 0.326  1.071  0.011 -0.218 -0.281 -0.395 -0.395
 0.328  1.074  0.014 -0.216 -0.280 -0.395 -0.395
 0.330  1.076  0.017 -0.214 -0.279 -0.394 -0.394
 0.332  1.078  0.020 -0.213 -0.277 -0.393 -0.393
 0.334  1.081  0.023 -0.211 -0.276 -0.392 -0.392
 0.336  1.084  0.026 -0.209 -0.275 -0.391 -0.391
 0.338  1.085  0.029 -0.207 -0.274 -0.391 -0.391
 0.340  1.088  0.031 -0.206 -0.272 -0.390 -0.390
 0.342  1.091  0.034 -0.204 -0.271 -0.389 -0.389
 0.344  1.092  0.037 -0.202 -0.269 -0.388 -0.388
 0.346  1.095  0.040 -0.200 -0.268 -0.387 -0.387
 0.348  1.098  0.043 -0.198 -0.267 -0.386 -0.386
 0.350  1.099  0.046 -0.197 -0.265 -0.385 -0.385
 0.352  1.102  0.049 -0.195 -0.264 -0.385 -0.385
 0.354  1.104  0.052 -0.193 -0.263 -0.383 -0.383
 0.356  1.106  0.055 -0.191 -0.262 -0.383 -0.383
 0.358  1.108  0.058 -0.190 -0.260 -0.382 -0.382
 0.360  1.111  0.061 -0.188 -0.259 -0.381 -0.381
 0.362  1.113  0.063 -0.186 -0.258 -0.380 -0.380
 0.364  1.115  0.066 -0.184 -0.256 -0.379 -0.379
 0.366  1.117  0.069 -0.183 -0.255 -0.378 -0.378
 0.368  1.120  0.072 -0.181 -0.253 -0.377 -0.377
 0.370  1.121  0.075 -0.179 -0.252 -0.376 -0.376
 0.372  1.123  0.078 -0.177 -0.251 -0.376 -0.376
 0.374  1.126  0.081 -0.175 -0.249 -0.375 -0.375
 0.376  1.127  0.084 -0.174 -0.248 -0.374 -0.374
 0.378  1.130  0.086 -0.171 -0.247 -0.373 -0.373
 0.380  1.132  0.089 -0.170 -0.246 -0.372 -0.372
 0.382  1.134  0.092 -0.168 -0.244 -0.371 -0.371
 0.384  1.136  0.094 -0.167 -0.243 -0.370 -0.370
 0.386  1.139  0.097 -0.164 -0.241 -0.369 -0.369
 0.388  1.141  0.099 -0.163 -0.240 -0.369 -0.369
 0.390  1.143  0.102 -0.161 -0.239 -0.368 -0.368
 0.392  1.145  0.105 -0.160 -0.238 -0.367 -0.367
 0.394  1.148  0.107 -0.157 -0.236 -0.366 -0.366
 0.396  1.149  0.110 -0.156 -0.235 -0.365 -0.365
 0.398  1.152  0.113 -0.154 -0.234 -0.364 -0.364
 0.400  1.154  0.115 -0.153 -0.233 -0.363 -0.363
 0.402  1.156  0.118 -0.150 -0.232 -0.363 -0.363
 0.404  1.158  0.120 -0.148 -0.230 -0.361 -0.361
 0.406  1.161  0.123 -0.147 -0.229 -0.361 -0.361
 0.408  1.163  0.125 -0.145 -0.228 -0.360 -0.360
 0.410  1.165  0.127 -0.143 -0.226 -0.359 -0.359
 0.412  1.167  0.129 -0.141 -0.225 -0.358 -0.358
 0.414  1.170  0.131 -0.140 -0.224 -0.357 -0.357
 0.416  1.171  0.134 -0.138 -0.223 -0.356 -0.356
 0.418  1.174  0.136 -0.137 -0.222 -0.355 -0.355
 0.420  1.176  0.138 -0.134 -0.221 -0.355 -0.355
 0.422  1.178  0.141 -0.133 -0.219 -0.354 -0.354
 0.424  1.180  0.143 -0.131 -0.218 -0.353 -0.353
 0.426  1.183  0.145 -0.129 -0.217 -0.352 -0.352
 0.428  1.185  0.147 -0.127 -0.215 -0.351 -0.351
 0.430  1.187  0.150 -0.125 -0.214 -0.350 -0.350
 0.432  1.189  0.152 -0.124 -0.213 -0.349 -0.349
 0.434  1.192  0.154 -0.122 -0.212 -0.349 -0.349
 0.436  1.193  0.156 -0.120 -0.211 -0.348 -0.348
 0.438  1.196  0.157 -0.118 -0.210 -0.347 -0.347
 0.440  1.198  0.159 -0.117 -0.209 -0.346 -0.346
 0.442  1.200  0.161 -0.115 -0.208 -0.345 -0.345
 0.444  1.202  0.163 -0.113 -0.207 -0.345 -0.345
 0.446  1.204  0.165 -0.112 -0.205 -0.344 -0.344
 0.448  1.206  0.167 -0.110 -0.204 -0.343 -0.343
 0.450  1.208  0.169 -0.109 -0.203 -0.342 -0.342
 0.452  1.210  0.171 -0.107 -0.202 -0.341 -0.341
 0.454  1.212  0.173 -0.105 -0.201 -0.341 -0.341
 0.456  1.214  0.175 -0.104 -0.199 -0.340 -0.340
 0.458  1.215  0.177 -0.102 -0.198 -0.339 -0.339
 0.460  1.217  0.178 -0.101 -0.197 -0.338 -0.338
 0.462  1.219  0.180 -0.099 -0.196 -0.337 -0.337
 0.464  1.221  0.182 -0.097 -0.195 -0.336 -0.336
 0.466  1.222  0.184 -0.096 -0.194 -0.336 -0.336
 0.468  1.224  0.186 -0.095 -0.192 -0.335 -0.335
 0.470  1.226  0.187 -0.093 -0.191 -0.334 -0.334
 0.472  1.227  0.188 -0.092 -0.190 -0.333 -0.333
 0.474  1.228  0.190 -0.090 -0.189 -0.333 -0.333
 0.476  1.230  0.191 -0.089 -0.188 -0.332 -0.332
 0.478  1.231  0.193 -0.088 -0.187 -0.331 -0.331
 0.480  1.233  0.195 -0.086 -0.185 -0.330 -0.330
 0.482  1.235  0.196 -0.085 -0.184 -0.330 -0.330
 0.484  1.235  0.198 -0.083 -0.183 -0.329 -0.329
 0.486  1.236  0.199 -0.082 -0.182 -0.328 -0.328
 0.488  1.238  0.201 -0.081 -0.181 -0.327 -0.327
 0.490  1.239  0.202 -0.079 -0.179 -0.327 -0.327
 0.492  1.240  0.204 -0.078 -0.178 -0.326 -0.326
 0.494  1.242  0.205 -0.077 -0.177 -0.325 -0.325
 0.496  1.243  0.207 -0.076 -0.176 -0.324 -0.324
 0.498  1.243  0.208 -0.074 -0.175 -0.324 -0.324
 0.500  1.244  0.209 -0.073 -0.174 -0.323 -0.323
 0.502  1.245  0.211 -0.072 -0.172 -0.322 -0.322
 0.504  1.246  0.212 -0.071 -0.171 -0.321 -0.321
 0.506  1.247  0.213 -0.069 -0.170 -0.321 -0.321
 0.508  1.248  0.215 -0.069 -0.169 -0.320 -0.320
 0.510  1.249  0.216 -0.067 -0.168 -0.319 -0.319
 0.512  1.250  0.217 -0.067 -0.167 -0.319 -0.319
 0.514  1.250  0.218 -0.065 -0.166 -0.318 -0.318
 0.516  1.251  0.219 -0.064 -0.165 -0.317 -0.317
 0.518  1.252  0.220 -0.063 -0.164 -0.317 -0.317
 0.520  1.253  0.221 -0.062 -0.163 -0.316 -0.316
 0.522  1.254  0.222 -0.061 -0.162 -0.315 -0.315
 0.524  1.254  0.223 -0.060 -0.161 -0.315 -0.315
 0.526  1.255  0.224 -0.060 -0.160 -0.314 -0.314
 0.528  1.256  0.225 -0.058 -0.159 -0.313 -0.313
 0.530  1.257  0.226 -0.057 -0.158 -0.313 -0.313
 0.532  1.257  0.227 -0.057 -0.157 -0.312 -0.312
 0.534  1.257  0.229 -0.056 -0.157 -0.311 -0.311
 0.536  1.258  0.230 -0.055 -0.156 -0.311 -0.311
 0.538  1.259  0.230 -0.054 -0.155 -0.310 -0.310
 0.540  1.260  0.231 -0.053 -0.155 -0.310 -0.310
 0.542  1.260  0.232 -0.053 -0.153 -0.309 -0.309
 0.544  1.261  0.233 -0.052 -0.153 -0.308 -0.308
 0.546  1.262  0.234 -0.051 -0.152 -0.308 -0.308
 0.548  1.263  0.235 -0.050 -0.152 -0.307 -0.307
 0.550  1.263  0.236 -0.050 -0.151 -0.307 -0.307
 0.552  1.264  0.237 -0.049 -0.150 -0.307 -0.307
 0.554  1.264  0.238 -0.048 -0.150 -0.306 -0.306
 0.556  1.264  0.238 -0.048 -0.149 -0.305 -0.305
 0.558  1.265  0.239 -0.048 -0.149 -0.305 -0.305
 0.560  1.265  0.240 -0.047 -0.149 -0.304 -0.304
 0.562  1.266  0.241 -0.046 -0.148 -0.304 -0.304
 0.564  1.267  0.241 -0.046 -0.148 -0.303 -0.303
 0.566  1.267  0.242 -0.046 -0.147 -0.303 -0.303
 0.568  1.268  0.243 -0.045 -0.147 -0.302 -0.302
 0.570  1.268  0.243 -0.044 -0.147 -0.302 -0.302
 0.572  1.269  0.244 -0.044 -0.146 -0.301 -0.301
 0.574  1.269  0.245 -0.043 -0.146 -0.301 -0.301
 0.576  1.270  0.245 -0.043 -0.146 -0.301 -0.301
 0.578  1.270  0.246 -0.043 -0.146 -0.300 -0.300
 0.580  1.271  0.246 -0.042 -0.145 -0.299 -0.299
 0.582  1.271  0.247 -0.042 -0.145 -0.299 -0.299
 0.584  1.271  0.247 -0.041 -0.145 -0.299 -0.299
 0.586  1.271  0.248 -0.041 -0.145 -0.298 -0.298
 0.588  1.272  0.248 -0.041 -0.145 -0.298 -0.298
 0.590  1.272  0.249 -0.041 -0.144 -0.298 -0.298
 0.592  1.272  0.249 -0.040 -0.144 -0.297 -0.297
 0.594  1.273  0.249 -0.040 -0.144 -0.297 -0.297
 0.596  1.273  0.250 -0.040 -0.144 -0.296 -0.296
 0.598  1.273  0.250 -0.039 -0.143 -0.296 -0.296
 0.600  1.274  0.250 -0.039 -0.143 -0.295 -0.295
 0.602  1.274  0.250 -0.039 -0.143 -0.295 -0.295
 0.604  1.274  0.250 -0.039 -0.143 -0.295 -0.295
 0.606  1.275  0.250 -0.039 -0.143 -0.294 -0.294
 0.608  1.275  0.250 -0.038 -0.142 -0.294 -0.294
 0.610  1.275  0.251 -0.038 -0.142 -0.293 -0.293
 0.612  1.275  0.251 -0.038 -0.142 -0.293 -0.293
 0.614  1.276  0.251 -0.037 -0.142 -0.293 -0.293
 0.616  1.276  0.251 -0.037 -0.142 -0.292 -0.292
 0.618  1.276  0.251 -0.037 -0.141 -0.292 -0.292
 0.620  1.276  0.251 -0.036 -0.141 -0.292 -0.292
 0.622  1.276  0.251 -0.036 -0.140 -0.291 -0.291
 0.624  1.276  0.252 -0.036 -0.140 -0.291 -0.291
 0.626  1.277  0.252 -0.036 -0.140 -0.291 -0.291
 0.628  1.277  0.252 -0.036 -0.140 -0.290 -0.290
 0.630  1.277  0.251 -0.036 -0.140 -0.290 -0.290
 0.632  1.277  0.251 -0.036 -0.140 -0.289 -0.289
 0.634  1.277  0.251 -0.036 -0.139 -0.289 -0.289
 0.636  1.277  0.251 -0.036 -0.139 -0.289 -0.289
 0.638  1.277  0.251 -0.035 -0.139 -0.288 -0.288
 0.640  1.277  0.251 -0.035 -0.139 -0.288 -0.288
 0.642  1.277  0.251 -0.035 -0.139 -0.288 -0.288
 0.644  1.277  0.250 -0.035 -0.138 -0.288 -0.288
 0.646  1.277  0.250 -0.035 -0.138 -0.287 -0.287
 0.648  1.277  0.250 -0.035 -0.138 -0.287 -0.287
 0.650  1.277  0.250 -0.035 -0.138 -0.286 -0.286
 0.652  1.277  0.250 -0.035 -0.138 -0.286 -0.286
 0.654  1.277  0.250 -0.035 -0.138 -0.286 -0.286
 0.656  1.276  0.250 -0.035 -0.138 -0.285 -0.285
 0.658  1.276  0.250 -0.035 -0.137 -0.285 -0.285
 0.660  1.276  0.250 -0.035 -0.137 -0.285 -0.285
 0.662  1.276  0.250 -0.035 -0.137 -0.284 -0.284
 0.664  1.276  0.250 -0.035 -0.137 -0.284 -0.284
 0.666  1.276  0.250 -0.035 -0.137 -0.284 -0.284
 0.668  1.275  0.250 -0.035 -0.137 -0.283 -0.283
 0.670  1.275  0.250 -0.036 -0.137 -0.283 -0.283
 0.672  1.275  0.251 -0.036 -0.137 -0.283 -0.283
 0.674  1.275  0.251 -0.036 -0.137 -0.283 -0.283
 0.676  1.274  0.251 -0.036 -0.137 -0.282 -0.282
 0.678  1.274  0.252 -0.036 -0.137 -0.282 -0.282
 0.680  1.274  0.252 -0.036 -0.137 -0.282 -0.282
 0.682  1.273  0.253 -0.036 -0.137 -0.282 -0.282
 0.684  1.273  0.253 -0.037 -0.137 -0.281 -0.281
 0.686  1.273  0.254 -0.037 -0.137 -0.281 -0.281
 0.688  1.272  0.254 -0.038 -0.137 -0.281 -0.281
 0.690  1.272  0.255 -0.038 -0.137 -0.280 -0.280
 0.692  1.272  0.256 -0.039 -0.137 -0.280 -0.280
 0.694  1.271  0.256 -0.039 -0.137 -0.280 -0.280
 0.696  1.271  0.257 -0.039 -0.137 -0.280 -0.280
 0.698  1.271  0.258 -0.039 -0.137 -0.280 -0.280
 0.700  1.271  0.259 -0.040 -0.137 -0.279 -0.279
 0.702  1.271  0.260 -0.040 -0.137 -0.279 -0.279
 0.704  1.270  0.261 -0.041 -0.137 -0.279 -0.279
 0.706  1.270  0.262 -0.041 -0.138 -0.279 -0.279
 0.708  1.269  0.263 -0.042 -0.138 -0.279 -0.279
 0.710  1.269  0.264 -0.042 -0.138 -0.279 -0.279
 0.712  1.268  0.265 -0.043 -0.138 -0.278 -0.278
 0.714  1.267  0.266 -0.043 -0.138 -0.278 -0.278
 0.716  1.267  0.267 -0.044 -0.138 -0.278 -0.278
 0.718  1.266  0.268 -0.044 -0.139 -0.278 -0.278
 0.720  1.266  0.269 -0.045 -0.139 -0.278 -0.278
 0.722  1.265  0.271 -0.046 -0.139 -0.278 -0.278
 0.724  1.265  0.272 -0.046 -0.139 -0.278 -0.278
 0.726  1.265  0.274 -0.046 -0.139 -0.277 -0.277
 0.728  1.265  0.275 -0.047 -0.139 -0.277 -0.277
 0.730  1.265  0.277 -0.047 -0.139 -0.277 -0.277
 0.732  1.265  0.279 -0.047 -0.139 -0.277 -0.277
 0.734  1.265  0.281 -0.047 -0.139 -0.276 -0.276
 0.736  1.266  0.282 -0.047 -0.138 -0.276 -0.276
 0.738  1.267  0.284 -0.047 -0.138 -0.275 -0.275
 0.740  1.268  0.286 -0.047 -0.138 -0.274 -0.274
 0.742  1.269  0.288 -0.047 -0.137 -0.274 -0.274
 0.744  1.271  0.290 -0.047 -0.137 -0.273 -0.273
 0.746  1.271  0.293 -0.046 -0.136 -0.272 -0.272
 0.748  1.273  0.295 -0.046 -0.136 -0.271 -0.271
 0.750  1.274  0.298 -0.046 -0.135 -0.270 -0.270
 0.752  1.276  0.300 -0.046 -0.134 -0.269 -0.269
 0.754  1.278  0.303 -0.045 -0.133 -0.268 -0.268
 0.756  1.280  0.305 -0.044 -0.133 -0.267 -0.267
 0.758  1.282  0.308 -0.043 -0.132 -0.265 -0.265
 0.760  1.284  0.311 -0.043 -0.131 -0.264 -0.264
 0.762  1.286  0.313 -0.042 -0.130 -0.263 -0.263
 0.764  1.289  0.315 -0.041 -0.129 -0.261 -0.261
 0.766  1.292  0.318 -0.041 -0.128 -0.260 -0.260
 0.768  1.294  0.322 -0.039 -0.126 -0.258 -0.258
 0.770  1.298  0.325 -0.039 -0.125 -0.256 -0.256
 0.772  1.301  0.329 -0.037 -0.124 -0.254 -0.254
 0.774  1.305  0.332 -0.036 -0.123 -0.252 -0.252
 0.776  1.308  0.336 -0.035 -0.121 -0.250 -0.250
 0.778  1.313  0.340 -0.034 -0.120 -0.248 -0.248
 0.780  1.316  0.344 -0.032 -0.118 -0.246 -0.246
 0.782  1.321  0.347 -0.031 -0.117 -0.243 -0.243
 0.784  1.324  0.351 -0.029 -0.115 -0.241 -0.241
 0.786  1.329  0.355 -0.027 -0.113 -0.239 -0.239
 0.788  1.333  0.358 -0.026 -0.112 -0.236 -0.236
 0.790  1.337  0.362 -0.025 -0.110 -0.233 -0.233
 0.792  1.342  0.365 -0.023 -0.108 -0.231 -0.231
 0.794  1.345  0.368 -0.021 -0.107 -0.228 -0.228
 0.796  1.350  0.371 -0.019 -0.105 -0.226 -0.226
 0.798  1.353  0.374 -0.018 -0.103 -0.223 -0.223
 0.800  1.357  0.375 -0.016 -0.101 -0.220 -0.220
 0.802  1.360  0.377 -0.013 -0.099 -0.217 -0.217
 0.804  1.364  0.379 -0.011 -0.097 -0.215 -0.215
 0.806  1.367  0.380 -0.009 -0.095 -0.212 -0.212
 0.808  1.370  0.381 -0.007 -0.093 -0.210 -0.210
 0.810  1.372  0.381 -0.005 -0.091 -0.208 -0.208
 0.812  1.374  0.381 -0.003 -0.090 -0.207 -0.207
 0.814  1.376  0.380 -0.001 -0.087 -0.205 -0.205
 0.816  1.377  0.379  0.001 -0.085 -0.204 -0.204
 0.818  1.378  0.378  0.004 -0.083 -0.202 -0.202
 0.820  1.379  0.376  0.006 -0.081 -0.201 -0.201
 0.822  1.379  0.374  0.009 -0.079 -0.201 -0.201
 0.824  1.379  0.371  0.011 -0.077 -0.200 -0.200
 0.826  1.378  0.368  0.014 -0.075 -0.200 -0.200
 0.828  1.378  0.365  0.016 -0.072 -0.199 -0.199
 0.830  1.377  0.360  0.019 -0.070 -0.199 -0.199
 0.832  1.375  0.356  0.021 -0.068 -0.199 -0.199
 0.834  1.373  0.351  0.024 -0.066 -0.200 -0.200
 0.836  1.372  0.346  0.026 -0.064 -0.200 -0.200
 0.838  1.370  0.341  0.029 -0.062 -0.201 -0.201
 0.840  1.367  0.335  0.031 -0.060 -0.202 -0.202
 0.842  1.365  0.329  0.034 -0.058 -0.202 -0.202
 0.844  1.362  0.322  0.037 -0.056 -0.204 -0.204
 0.846  1.358  0.315  0.040 -0.053 -0.205 -0.205
 0.848  1.355  0.308  0.043 -0.051 -0.207 -0.207
 0.850  1.351  0.300  0.046 -0.048 -0.208 -0.208
 0.852  1.347  0.292  0.050 -0.046 -0.210 -0.210
 0.854  1.343  0.283  0.053 -0.043 -0.212 -0.212
 0.856  1.338  0.275  0.057 -0.041 -0.214 -0.214
 0.858  1.333  0.265  0.059 -0.039 -0.217 -0.217
 0.860  1.328  0.255  0.062 -0.036 -0.220 -0.220
 0.862  1.322  0.246  0.065 -0.034 -0.222 -0.222
 0.864  1.316  0.235  0.068 -0.032 -0.225 -0.225
 0.866  1.310  0.224  0.069 -0.031 -0.229 -0.229
 0.868  1.303  0.213  0.070 -0.030 -0.232 -0.232
 0.870  1.296  0.202  0.071 -0.029 -0.235 -0.235
 0.872  1.288  0.190  0.071 -0.029 -0.239 -0.239
 0.874  1.280  0.179  0.070 -0.030 -0.243 -0.243
 0.876  1.271  0.166  0.068 -0.031 -0.246 -0.246
 0.878  1.263  0.155  0.066 -0.033 -0.251 -0.251
 0.880  1.253  0.142  0.063 -0.035 -0.255 -0.255
 0.882  1.243  0.129  0.059 -0.038 -0.259 -0.259
 0.884  1.233  0.116  0.054 -0.041 -0.264 -0.264
 0.886  1.222  0.103  0.049 -0.045 -0.268 -0.268
 0.888  1.212  0.090  0.043 -0.049 -0.273 -0.273
 0.890  1.200  0.076  0.036 -0.054 -0.278 -0.278
 0.892  1.188  0.062  0.029 -0.059 -0.283 -0.283
 0.894  1.177  0.048  0.021 -0.065 -0.288 -0.288
 0.896  1.163  0.033  0.013 -0.071 -0.293 -0.293
 0.898  1.151  0.020  0.004 -0.078 -0.299 -0.299
 0.900  1.138  0.004 -0.006 -0.085 -0.304 -0.304
 0.902  1.124 -0.010 -0.016 -0.092 -0.310 -0.310
 0.904  1.110 -0.026 -0.027 -0.100 -0.316 -0.316
 0.906  1.095 -0.041 -0.039 -0.109 -0.322 -0.322
 0.908  1.080 -0.057 -0.052 -0.119 -0.328 -0.328
 0.910  1.064 -0.073 -0.065 -0.129 -0.335 -0.335
 0.912  1.048 -0.090 -0.080 -0.139 -0.341 -0.341
 0.914  1.032 -0.106 -0.095 -0.151 -0.347 -0.347
 0.916  1.014 -0.124 -0.111 -0.163 -0.354 -0.354
 0.918  0.997 -0.141 -0.128 -0.175 -0.361 -0.361
 0.920  0.978 -0.158 -0.146 -0.188 -0.367 -0.367
 0.922  0.960 -0.177 -0.164 -0.202 -0.374 -0.374
 0.924  0.941 -0.194 -0.183 -0.215 -0.382 -0.382
 0.926  0.922 -0.213 -0.202 -0.229 -0.389 -0.389
 0.928  0.903 -0.231 -0.221 -0.244 -0.397 -0.397
 0.930  0.883 -0.249 -0.241 -0.259 -0.404 -0.404
 0.932  0.864 -0.267 -0.260 -0.273 -0.412 -0.412
 0.934  0.844 -0.284 -0.281 -0.288 -0.420 -0.420
 0.936  0.824 -0.303 -0.300 -0.303 -0.428 -0.428
 0.938  0.805 -0.320 -0.320 -0.318 -0.436 -0.436
 0.940  0.786 -0.338 -0.339 -0.332 -0.445 -0.445
 0.942  0.766 -0.354 -0.358 -0.347 -0.453 -0.453
 0.944  0.748 -0.371 -0.377 -0.361 -0.461 -0.461
 0.946  0.730 -0.386 -0.395 -0.375 -0.469 -0.469
 0.948  0.712 -0.402 -0.413 -0.388 -0.476 -0.476
 0.950  0.695 -0.416 -0.430 -0.401 -0.483 -0.483
 0.952  0.679 -0.431 -0.446 -0.413 -0.491 -0.491
 0.954  0.664 -0.444 -0.461 -0.424 -0.497 -0.497
 0.956  0.650 -0.457 -0.475 -0.435 -0.504 -0.504
 0.958  0.636 -0.469 -0.489 -0.445 -0.510 -0.510
 0.960  0.623 -0.480 -0.502 -0.455 -0.516 -0.516
 0.962  0.611 -0.490 -0.513 -0.464 -0.521 -0.521
 0.964  0.600 -0.501 -0.525 -0.472 -0.526 -0.526
 0.966  0.589 -0.510 -0.536 -0.480 -0.531 -0.531
 0.968  0.579 -0.519 -0.546 -0.488 -0.536 -0.536
 0.970  0.569 -0.528 -0.555 -0.495 -0.540 -0.540
 0.972  0.560 -0.535 -0.564 -0.502 -0.544 -0.544
 0.974  0.552 -0.542 -0.574 -0.508 -0.548 -0.548
 0.976  0.544 -0.549 -0.581 -0.514 -0.552 -0.552
 0.978  0.536 -0.556 -0.589 -0.520 -0.555 -0.555
 0.980  0.530 -0.562 -0.596 -0.525 -0.558 -0.558
 0.982  0.524 -0.567 -0.602 -0.530 -0.561 -0.561
 0.984  0.518 -0.572 -0.608 -0.534 -0.564 -0.564
 0.986  0.514 -0.576 -0.613 -0.538 -0.566 -0.566
 0.988  0.509 -0.580 -0.617 -0.542 -0.568 -0.568
 0.990  0.506 -0.583 -0.620 -0.544 -0.569 -0.569
 0.992  0.504 -0.585 -0.624 -0.546 -0.571 -0.571
 0.994  0.502 -0.587 -0.626 -0.548 -0.572 -0.572
 0.996  0.500 -0.588 -0.627 -0.549 -0.572 -0.572
 0.998  0.500 -0.588 -0.628 -0.549 -0.573 -0.573
