# IsPeriodic    : True
# Period        : 0.676668 days
# Normalization : <g_mag>=0
# 
# Phase u_mag  g_mag  r_mag  i_mag  z_mag  y_mag
 0.000  0.573 -0.589 -0.567 -0.503 -0.475 -0.475
 0.002  0.573 -0.589 -0.567 -0.503 -0.475 -0.475
 0.004  0.574 -0.588 -0.567 -0.503 -0.475 -0.475
 0.006  0.575 -0.587 -0.566 -0.502 -0.474 -0.474
 0.008  0.577 -0.586 -0.565 -0.502 -0.474 -0.474
 0.010  0.578 -0.585 -0.563 -0.502 -0.473 -0.473
 0.012  0.580 -0.584 -0.562 -0.501 -0.472 -0.472
 0.014  0.582 -0.583 -0.560 -0.500 -0.471 -0.471
 0.016  0.585 -0.581 -0.558 -0.499 -0.470 -0.470
 0.018  0.587 -0.579 -0.555 -0.499 -0.469 -0.469
 0.020  0.590 -0.577 -0.553 -0.498 -0.467 -0.467
 0.022  0.592 -0.575 -0.551 -0.497 -0.465 -0.465
 0.024  0.595 -0.572 -0.549 -0.496 -0.464 -0.464
 0.026  0.598 -0.569 -0.546 -0.495 -0.462 -0.462
 0.028  0.601 -0.567 -0.543 -0.494 -0.460 -0.460
 0.030  0.603 -0.564 -0.541 -0.492 -0.458 -0.458
 0.032  0.607 -0.560 -0.539 -0.490 -0.455 -0.455
 0.034  0.609 -0.556 -0.536 -0.489 -0.452 -0.452
 0.036  0.612 -0.553 -0.534 -0.487 -0.450 -0.450
 0.038  0.615 -0.549 -0.532 -0.486 -0.447 -0.447
 0.040  0.619 -0.544 -0.529 -0.483 -0.445 -0.445
 0.042  0.621 -0.539 -0.526 -0.481 -0.442 -0.442
 0.044  0.625 -0.535 -0.524 -0.479 -0.440 -0.440
 0.046  0.628 -0.529 -0.521 -0.477 -0.437 -0.437
 0.048  0.632 -0.524 -0.518 -0.475 -0.434 -0.434
 0.050  0.635 -0.518 -0.515 -0.472 -0.432 -0.432
 0.052  0.638 -0.512 -0.512 -0.470 -0.430 -0.430
 0.054  0.643 -0.507 -0.509 -0.467 -0.428 -0.428
 0.056  0.646 -0.500 -0.506 -0.465 -0.426 -0.426
 0.058  0.650 -0.494 -0.503 -0.462 -0.424 -0.424
 0.060  0.654 -0.488 -0.499 -0.459 -0.421 -0.421
 0.062  0.658 -0.481 -0.496 -0.457 -0.419 -0.419
 0.064  0.662 -0.475 -0.492 -0.454 -0.417 -0.417
 0.066  0.667 -0.468 -0.489 -0.451 -0.416 -0.416
 0.068  0.671 -0.462 -0.485 -0.449 -0.414 -0.414
 0.070  0.675 -0.456 -0.481 -0.446 -0.412 -0.412
 0.072  0.680 -0.449 -0.477 -0.443 -0.411 -0.411
 0.074  0.685 -0.444 -0.474 -0.441 -0.409 -0.409
 0.076  0.689 -0.437 -0.470 -0.439 -0.407 -0.407
 0.078  0.694 -0.432 -0.467 -0.436 -0.406 -0.406
 0.080  0.698 -0.426 -0.463 -0.434 -0.404 -0.404
 0.082  0.703 -0.420 -0.459 -0.431 -0.403 -0.403
 0.084  0.708 -0.414 -0.456 -0.429 -0.401 -0.401
 0.086  0.712 -0.408 -0.452 -0.427 -0.400 -0.400
 0.088  0.716 -0.403 -0.448 -0.424 -0.399 -0.399
 0.090  0.722 -0.398 -0.444 -0.422 -0.398 -0.398
 0.092  0.726 -0.392 -0.441 -0.420 -0.397 -0.397
 0.094  0.730 -0.387 -0.437 -0.418 -0.396 -0.396
 0.096  0.735 -0.382 -0.434 -0.416 -0.395 -0.395
 0.098  0.740 -0.377 -0.431 -0.414 -0.394 -0.394
 0.100  0.744 -0.371 -0.427 -0.411 -0.393 -0.393
 0.102  0.748 -0.367 -0.424 -0.410 -0.392 -0.392
 0.104  0.752 -0.362 -0.421 -0.408 -0.391 -0.391
 0.106  0.758 -0.357 -0.417 -0.406 -0.391 -0.391
 0.108  0.762 -0.353 -0.414 -0.404 -0.390 -0.390
 0.110  0.766 -0.348 -0.411 -0.402 -0.389 -0.389
 0.112  0.770 -0.344 -0.408 -0.400 -0.388 -0.388
 0.114  0.775 -0.340 -0.404 -0.399 -0.388 -0.388
 0.116  0.779 -0.335 -0.402 -0.397 -0.387 -0.387
 0.118  0.783 -0.331 -0.398 -0.395 -0.386 -0.386
 0.120  0.788 -0.326 -0.396 -0.393 -0.385 -0.385
 0.122  0.792 -0.323 -0.392 -0.392 -0.384 -0.384
 0.124  0.795 -0.319 -0.390 -0.390 -0.384 -0.384
 0.126  0.800 -0.315 -0.387 -0.389 -0.383 -0.383
 0.128  0.804 -0.311 -0.384 -0.387 -0.382 -0.382
 0.130  0.808 -0.308 -0.381 -0.385 -0.381 -0.381
 0.132  0.812 -0.304 -0.378 -0.384 -0.380 -0.380
 0.134  0.816 -0.300 -0.376 -0.382 -0.379 -0.379
 0.136  0.820 -0.296 -0.373 -0.381 -0.378 -0.378
 0.138  0.824 -0.293 -0.371 -0.380 -0.377 -0.377
 0.140  0.828 -0.289 -0.368 -0.378 -0.376 -0.376
 0.142  0.832 -0.285 -0.365 -0.376 -0.375 -0.375
 0.144  0.836 -0.282 -0.363 -0.375 -0.374 -0.374
 0.146  0.840 -0.279 -0.361 -0.373 -0.372 -0.372
 0.148  0.844 -0.275 -0.358 -0.372 -0.371 -0.371
 0.150  0.848 -0.271 -0.356 -0.370 -0.370 -0.370
 0.152  0.852 -0.267 -0.353 -0.369 -0.369 -0.369
 0.154  0.855 -0.264 -0.351 -0.367 -0.368 -0.368
 0.156  0.860 -0.260 -0.349 -0.366 -0.366 -0.366
 0.158  0.863 -0.256 -0.346 -0.365 -0.365 -0.365
 0.160  0.866 -0.252 -0.344 -0.363 -0.364 -0.364
 0.162  0.871 -0.249 -0.342 -0.361 -0.362 -0.362
 0.164  0.874 -0.245 -0.340 -0.360 -0.361 -0.361
 0.166  0.878 -0.241 -0.338 -0.358 -0.359 -0.359
 0.168  0.882 -0.237 -0.335 -0.357 -0.358 -0.358
 0.170  0.885 -0.234 -0.333 -0.356 -0.356 -0.356
 0.172  0.889 -0.229 -0.330 -0.354 -0.355 -0.355
 0.174  0.892 -0.225 -0.328 -0.352 -0.353 -0.353
 0.176  0.896 -0.221 -0.326 -0.351 -0.352 -0.352
 0.178  0.900 -0.218 -0.324 -0.350 -0.350 -0.350
 0.180  0.903 -0.214 -0.322 -0.348 -0.348 -0.348
 0.182  0.907 -0.210 -0.320 -0.346 -0.347 -0.347
 0.184  0.910 -0.206 -0.317 -0.345 -0.345 -0.345
 0.186  0.914 -0.203 -0.315 -0.344 -0.343 -0.343
 0.188  0.917 -0.199 -0.313 -0.342 -0.342 -0.342
 0.190  0.920 -0.195 -0.311 -0.341 -0.340 -0.340
 0.192  0.924 -0.190 -0.309 -0.339 -0.339 -0.339
 0.194  0.926 -0.187 -0.307 -0.337 -0.338 -0.338
 0.196  0.930 -0.183 -0.305 -0.336 -0.336 -0.336
 0.198  0.933 -0.179 -0.302 -0.335 -0.334 -0.334
 0.200  0.937 -0.175 -0.300 -0.333 -0.333 -0.333
 0.202  0.940 -0.171 -0.298 -0.332 -0.332 -0.332
 0.204  0.943 -0.167 -0.296 -0.330 -0.330 -0.330
 0.206  0.946 -0.163 -0.294 -0.329 -0.329 -0.329
 0.208  0.950 -0.159 -0.292 -0.327 -0.327 -0.327
 0.210  0.952 -0.156 -0.289 -0.326 -0.326 -0.326
 0.212  0.956 -0.152 -0.287 -0.325 -0.324 -0.324
 0.214  0.959 -0.148 -0.285 -0.323 -0.323 -0.323
 0.216  0.962 -0.144 -0.283 -0.321 -0.322 -0.322
 0.218  0.965 -0.141 -0.281 -0.320 -0.321 -0.321
 0.220  0.968 -0.137 -0.279 -0.319 -0.319 -0.319
 0.222  0.971 -0.133 -0.278 -0.317 -0.318 -0.318
 0.224  0.974 -0.129 -0.276 -0.316 -0.317 -0.317
 0.226  0.977 -0.127 -0.274 -0.314 -0.316 -0.316
 0.228  0.980 -0.123 -0.272 -0.313 -0.314 -0.314
 0.230  0.983 -0.119 -0.270 -0.312 -0.313 -0.313
 0.232  0.986 -0.116 -0.268 -0.310 -0.312 -0.312
 0.234  0.988 -0.113 -0.266 -0.309 -0.311 -0.311
 0.236  0.992 -0.110 -0.264 -0.308 -0.310 -0.310
 0.238  0.994 -0.106 -0.262 -0.306 -0.308 -0.308
 0.240  0.997 -0.103 -0.260 -0.304 -0.307 -0.307
 0.242  1.000 -0.099 -0.258 -0.303 -0.307 -0.307
 0.244  1.003 -0.097 -0.256 -0.302 -0.306 -0.306
 0.246  1.005 -0.093 -0.254 -0.300 -0.305 -0.305
 0.248  1.009 -0.090 -0.252 -0.299 -0.303 -0.303
 0.250  1.011 -0.087 -0.250 -0.297 -0.302 -0.302
 0.252  1.014 -0.084 -0.248 -0.296 -0.301 -0.301
 0.254  1.017 -0.082 -0.246 -0.295 -0.300 -0.300
 0.256  1.020 -0.079 -0.244 -0.294 -0.299 -0.299
 0.258  1.022 -0.075 -0.242 -0.292 -0.298 -0.298
 0.260  1.025 -0.072 -0.240 -0.290 -0.297 -0.297
 0.262  1.028 -0.069 -0.238 -0.289 -0.296 -0.296
 0.264  1.031 -0.068 -0.236 -0.288 -0.295 -0.295
 0.266  1.034 -0.065 -0.234 -0.287 -0.294 -0.294
 0.268  1.036 -0.062 -0.232 -0.285 -0.293 -0.293
 0.270  1.039 -0.059 -0.231 -0.284 -0.292 -0.292
 0.272  1.042 -0.056 -0.229 -0.282 -0.291 -0.291
 0.274  1.045 -0.053 -0.227 -0.281 -0.290 -0.290
 0.276  1.047 -0.052 -0.225 -0.280 -0.289 -0.289
 0.278  1.050 -0.049 -0.223 -0.278 -0.288 -0.288
 0.280  1.052 -0.046 -0.221 -0.277 -0.287 -0.287
 0.282  1.055 -0.043 -0.219 -0.276 -0.286 -0.286
 0.284  1.057 -0.041 -0.217 -0.275 -0.284 -0.284
 0.286  1.060 -0.038 -0.215 -0.273 -0.283 -0.283
 0.288  1.063 -0.036 -0.213 -0.272 -0.282 -0.282
 0.290  1.065 -0.033 -0.212 -0.270 -0.281 -0.281
 0.292  1.068 -0.031 -0.210 -0.269 -0.280 -0.280
 0.294  1.071 -0.028 -0.208 -0.268 -0.279 -0.279
 0.296  1.074 -0.025 -0.206 -0.266 -0.277 -0.277
 0.298  1.076 -0.022 -0.204 -0.265 -0.276 -0.276
 0.300  1.079 -0.020 -0.202 -0.263 -0.275 -0.275
 0.302  1.081 -0.017 -0.200 -0.262 -0.274 -0.274
 0.304  1.084 -0.014 -0.198 -0.261 -0.273 -0.273
 0.306  1.087 -0.012 -0.196 -0.260 -0.272 -0.272
 0.308  1.088 -0.009 -0.194 -0.258 -0.271 -0.271
 0.310  1.091 -0.007 -0.193 -0.256 -0.269 -0.269
 0.312  1.093 -0.004 -0.191 -0.255 -0.268 -0.268
 0.314  1.096 -0.001 -0.189 -0.254 -0.267 -0.267
 0.316  1.099  0.002 -0.187 -0.253 -0.265 -0.265
 0.318  1.101  0.005 -0.185 -0.251 -0.264 -0.264
 0.320  1.104  0.008 -0.184 -0.249 -0.263 -0.263
 0.322  1.106  0.010 -0.182 -0.248 -0.262 -0.262
 0.324  1.109  0.013 -0.180 -0.247 -0.260 -0.260
 0.326  1.111  0.016 -0.178 -0.245 -0.260 -0.260
 0.328  1.114  0.019 -0.176 -0.244 -0.258 -0.258
 0.330  1.117  0.022 -0.175 -0.243 -0.257 -0.257
 0.332  1.119  0.024 -0.173 -0.241 -0.256 -0.256
 0.334  1.121  0.027 -0.171 -0.240 -0.254 -0.254
 0.336  1.123  0.030 -0.169 -0.238 -0.253 -0.253
 0.338  1.126  0.033 -0.167 -0.237 -0.252 -0.252
 0.340  1.129  0.036 -0.165 -0.236 -0.251 -0.251
 0.342  1.131  0.039 -0.163 -0.234 -0.249 -0.249
 0.344  1.134  0.042 -0.161 -0.233 -0.248 -0.248
 0.346  1.136  0.045 -0.160 -0.231 -0.247 -0.247
 0.348  1.138  0.048 -0.158 -0.230 -0.246 -0.246
 0.350  1.141  0.051 -0.156 -0.229 -0.245 -0.245
 0.352  1.143  0.054 -0.155 -0.227 -0.244 -0.244
 0.354  1.146  0.056 -0.153 -0.225 -0.242 -0.242
 0.356  1.148  0.059 -0.151 -0.224 -0.241 -0.241
 0.358  1.150  0.062 -0.149 -0.223 -0.240 -0.240
 0.360  1.153  0.065 -0.148 -0.221 -0.239 -0.239
 0.362  1.155  0.068 -0.146 -0.220 -0.237 -0.237
 0.364  1.158  0.070 -0.144 -0.219 -0.236 -0.236
 0.366  1.160  0.073 -0.142 -0.217 -0.235 -0.235
 0.368  1.162  0.076 -0.140 -0.215 -0.234 -0.234
 0.370  1.165  0.079 -0.138 -0.214 -0.233 -0.233
 0.372  1.167  0.082 -0.137 -0.213 -0.231 -0.231
 0.374  1.169  0.084 -0.135 -0.211 -0.230 -0.230
 0.376  1.171  0.087 -0.133 -0.209 -0.229 -0.229
 0.378  1.174  0.090 -0.132 -0.208 -0.228 -0.228
 0.380  1.176  0.092 -0.130 -0.207 -0.227 -0.227
 0.382  1.178  0.095 -0.128 -0.205 -0.226 -0.226
 0.384  1.181  0.098 -0.126 -0.204 -0.225 -0.225
 0.386  1.183  0.100 -0.124 -0.203 -0.223 -0.223
 0.388  1.185  0.103 -0.122 -0.201 -0.222 -0.222
 0.390  1.188  0.105 -0.121 -0.199 -0.221 -0.221
 0.392  1.189  0.108 -0.119 -0.198 -0.220 -0.220
 0.394  1.192  0.111 -0.117 -0.197 -0.219 -0.219
 0.396  1.194  0.114 -0.116 -0.195 -0.218 -0.218
 0.398  1.196  0.115 -0.114 -0.193 -0.216 -0.216
 0.400  1.198  0.118 -0.113 -0.192 -0.215 -0.215
 0.402  1.201  0.121 -0.111 -0.191 -0.214 -0.214
 0.404  1.202  0.123 -0.109 -0.189 -0.213 -0.213
 0.406  1.205  0.126 -0.107 -0.188 -0.212 -0.212
 0.408  1.207  0.129 -0.105 -0.186 -0.211 -0.211
 0.410  1.209  0.130 -0.104 -0.185 -0.210 -0.210
 0.412  1.211  0.133 -0.102 -0.183 -0.209 -0.209
 0.414  1.213  0.135 -0.101 -0.182 -0.208 -0.208
 0.416  1.215  0.138 -0.099 -0.180 -0.206 -0.206
 0.418  1.217  0.140 -0.097 -0.179 -0.205 -0.205
 0.420  1.219  0.143 -0.095 -0.177 -0.204 -0.204
 0.422  1.221  0.145 -0.093 -0.176 -0.203 -0.203
 0.424  1.224  0.147 -0.092 -0.174 -0.202 -0.202
 0.426  1.225  0.149 -0.090 -0.173 -0.201 -0.201
 0.428  1.227  0.152 -0.089 -0.172 -0.200 -0.200
 0.430  1.230  0.154 -0.087 -0.171 -0.199 -0.199
 0.432  1.231  0.156 -0.085 -0.169 -0.198 -0.198
 0.434  1.233  0.159 -0.084 -0.168 -0.197 -0.197
 0.436  1.235  0.160 -0.082 -0.166 -0.196 -0.196
 0.438  1.237  0.162 -0.080 -0.165 -0.195 -0.195
 0.440  1.239  0.164 -0.079 -0.164 -0.194 -0.194
 0.442  1.241  0.166 -0.077 -0.163 -0.193 -0.193
 0.444  1.243  0.169 -0.076 -0.161 -0.192 -0.192
 0.446  1.244  0.171 -0.074 -0.160 -0.191 -0.191
 0.448  1.246  0.173 -0.072 -0.159 -0.189 -0.189
 0.450  1.249  0.175 -0.071 -0.158 -0.188 -0.188
 0.452  1.250  0.176 -0.069 -0.157 -0.187 -0.187
 0.454  1.252  0.178 -0.068 -0.156 -0.186 -0.186
 0.456  1.254  0.180 -0.066 -0.154 -0.185 -0.185
 0.458  1.255  0.182 -0.065 -0.153 -0.184 -0.184
 0.460  1.257  0.183 -0.064 -0.152 -0.183 -0.183
 0.462  1.259  0.185 -0.062 -0.151 -0.182 -0.182
 0.464  1.261  0.187 -0.060 -0.150 -0.182 -0.182
 0.466  1.261  0.189 -0.059 -0.149 -0.181 -0.181
 0.468  1.263  0.190 -0.058 -0.148 -0.180 -0.180
 0.470  1.265  0.191 -0.056 -0.147 -0.179 -0.179
 0.472  1.267  0.193 -0.055 -0.146 -0.178 -0.178
 0.474  1.268  0.195 -0.054 -0.145 -0.177 -0.177
 0.476  1.270  0.196 -0.052 -0.144 -0.176 -0.176
 0.478  1.271  0.198 -0.051 -0.143 -0.175 -0.175
 0.480  1.273  0.199 -0.051 -0.142 -0.174 -0.174
 0.482  1.274  0.201 -0.049 -0.141 -0.173 -0.173
 0.484  1.275  0.202 -0.048 -0.140 -0.172 -0.172
 0.486  1.277  0.204 -0.047 -0.139 -0.171 -0.171
 0.488  1.279  0.205 -0.045 -0.138 -0.170 -0.170
 0.490  1.279  0.206 -0.045 -0.138 -0.169 -0.169
 0.492  1.281  0.207 -0.043 -0.136 -0.168 -0.168
 0.494  1.282  0.208 -0.042 -0.136 -0.167 -0.167
 0.496  1.284  0.210 -0.041 -0.135 -0.167 -0.167
 0.498  1.285  0.211 -0.040 -0.134 -0.166 -0.166
 0.500  1.286  0.212 -0.039 -0.133 -0.165 -0.165
 0.502  1.287  0.213 -0.038 -0.132 -0.164 -0.164
 0.504  1.289  0.215 -0.037 -0.132 -0.163 -0.163
 0.506  1.290  0.216 -0.036 -0.131 -0.162 -0.162
 0.508  1.291  0.217 -0.035 -0.130 -0.162 -0.162
 0.510  1.292  0.218 -0.034 -0.129 -0.161 -0.161
 0.512  1.293  0.219 -0.033 -0.128 -0.160 -0.160
 0.514  1.294  0.220 -0.032 -0.127 -0.159 -0.159
 0.516  1.296  0.221 -0.031 -0.126 -0.158 -0.158
 0.518  1.297  0.221 -0.030 -0.126 -0.157 -0.157
 0.520  1.297  0.222 -0.029 -0.125 -0.157 -0.157
 0.522  1.298  0.223 -0.028 -0.124 -0.156 -0.156
 0.524  1.299  0.224 -0.027 -0.124 -0.155 -0.155
 0.526  1.301  0.225 -0.027 -0.123 -0.154 -0.154
 0.528  1.302  0.226 -0.026 -0.122 -0.154 -0.154
 0.530  1.303  0.227 -0.025 -0.121 -0.153 -0.153
 0.532  1.303  0.228 -0.024 -0.120 -0.152 -0.152
 0.534  1.304  0.228 -0.023 -0.119 -0.151 -0.151
 0.536  1.305  0.229 -0.022 -0.119 -0.151 -0.151
 0.538  1.306  0.230 -0.021 -0.118 -0.150 -0.150
 0.540  1.307  0.231 -0.021 -0.117 -0.150 -0.150
 0.542  1.308  0.231 -0.020 -0.117 -0.149 -0.149
 0.544  1.308  0.232 -0.019 -0.116 -0.148 -0.148
 0.546  1.309  0.233 -0.018 -0.115 -0.147 -0.147
 0.548  1.309  0.233 -0.018 -0.115 -0.147 -0.147
 0.550  1.310  0.234 -0.017 -0.114 -0.146 -0.146
 0.552  1.311  0.234 -0.016 -0.113 -0.145 -0.145
 0.554  1.311  0.235 -0.016 -0.112 -0.145 -0.145
 0.556  1.312  0.235 -0.015 -0.111 -0.144 -0.144
 0.558  1.313  0.236 -0.014 -0.111 -0.143 -0.143
 0.560  1.313  0.236 -0.014 -0.110 -0.143 -0.143
 0.562  1.314  0.236 -0.013 -0.109 -0.142 -0.142
 0.564  1.315  0.236 -0.012 -0.109 -0.141 -0.141
 0.566  1.315  0.237 -0.012 -0.108 -0.140 -0.140
 0.568  1.315  0.237 -0.011 -0.107 -0.140 -0.140
 0.570  1.315  0.237 -0.010 -0.107 -0.139 -0.139
 0.572  1.316  0.238 -0.010 -0.106 -0.139 -0.139
 0.574  1.316  0.238 -0.009 -0.106 -0.138 -0.138
 0.576  1.317  0.239 -0.008 -0.105 -0.137 -0.137
 0.578  1.317  0.239 -0.008 -0.104 -0.137 -0.137
 0.580  1.318  0.239 -0.007 -0.103 -0.136 -0.136
 0.582  1.318  0.240 -0.006 -0.103 -0.136 -0.136
 0.584  1.318  0.240 -0.006 -0.102 -0.135 -0.135
 0.586  1.319  0.240 -0.006 -0.102 -0.135 -0.135
 0.588  1.319  0.241 -0.005 -0.101 -0.134 -0.134
 0.590  1.319  0.241 -0.004 -0.101 -0.133 -0.133
 0.592  1.320  0.241 -0.004 -0.100 -0.133 -0.133
 0.594  1.320  0.241 -0.004 -0.100 -0.132 -0.132
 0.596  1.320  0.242 -0.003 -0.099 -0.132 -0.132
 0.598  1.320  0.242 -0.002 -0.099 -0.131 -0.131
 0.600  1.320  0.242 -0.002 -0.098 -0.130 -0.130
 0.602  1.320  0.242 -0.002 -0.098 -0.130 -0.130
 0.604  1.321  0.243 -0.001 -0.097 -0.129 -0.129
 0.606  1.321  0.243 -0.001 -0.096 -0.129 -0.129
 0.608  1.321  0.243 -0.000 -0.096 -0.128 -0.128
 0.610  1.321  0.243 -0.000 -0.095 -0.128 -0.128
 0.612  1.321  0.244  0.000 -0.095 -0.127 -0.127
 0.614  1.321  0.244  0.000 -0.095 -0.127 -0.127
 0.616  1.321  0.244  0.001 -0.094 -0.126 -0.126
 0.618  1.321  0.244  0.001 -0.094 -0.125 -0.125
 0.620  1.321  0.244  0.002 -0.093 -0.125 -0.125
 0.622  1.321  0.244  0.002 -0.093 -0.124 -0.124
 0.624  1.321  0.245  0.002 -0.093 -0.124 -0.124
 0.626  1.321  0.245  0.002 -0.092 -0.123 -0.123
 0.628  1.320  0.245  0.002 -0.092 -0.123 -0.123
 0.630  1.320  0.245  0.002 -0.092 -0.122 -0.122
 0.632  1.320  0.245  0.003 -0.091 -0.121 -0.121
 0.634  1.320  0.245  0.003 -0.091 -0.121 -0.121
 0.636  1.320  0.245  0.003 -0.091 -0.120 -0.120
 0.638  1.319  0.245  0.003 -0.090 -0.120 -0.120
 0.640  1.319  0.245  0.003 -0.090 -0.120 -0.120
 0.642  1.319  0.245  0.004 -0.090 -0.119 -0.119
 0.644  1.318  0.245  0.004 -0.089 -0.118 -0.118
 0.646  1.318  0.245  0.004 -0.089 -0.118 -0.118
 0.648  1.318  0.245  0.004 -0.088 -0.117 -0.117
 0.650  1.317  0.244  0.004 -0.088 -0.117 -0.117
 0.652  1.317  0.244  0.004 -0.088 -0.116 -0.116
 0.654  1.317  0.244  0.004 -0.088 -0.115 -0.115
 0.656  1.316  0.243  0.004 -0.087 -0.115 -0.115
 0.658  1.316  0.243  0.004 -0.087 -0.114 -0.114
 0.660  1.316  0.242  0.004 -0.087 -0.114 -0.114
 0.662  1.316  0.242  0.004 -0.087 -0.113 -0.113
 0.664  1.315  0.241  0.004 -0.087 -0.112 -0.112
 0.666  1.315  0.241  0.004 -0.087 -0.112 -0.112
 0.668  1.315  0.240  0.003 -0.086 -0.111 -0.111
 0.670  1.315  0.240  0.003 -0.086 -0.110 -0.110
 0.672  1.315  0.239  0.003 -0.086 -0.110 -0.110
 0.674  1.315  0.238  0.003 -0.086 -0.109 -0.109
 0.676  1.315  0.238  0.002 -0.086 -0.109 -0.109
 0.678  1.315  0.237  0.002 -0.086 -0.108 -0.108
 0.680  1.315  0.236  0.002 -0.086 -0.107 -0.107
 0.682  1.315  0.236  0.002 -0.085 -0.107 -0.107
 0.684  1.315  0.235  0.002 -0.085 -0.106 -0.106
 0.686  1.315  0.234  0.001 -0.085 -0.105 -0.105
 0.688  1.315  0.233  0.001 -0.085 -0.105 -0.105
 0.690  1.315  0.232  0.000 -0.085 -0.105 -0.105
 0.692  1.315  0.231  0.000 -0.085 -0.104 -0.104
 0.694  1.315  0.230 -0.000 -0.085 -0.103 -0.103
 0.696  1.315  0.229 -0.000 -0.085 -0.103 -0.103
 0.698  1.315  0.228 -0.001 -0.085 -0.102 -0.102
 0.700  1.315  0.226 -0.001 -0.085 -0.101 -0.101
 0.702  1.315  0.225 -0.002 -0.085 -0.100 -0.100
 0.704  1.315  0.224 -0.002 -0.085 -0.100 -0.100
 0.706  1.316  0.223 -0.002 -0.085 -0.099 -0.099
 0.708  1.316  0.222 -0.003 -0.085 -0.098 -0.098
 0.710  1.316  0.221 -0.004 -0.085 -0.098 -0.098
 0.712  1.316  0.221 -0.004 -0.084 -0.097 -0.097
 0.714  1.316  0.221 -0.005 -0.084 -0.096 -0.096
 0.716  1.317  0.220 -0.006 -0.083 -0.095 -0.095
 0.718  1.317  0.220 -0.006 -0.083 -0.094 -0.094
 0.720  1.317  0.219 -0.006 -0.082 -0.094 -0.094
 0.722  1.318  0.219 -0.007 -0.082 -0.093 -0.093
 0.724  1.319  0.219 -0.008 -0.080 -0.092 -0.092
 0.726  1.319  0.219 -0.008 -0.080 -0.091 -0.091
 0.728  1.320  0.219 -0.008 -0.079 -0.091 -0.091
 0.730  1.321  0.219 -0.008 -0.078 -0.090 -0.090
 0.732  1.321  0.220 -0.008 -0.077 -0.089 -0.089
 0.734  1.322  0.220 -0.008 -0.076 -0.089 -0.089
 0.736  1.324  0.221 -0.008 -0.075 -0.088 -0.088
 0.738  1.325  0.221 -0.008 -0.074 -0.087 -0.087
 0.740  1.327  0.221 -0.008 -0.072 -0.086 -0.086
 0.742  1.328  0.222 -0.007 -0.071 -0.085 -0.085
 0.744  1.329  0.223 -0.006 -0.070 -0.085 -0.085
 0.746  1.331  0.224 -0.006 -0.068 -0.084 -0.084
 0.748  1.333  0.225 -0.004 -0.067 -0.083 -0.083
 0.750  1.335  0.227 -0.004 -0.065 -0.082 -0.082
 0.752  1.337  0.228 -0.002 -0.063 -0.081 -0.081
 0.754  1.339  0.230 -0.001 -0.061 -0.080 -0.080
 0.756  1.341  0.232 -0.000 -0.060 -0.079 -0.079
 0.758  1.343  0.233  0.001 -0.058 -0.078 -0.078
 0.760  1.345  0.235  0.003 -0.055 -0.076 -0.076
 0.762  1.348  0.237  0.004 -0.054 -0.075 -0.075
 0.764  1.351  0.239  0.006 -0.052 -0.074 -0.074
 0.766  1.353  0.241  0.008 -0.049 -0.073 -0.073
 0.768  1.357  0.243  0.010 -0.047 -0.071 -0.071
 0.770  1.359  0.246  0.012 -0.045 -0.070 -0.070
 0.772  1.363  0.248  0.014 -0.043 -0.068 -0.068
 0.774  1.366  0.251  0.017 -0.040 -0.066 -0.066
 0.776  1.369  0.252  0.019 -0.038 -0.064 -0.064
 0.778  1.373  0.255  0.022 -0.036 -0.063 -0.063
 0.780  1.377  0.258  0.025 -0.034 -0.060 -0.060
 0.782  1.381  0.260  0.027 -0.031 -0.058 -0.058
 0.784  1.385  0.263  0.030 -0.029 -0.057 -0.057
 0.786  1.388  0.266  0.033 -0.027 -0.054 -0.054
 0.788  1.393  0.268  0.036 -0.025 -0.052 -0.052
 0.790  1.396  0.271  0.039 -0.022 -0.050 -0.050
 0.792  1.399  0.273  0.043 -0.020 -0.047 -0.047
 0.794  1.404  0.276  0.045 -0.018 -0.045 -0.045
 0.796  1.407  0.279  0.048 -0.015 -0.043 -0.043
 0.798  1.411  0.281  0.051 -0.013 -0.040 -0.040
 0.800  1.413  0.284  0.054 -0.011 -0.037 -0.037
 0.802  1.417  0.287  0.057 -0.009 -0.035 -0.035
 0.804  1.419  0.290  0.060 -0.007 -0.032 -0.032
 0.806  1.422  0.293  0.063 -0.005 -0.029 -0.029
 0.808  1.423  0.296  0.066 -0.003 -0.026 -0.026
 0.810  1.426  0.297  0.068 -0.002 -0.023 -0.023
 0.812  1.427  0.300  0.070  0.001 -0.019 -0.019
 0.814  1.429  0.303  0.072  0.002 -0.016 -0.016
 0.816  1.429  0.305  0.074  0.004 -0.012 -0.012
 0.818  1.429  0.308  0.076  0.006 -0.009 -0.009
 0.820  1.429  0.310  0.078  0.007 -0.006 -0.006
 0.822  1.429  0.312  0.080  0.009 -0.003 -0.003
 0.824  1.429  0.315  0.081  0.011  0.001  0.001
 0.826  1.428  0.318  0.083  0.013  0.003  0.003
 0.828  1.426  0.321  0.084  0.014  0.005  0.005
 0.830  1.425  0.324  0.085  0.017  0.007  0.007
 0.832  1.423  0.327  0.087  0.018  0.009  0.009
 0.834  1.421  0.330  0.087  0.020  0.009  0.009
 0.836  1.418  0.333  0.088  0.022  0.010  0.010
 0.838  1.416  0.336  0.089  0.024  0.010  0.010
 0.840  1.413  0.340  0.089  0.026  0.009  0.009
 0.842  1.410  0.342  0.090  0.027  0.008  0.008
 0.844  1.406  0.344  0.091  0.028  0.006  0.006
 0.846  1.403  0.346  0.091  0.029  0.004  0.004
 0.848  1.399  0.348  0.091  0.030  0.002  0.002
 0.850  1.394  0.349  0.091  0.030 -0.001 -0.001
 0.852  1.389  0.349  0.092  0.029 -0.004 -0.004
 0.854  1.385  0.348  0.092  0.029 -0.008 -0.008
 0.856  1.380  0.347  0.092  0.028 -0.012 -0.012
 0.858  1.374  0.345  0.092  0.026 -0.016 -0.016
 0.860  1.368  0.342  0.091  0.023 -0.021 -0.021
 0.862  1.362  0.338  0.091  0.021 -0.027 -0.027
 0.864  1.355  0.334  0.090  0.018 -0.032 -0.032
 0.866  1.348  0.328  0.089  0.014 -0.039 -0.039
 0.868  1.340  0.322  0.087  0.010 -0.046 -0.046
 0.870  1.333  0.315  0.085  0.005 -0.053 -0.053
 0.872  1.325  0.308  0.082  0.001 -0.061 -0.061
 0.874  1.316  0.299  0.079 -0.005 -0.070 -0.070
 0.876  1.308  0.290  0.076 -0.011 -0.079 -0.079
 0.878  1.298  0.280  0.071 -0.017 -0.089 -0.089
 0.880  1.289  0.268  0.066 -0.023 -0.099 -0.099
 0.882  1.279  0.256  0.061 -0.031 -0.109 -0.109
 0.884  1.269  0.243  0.055 -0.038 -0.120 -0.120
 0.886  1.258  0.230  0.049 -0.047 -0.131 -0.131
 0.888  1.247  0.215  0.043 -0.055 -0.142 -0.142
 0.890  1.236  0.200  0.035 -0.064 -0.154 -0.154
 0.892  1.225  0.183  0.027 -0.075 -0.166 -0.166
 0.894  1.213  0.166  0.019 -0.085 -0.178 -0.178
 0.896  1.201  0.148  0.011 -0.096 -0.189 -0.189
 0.898  1.188  0.129  0.002 -0.107 -0.201 -0.201
 0.900  1.175  0.109 -0.008 -0.119 -0.214 -0.214
 0.902  1.162  0.088 -0.018 -0.132 -0.225 -0.225
 0.904  1.148  0.068 -0.029 -0.144 -0.237 -0.237
 0.906  1.134  0.045 -0.040 -0.157 -0.248 -0.248
 0.908  1.119  0.023 -0.052 -0.171 -0.260 -0.260
 0.910  1.105 -0.001 -0.064 -0.184 -0.271 -0.271
 0.912  1.089 -0.025 -0.077 -0.198 -0.281 -0.281
 0.914  1.073 -0.050 -0.091 -0.212 -0.291 -0.291
 0.916  1.057 -0.074 -0.105 -0.227 -0.301 -0.301
 0.918  1.040 -0.099 -0.120 -0.241 -0.310 -0.310
 0.920  1.023 -0.125 -0.135 -0.255 -0.320 -0.320
 0.922  1.005 -0.150 -0.151 -0.269 -0.328 -0.328
 0.924  0.988 -0.175 -0.167 -0.283 -0.337 -0.337
 0.926  0.970 -0.200 -0.183 -0.297 -0.345 -0.345
 0.928  0.952 -0.223 -0.200 -0.310 -0.353 -0.353
 0.930  0.933 -0.247 -0.217 -0.323 -0.360 -0.360
 0.932  0.915 -0.269 -0.235 -0.335 -0.368 -0.368
 0.934  0.896 -0.291 -0.252 -0.347 -0.374 -0.374
 0.936  0.878 -0.310 -0.270 -0.358 -0.382 -0.382
 0.938  0.860 -0.330 -0.287 -0.368 -0.388 -0.388
 0.940  0.842 -0.348 -0.305 -0.378 -0.395 -0.395
 0.942  0.824 -0.366 -0.322 -0.388 -0.400 -0.400
 0.944  0.806 -0.383 -0.339 -0.397 -0.407 -0.407
 0.946  0.789 -0.399 -0.356 -0.406 -0.412 -0.412
 0.948  0.773 -0.415 -0.372 -0.414 -0.417 -0.417
 0.950  0.758 -0.430 -0.387 -0.422 -0.423 -0.423
 0.952  0.742 -0.444 -0.402 -0.430 -0.427 -0.427
 0.954  0.728 -0.458 -0.415 -0.438 -0.431 -0.431
 0.956  0.715 -0.471 -0.429 -0.445 -0.436 -0.436
 0.958  0.702 -0.483 -0.441 -0.451 -0.439 -0.439
 0.960  0.690 -0.495 -0.452 -0.457 -0.443 -0.443
 0.962  0.679 -0.507 -0.464 -0.463 -0.446 -0.446
 0.964  0.668 -0.517 -0.474 -0.469 -0.449 -0.449
 0.966  0.657 -0.527 -0.484 -0.474 -0.452 -0.452
 0.968  0.648 -0.536 -0.493 -0.479 -0.454 -0.454
 0.970  0.639 -0.544 -0.502 -0.483 -0.457 -0.457
 0.972  0.631 -0.552 -0.510 -0.487 -0.459 -0.459
 0.974  0.622 -0.558 -0.518 -0.490 -0.461 -0.461
 0.976  0.615 -0.564 -0.525 -0.493 -0.463 -0.463
 0.978  0.608 -0.568 -0.532 -0.495 -0.465 -0.465
 0.980  0.602 -0.573 -0.539 -0.497 -0.466 -0.466
 0.982  0.596 -0.577 -0.544 -0.498 -0.468 -0.468
 0.984  0.591 -0.580 -0.549 -0.499 -0.469 -0.469
 0.986  0.586 -0.583 -0.554 -0.501 -0.471 -0.471
 0.988  0.582 -0.584 -0.558 -0.502 -0.472 -0.472
 0.990  0.579 -0.585 -0.561 -0.502 -0.473 -0.473
 0.992  0.576 -0.587 -0.564 -0.502 -0.473 -0.473
 0.994  0.574 -0.588 -0.566 -0.503 -0.474 -0.474
 0.996  0.573 -0.588 -0.567 -0.503 -0.474 -0.474
 0.998  0.573 -0.589 -0.568 -0.503 -0.475 -0.475
