# IsPeriodic    : True
# Period        : 0.537072 days
# Normalization : <g_mag>=0
# 
# Phase u_mag  g_mag  r_mag  i_mag  z_mag  y_mag
 0.000  0.485 -0.751 -0.666 -0.565 -0.501 -0.501
 0.002  0.485 -0.751 -0.666 -0.565 -0.501 -0.501
 0.004  0.485 -0.750 -0.666 -0.565 -0.501 -0.501
 0.006  0.486 -0.749 -0.665 -0.564 -0.501 -0.501
 0.008  0.487 -0.746 -0.664 -0.563 -0.501 -0.501
 0.010  0.489 -0.744 -0.662 -0.561 -0.500 -0.500
 0.012  0.490 -0.741 -0.661 -0.560 -0.499 -0.499
 0.014  0.492 -0.738 -0.659 -0.558 -0.499 -0.499
 0.016  0.494 -0.734 -0.657 -0.556 -0.498 -0.498
 0.018  0.497 -0.730 -0.656 -0.554 -0.497 -0.497
 0.020  0.500 -0.726 -0.653 -0.552 -0.496 -0.496
 0.022  0.502 -0.721 -0.652 -0.549 -0.495 -0.495
 0.024  0.505 -0.717 -0.649 -0.547 -0.494 -0.494
 0.026  0.509 -0.712 -0.647 -0.544 -0.492 -0.492
 0.028  0.512 -0.708 -0.644 -0.542 -0.491 -0.491
 0.030  0.515 -0.702 -0.642 -0.540 -0.490 -0.490
 0.032  0.519 -0.698 -0.638 -0.537 -0.488 -0.488
 0.034  0.523 -0.694 -0.636 -0.535 -0.486 -0.486
 0.036  0.526 -0.688 -0.632 -0.533 -0.484 -0.484
 0.038  0.530 -0.684 -0.629 -0.530 -0.483 -0.483
 0.040  0.534 -0.678 -0.627 -0.528 -0.481 -0.481
 0.042  0.539 -0.673 -0.622 -0.525 -0.478 -0.478
 0.044  0.544 -0.667 -0.619 -0.523 -0.477 -0.477
 0.046  0.549 -0.662 -0.616 -0.520 -0.474 -0.474
 0.048  0.554 -0.656 -0.611 -0.518 -0.472 -0.472
 0.050  0.559 -0.651 -0.607 -0.515 -0.469 -0.469
 0.052  0.565 -0.644 -0.603 -0.512 -0.467 -0.467
 0.054  0.571 -0.637 -0.599 -0.509 -0.464 -0.464
 0.056  0.577 -0.631 -0.594 -0.506 -0.461 -0.461
 0.058  0.583 -0.624 -0.590 -0.503 -0.458 -0.458
 0.060  0.589 -0.618 -0.585 -0.499 -0.455 -0.455
 0.062  0.596 -0.610 -0.580 -0.496 -0.452 -0.452
 0.064  0.603 -0.603 -0.575 -0.493 -0.449 -0.449
 0.066  0.609 -0.596 -0.570 -0.489 -0.445 -0.445
 0.068  0.617 -0.588 -0.565 -0.486 -0.442 -0.442
 0.070  0.623 -0.580 -0.559 -0.483 -0.438 -0.438
 0.072  0.630 -0.572 -0.554 -0.480 -0.435 -0.435
 0.074  0.638 -0.565 -0.548 -0.476 -0.431 -0.431
 0.076  0.645 -0.557 -0.543 -0.472 -0.428 -0.428
 0.078  0.653 -0.549 -0.537 -0.469 -0.425 -0.425
 0.080  0.660 -0.542 -0.532 -0.466 -0.421 -0.421
 0.082  0.668 -0.534 -0.526 -0.463 -0.418 -0.418
 0.084  0.675 -0.526 -0.520 -0.459 -0.414 -0.414
 0.086  0.682 -0.518 -0.515 -0.455 -0.411 -0.411
 0.088  0.689 -0.511 -0.510 -0.452 -0.408 -0.408
 0.090  0.696 -0.503 -0.505 -0.449 -0.404 -0.404
 0.092  0.703 -0.495 -0.500 -0.446 -0.401 -0.401
 0.094  0.710 -0.488 -0.495 -0.442 -0.399 -0.399
 0.096  0.715 -0.481 -0.490 -0.440 -0.396 -0.396
 0.098  0.722 -0.473 -0.485 -0.437 -0.393 -0.393
 0.100  0.728 -0.467 -0.480 -0.433 -0.390 -0.390
 0.102  0.734 -0.459 -0.476 -0.431 -0.388 -0.388
 0.104  0.740 -0.452 -0.471 -0.427 -0.385 -0.385
 0.106  0.746 -0.446 -0.467 -0.425 -0.382 -0.382
 0.108  0.752 -0.439 -0.463 -0.421 -0.380 -0.380
 0.110  0.758 -0.433 -0.458 -0.419 -0.378 -0.378
 0.112  0.764 -0.426 -0.454 -0.416 -0.375 -0.375
 0.114  0.769 -0.420 -0.450 -0.414 -0.373 -0.373
 0.116  0.775 -0.414 -0.445 -0.411 -0.370 -0.370
 0.118  0.780 -0.408 -0.441 -0.408 -0.368 -0.368
 0.120  0.786 -0.402 -0.437 -0.406 -0.366 -0.366
 0.122  0.791 -0.396 -0.433 -0.403 -0.364 -0.364
 0.124  0.796 -0.391 -0.429 -0.401 -0.362 -0.362
 0.126  0.801 -0.385 -0.425 -0.399 -0.360 -0.360
 0.128  0.805 -0.380 -0.421 -0.396 -0.358 -0.358
 0.130  0.810 -0.374 -0.418 -0.394 -0.356 -0.356
 0.132  0.814 -0.369 -0.414 -0.391 -0.354 -0.354
 0.134  0.819 -0.363 -0.411 -0.389 -0.353 -0.353
 0.136  0.823 -0.359 -0.407 -0.387 -0.351 -0.351
 0.138  0.828 -0.353 -0.404 -0.385 -0.350 -0.350
 0.140  0.832 -0.349 -0.400 -0.383 -0.348 -0.348
 0.142  0.836 -0.344 -0.398 -0.381 -0.347 -0.347
 0.144  0.840 -0.339 -0.394 -0.379 -0.345 -0.345
 0.146  0.844 -0.334 -0.391 -0.377 -0.344 -0.344
 0.148  0.848 -0.330 -0.388 -0.375 -0.342 -0.342
 0.150  0.852 -0.326 -0.384 -0.373 -0.341 -0.341
 0.152  0.856 -0.321 -0.382 -0.372 -0.339 -0.339
 0.154  0.860 -0.317 -0.379 -0.370 -0.338 -0.338
 0.156  0.864 -0.312 -0.375 -0.368 -0.336 -0.336
 0.158  0.868 -0.308 -0.373 -0.366 -0.335 -0.335
 0.160  0.872 -0.305 -0.369 -0.364 -0.333 -0.333
 0.162  0.875 -0.300 -0.366 -0.363 -0.332 -0.332
 0.164  0.879 -0.296 -0.364 -0.361 -0.331 -0.331
 0.166  0.883 -0.292 -0.360 -0.359 -0.329 -0.329
 0.168  0.887 -0.287 -0.358 -0.357 -0.328 -0.328
 0.170  0.891 -0.283 -0.354 -0.355 -0.326 -0.326
 0.172  0.895 -0.278 -0.351 -0.353 -0.325 -0.325
 0.174  0.898 -0.274 -0.348 -0.351 -0.323 -0.323
 0.176  0.901 -0.269 -0.345 -0.350 -0.322 -0.322
 0.178  0.905 -0.265 -0.343 -0.348 -0.320 -0.320
 0.180  0.909 -0.261 -0.339 -0.346 -0.319 -0.319
 0.182  0.913 -0.256 -0.336 -0.344 -0.317 -0.317
 0.184  0.917 -0.252 -0.333 -0.342 -0.316 -0.316
 0.186  0.921 -0.247 -0.330 -0.340 -0.314 -0.314
 0.188  0.925 -0.242 -0.328 -0.338 -0.313 -0.313
 0.190  0.928 -0.238 -0.324 -0.336 -0.311 -0.311
 0.192  0.932 -0.233 -0.322 -0.334 -0.310 -0.310
 0.194  0.936 -0.229 -0.318 -0.333 -0.308 -0.308
 0.196  0.940 -0.224 -0.316 -0.331 -0.307 -0.307
 0.198  0.944 -0.220 -0.313 -0.329 -0.305 -0.305
 0.200  0.948 -0.215 -0.310 -0.327 -0.304 -0.304
 0.202  0.951 -0.211 -0.308 -0.325 -0.302 -0.302
 0.204  0.955 -0.207 -0.304 -0.323 -0.300 -0.300
 0.206  0.959 -0.201 -0.302 -0.321 -0.299 -0.299
 0.208  0.963 -0.197 -0.299 -0.319 -0.297 -0.297
 0.210  0.966 -0.192 -0.296 -0.317 -0.295 -0.295
 0.212  0.970 -0.188 -0.293 -0.316 -0.293 -0.293
 0.214  0.974 -0.182 -0.290 -0.314 -0.292 -0.292
 0.216  0.978 -0.178 -0.288 -0.312 -0.291 -0.291
 0.218  0.982 -0.174 -0.285 -0.310 -0.289 -0.289
 0.220  0.985 -0.169 -0.282 -0.308 -0.288 -0.288
 0.222  0.989 -0.164 -0.279 -0.306 -0.286 -0.286
 0.224  0.992 -0.159 -0.277 -0.304 -0.284 -0.284
 0.226  0.995 -0.155 -0.274 -0.302 -0.282 -0.282
 0.228  0.999 -0.151 -0.271 -0.300 -0.281 -0.281
 0.230  1.003 -0.146 -0.268 -0.298 -0.279 -0.279
 0.232  1.006 -0.142 -0.266 -0.296 -0.277 -0.277
 0.234  1.010 -0.137 -0.263 -0.294 -0.276 -0.276
 0.236  1.013 -0.133 -0.261 -0.292 -0.274 -0.274
 0.238  1.017 -0.128 -0.258 -0.291 -0.273 -0.273
 0.240  1.020 -0.124 -0.256 -0.289 -0.271 -0.271
 0.242  1.024 -0.120 -0.252 -0.287 -0.270 -0.270
 0.244  1.027 -0.115 -0.250 -0.285 -0.268 -0.268
 0.246  1.030 -0.111 -0.247 -0.283 -0.267 -0.267
 0.248  1.034 -0.108 -0.245 -0.282 -0.265 -0.265
 0.250  1.037 -0.103 -0.242 -0.280 -0.264 -0.264
 0.252  1.040 -0.099 -0.240 -0.278 -0.262 -0.262
 0.254  1.044 -0.095 -0.237 -0.276 -0.261 -0.261
 0.256  1.047 -0.091 -0.236 -0.274 -0.259 -0.259
 0.258  1.050 -0.087 -0.233 -0.272 -0.258 -0.258
 0.260  1.053 -0.083 -0.231 -0.270 -0.256 -0.256
 0.262  1.056 -0.079 -0.228 -0.269 -0.254 -0.254
 0.264  1.060 -0.076 -0.226 -0.267 -0.253 -0.253
 0.266  1.063 -0.072 -0.223 -0.265 -0.251 -0.251
 0.268  1.066 -0.068 -0.221 -0.264 -0.250 -0.250
 0.270  1.069 -0.065 -0.219 -0.262 -0.248 -0.248
 0.272  1.072 -0.061 -0.217 -0.260 -0.247 -0.247
 0.274  1.075 -0.057 -0.214 -0.259 -0.245 -0.245
 0.276  1.078 -0.054 -0.212 -0.257 -0.244 -0.244
 0.278  1.081 -0.050 -0.210 -0.255 -0.242 -0.242
 0.280  1.083 -0.047 -0.207 -0.253 -0.241 -0.241
 0.282  1.086 -0.044 -0.205 -0.252 -0.239 -0.239
 0.284  1.088 -0.040 -0.203 -0.250 -0.238 -0.238
 0.286  1.091 -0.037 -0.201 -0.249 -0.237 -0.237
 0.288  1.094 -0.034 -0.198 -0.247 -0.235 -0.235
 0.290  1.097 -0.030 -0.197 -0.246 -0.234 -0.234
 0.292  1.100 -0.027 -0.194 -0.244 -0.232 -0.232
 0.294  1.103 -0.024 -0.192 -0.242 -0.231 -0.231
 0.296  1.105 -0.021 -0.190 -0.240 -0.229 -0.229
 0.298  1.108 -0.017 -0.188 -0.239 -0.228 -0.228
 0.300  1.111 -0.014 -0.186 -0.238 -0.227 -0.227
 0.302  1.114 -0.011 -0.183 -0.236 -0.225 -0.225
 0.304  1.116 -0.008 -0.182 -0.234 -0.224 -0.224
 0.306  1.119 -0.005 -0.179 -0.232 -0.222 -0.222
 0.308  1.122 -0.002 -0.177 -0.231 -0.221 -0.221
 0.310  1.125  0.002 -0.175 -0.229 -0.220 -0.220
 0.312  1.127  0.005 -0.173 -0.228 -0.218 -0.218
 0.314  1.130  0.007 -0.171 -0.226 -0.217 -0.217
 0.316  1.133  0.010 -0.168 -0.225 -0.215 -0.215
 0.318  1.136  0.014 -0.166 -0.223 -0.214 -0.214
 0.320  1.138  0.017 -0.164 -0.221 -0.212 -0.212
 0.322  1.141  0.020 -0.162 -0.220 -0.211 -0.211
 0.324  1.144  0.024 -0.160 -0.218 -0.209 -0.209
 0.326  1.146  0.026 -0.157 -0.217 -0.208 -0.208
 0.328  1.149  0.029 -0.156 -0.215 -0.207 -0.207
 0.330  1.152  0.032 -0.153 -0.214 -0.205 -0.205
 0.332  1.155  0.036 -0.151 -0.212 -0.204 -0.204
 0.334  1.157  0.038 -0.149 -0.210 -0.203 -0.203
 0.336  1.160  0.041 -0.147 -0.208 -0.201 -0.201
 0.338  1.163  0.044 -0.145 -0.207 -0.200 -0.200
 0.340  1.165  0.048 -0.143 -0.205 -0.199 -0.199
 0.342  1.168  0.051 -0.141 -0.204 -0.197 -0.197
 0.344  1.170  0.053 -0.138 -0.202 -0.196 -0.196
 0.346  1.173  0.057 -0.136 -0.200 -0.194 -0.194
 0.348  1.175  0.060 -0.134 -0.198 -0.193 -0.193
 0.350  1.177  0.062 -0.132 -0.197 -0.192 -0.192
 0.352  1.180  0.065 -0.130 -0.195 -0.190 -0.190
 0.354  1.183  0.069 -0.128 -0.194 -0.189 -0.189
 0.356  1.185  0.072 -0.126 -0.192 -0.188 -0.188
 0.358  1.188  0.074 -0.123 -0.191 -0.187 -0.187
 0.360  1.190  0.078 -0.121 -0.189 -0.185 -0.185
 0.362  1.193  0.081 -0.119 -0.187 -0.184 -0.184
 0.364  1.196  0.083 -0.117 -0.185 -0.183 -0.183
 0.366  1.198  0.086 -0.115 -0.184 -0.181 -0.181
 0.368  1.201  0.090 -0.113 -0.182 -0.180 -0.180
 0.370  1.203  0.093 -0.111 -0.181 -0.178 -0.178
 0.372  1.206  0.095 -0.109 -0.179 -0.177 -0.177
 0.374  1.208  0.098 -0.106 -0.178 -0.175 -0.175
 0.376  1.211  0.102 -0.105 -0.176 -0.174 -0.174
 0.378  1.213  0.104 -0.102 -0.174 -0.173 -0.173
 0.380  1.216  0.107 -0.101 -0.173 -0.172 -0.172
 0.382  1.218  0.111 -0.098 -0.171 -0.170 -0.170
 0.384  1.221  0.114 -0.096 -0.170 -0.169 -0.169
 0.386  1.223  0.116 -0.094 -0.168 -0.168 -0.168
 0.388  1.226  0.119 -0.092 -0.166 -0.166 -0.166
 0.390  1.228  0.123 -0.090 -0.164 -0.165 -0.165
 0.392  1.231  0.126 -0.088 -0.163 -0.163 -0.163
 0.394  1.233  0.128 -0.085 -0.161 -0.162 -0.162
 0.396  1.236  0.132 -0.084 -0.160 -0.160 -0.160
 0.398  1.238  0.135 -0.081 -0.159 -0.159 -0.159
 0.400  1.241  0.137 -0.080 -0.157 -0.157 -0.157
 0.402  1.243  0.140 -0.077 -0.155 -0.156 -0.156
 0.404  1.246  0.144 -0.075 -0.153 -0.154 -0.154
 0.406  1.248  0.147 -0.073 -0.152 -0.153 -0.153
 0.408  1.250  0.149 -0.071 -0.150 -0.152 -0.152
 0.410  1.253  0.152 -0.069 -0.149 -0.150 -0.150
 0.412  1.255  0.156 -0.067 -0.147 -0.149 -0.149
 0.414  1.257  0.159 -0.065 -0.146 -0.147 -0.147
 0.416  1.260  0.161 -0.063 -0.144 -0.146 -0.146
 0.418  1.262  0.165 -0.061 -0.142 -0.145 -0.145
 0.420  1.265  0.168 -0.059 -0.141 -0.143 -0.143
 0.422  1.266  0.171 -0.057 -0.140 -0.142 -0.142
 0.424  1.268  0.174 -0.055 -0.138 -0.140 -0.140
 0.426  1.271  0.177 -0.053 -0.136 -0.139 -0.139
 0.428  1.273  0.180 -0.050 -0.135 -0.137 -0.137
 0.430  1.275  0.183 -0.049 -0.133 -0.136 -0.136
 0.432  1.277  0.187 -0.047 -0.132 -0.134 -0.134
 0.434  1.280  0.189 -0.045 -0.130 -0.133 -0.133
 0.436  1.282  0.192 -0.043 -0.128 -0.132 -0.132
 0.438  1.284  0.195 -0.040 -0.127 -0.130 -0.130
 0.440  1.286  0.199 -0.039 -0.125 -0.129 -0.129
 0.442  1.289  0.201 -0.037 -0.124 -0.127 -0.127
 0.444  1.291  0.204 -0.035 -0.123 -0.126 -0.126
 0.446  1.293  0.206 -0.033 -0.121 -0.125 -0.125
 0.448  1.295  0.210 -0.031 -0.119 -0.123 -0.123
 0.450  1.297  0.212 -0.030 -0.118 -0.122 -0.122
 0.452  1.299  0.215 -0.027 -0.117 -0.120 -0.120
 0.454  1.301  0.217 -0.025 -0.115 -0.119 -0.119
 0.456  1.303  0.220 -0.024 -0.113 -0.117 -0.117
 0.458  1.305  0.223 -0.022 -0.112 -0.116 -0.116
 0.460  1.307  0.225 -0.020 -0.110 -0.114 -0.114
 0.462  1.309  0.227 -0.018 -0.109 -0.113 -0.113
 0.464  1.311  0.230 -0.016 -0.108 -0.112 -0.112
 0.466  1.313  0.232 -0.015 -0.106 -0.111 -0.111
 0.468  1.315  0.234 -0.013 -0.105 -0.109 -0.109
 0.470  1.317  0.236 -0.011 -0.103 -0.108 -0.108
 0.472  1.319  0.238 -0.009 -0.102 -0.107 -0.107
 0.474  1.321  0.241 -0.007 -0.100 -0.106 -0.106
 0.476  1.323  0.243 -0.005 -0.099 -0.104 -0.104
 0.478  1.324  0.245 -0.004 -0.098 -0.103 -0.103
 0.480  1.326  0.246 -0.002 -0.096 -0.101 -0.101
 0.482  1.328  0.248 -0.000 -0.094 -0.100 -0.100
 0.484  1.330  0.250  0.001 -0.093 -0.099 -0.099
 0.486  1.331  0.252  0.003 -0.092 -0.098 -0.098
 0.488  1.333  0.254  0.005 -0.091 -0.096 -0.096
 0.490  1.335  0.255  0.006 -0.089 -0.095 -0.095
 0.492  1.336  0.257  0.008 -0.088 -0.094 -0.094
 0.494  1.338  0.258  0.010 -0.087 -0.092 -0.092
 0.496  1.340  0.259  0.011 -0.085 -0.091 -0.091
 0.498  1.341  0.262  0.013 -0.083 -0.090 -0.090
 0.500  1.343  0.263  0.015 -0.082 -0.089 -0.089
 0.502  1.344  0.264  0.016 -0.081 -0.088 -0.088
 0.504  1.346  0.265  0.018 -0.079 -0.086 -0.086
 0.506  1.347  0.266  0.020 -0.078 -0.085 -0.085
 0.508  1.349  0.267  0.021 -0.077 -0.084 -0.084
 0.510  1.350  0.268  0.022 -0.076 -0.083 -0.083
 0.512  1.352  0.269  0.024 -0.074 -0.082 -0.082
 0.514  1.353  0.270  0.026 -0.073 -0.080 -0.080
 0.516  1.354  0.271  0.026 -0.072 -0.079 -0.079
 0.518  1.355  0.273  0.028 -0.071 -0.078 -0.078
 0.520  1.357  0.274  0.030 -0.070 -0.078 -0.078
 0.522  1.358  0.275  0.031 -0.068 -0.076 -0.076
 0.524  1.359  0.276  0.032 -0.067 -0.075 -0.075
 0.526  1.359  0.277  0.033 -0.066 -0.074 -0.074
 0.528  1.360  0.278  0.035 -0.065 -0.073 -0.073
 0.530  1.361  0.278  0.036 -0.064 -0.072 -0.072
 0.532  1.362  0.279  0.037 -0.063 -0.071 -0.071
 0.534  1.363  0.280  0.038 -0.062 -0.070 -0.070
 0.536  1.364  0.281  0.040 -0.061 -0.069 -0.069
 0.538  1.365  0.281  0.041 -0.060 -0.068 -0.068
 0.540  1.366  0.282  0.041 -0.059 -0.067 -0.067
 0.542  1.367  0.284  0.043 -0.059 -0.066 -0.066
 0.544  1.368  0.284  0.044 -0.058 -0.066 -0.066
 0.546  1.369  0.285  0.045 -0.057 -0.064 -0.064
 0.548  1.370  0.285  0.046 -0.056 -0.064 -0.064
 0.550  1.370  0.286  0.046 -0.055 -0.063 -0.063
 0.552  1.371  0.286  0.048 -0.055 -0.062 -0.062
 0.554  1.372  0.287  0.049 -0.054 -0.061 -0.061
 0.556  1.372  0.287  0.050 -0.053 -0.060 -0.060
 0.558  1.373  0.288  0.051 -0.053 -0.060 -0.060
 0.560  1.373  0.288  0.051 -0.052 -0.058 -0.058
 0.562  1.374  0.288  0.052 -0.051 -0.058 -0.058
 0.564  1.374  0.289  0.053 -0.051 -0.057 -0.057
 0.566  1.375  0.289  0.054 -0.050 -0.057 -0.057
 0.568  1.375  0.289  0.055 -0.049 -0.055 -0.055
 0.570  1.376  0.290  0.055 -0.049 -0.055 -0.055
 0.572  1.376  0.290  0.056 -0.049 -0.054 -0.054
 0.574  1.376  0.290  0.056 -0.048 -0.054 -0.054
 0.576  1.377  0.290  0.057 -0.047 -0.053 -0.053
 0.578  1.377  0.290  0.057 -0.047 -0.052 -0.052
 0.580  1.377  0.291  0.058 -0.047 -0.051 -0.051
 0.582  1.377  0.291  0.059 -0.047 -0.051 -0.051
 0.584  1.378  0.291  0.059 -0.046 -0.050 -0.050
 0.586  1.378  0.291  0.060 -0.045 -0.049 -0.049
 0.588  1.378  0.291  0.060 -0.045 -0.049 -0.049
 0.590  1.378  0.291  0.061 -0.045 -0.048 -0.048
 0.592  1.378  0.291  0.061 -0.045 -0.048 -0.048
 0.594  1.379  0.291  0.061 -0.044 -0.047 -0.047
 0.596  1.379  0.291  0.061 -0.044 -0.046 -0.046
 0.598  1.379  0.291  0.062 -0.043 -0.046 -0.046
 0.600  1.379  0.291  0.062 -0.043 -0.045 -0.045
 0.602  1.379  0.291  0.062 -0.043 -0.045 -0.045
 0.604  1.379  0.291  0.062 -0.043 -0.045 -0.045
 0.606  1.379  0.291  0.063 -0.042 -0.044 -0.044
 0.608  1.379  0.291  0.063 -0.042 -0.043 -0.043
 0.610  1.379  0.291  0.063 -0.042 -0.043 -0.043
 0.612  1.379  0.291  0.063 -0.042 -0.042 -0.042
 0.614  1.379  0.291  0.063 -0.041 -0.042 -0.042
 0.616  1.379  0.291  0.063 -0.041 -0.042 -0.042
 0.618  1.379  0.291  0.063 -0.040 -0.041 -0.041
 0.620  1.379  0.291  0.063 -0.040 -0.041 -0.041
 0.622  1.379  0.291  0.063 -0.040 -0.041 -0.041
 0.624  1.379  0.291  0.063 -0.040 -0.040 -0.040
 0.626  1.378  0.291  0.063 -0.040 -0.039 -0.039
 0.628  1.378  0.291  0.062 -0.039 -0.039 -0.039
 0.630  1.378  0.291  0.062 -0.039 -0.039 -0.039
 0.632  1.378  0.291  0.062 -0.039 -0.038 -0.038
 0.634  1.378  0.290  0.061 -0.038 -0.038 -0.038
 0.636  1.377  0.290  0.061 -0.038 -0.038 -0.038
 0.638  1.377  0.290  0.061 -0.038 -0.038 -0.038
 0.640  1.377  0.290  0.061 -0.038 -0.037 -0.037
 0.642  1.377  0.290  0.061 -0.038 -0.037 -0.037
 0.644  1.376  0.290  0.060 -0.037 -0.036 -0.036
 0.646  1.376  0.289  0.060 -0.037 -0.036 -0.036
 0.648  1.376  0.289  0.059 -0.037 -0.036 -0.036
 0.650  1.375  0.289  0.059 -0.036 -0.036 -0.036
 0.652  1.375  0.289  0.058 -0.036 -0.035 -0.035
 0.654  1.375  0.288  0.058 -0.036 -0.035 -0.035
 0.656  1.375  0.288  0.057 -0.036 -0.035 -0.035
 0.658  1.374  0.288  0.057 -0.036 -0.034 -0.034
 0.660  1.374  0.288  0.057 -0.036 -0.034 -0.034
 0.662  1.374  0.287  0.056 -0.036 -0.033 -0.033
 0.664  1.373  0.287  0.056 -0.035 -0.033 -0.033
 0.666  1.373  0.287  0.056 -0.035 -0.033 -0.033
 0.668  1.373  0.286  0.056 -0.035 -0.032 -0.032
 0.670  1.372  0.286  0.055 -0.035 -0.032 -0.032
 0.672  1.372  0.286  0.055 -0.034 -0.032 -0.032
 0.674  1.372  0.285  0.055 -0.034 -0.031 -0.031
 0.676  1.371  0.285  0.054 -0.034 -0.031 -0.031
 0.678  1.371  0.285  0.054 -0.034 -0.030 -0.030
 0.680  1.371  0.284  0.054 -0.034 -0.030 -0.030
 0.682  1.371  0.284  0.053 -0.034 -0.030 -0.030
 0.684  1.370  0.282  0.053 -0.034 -0.029 -0.029
 0.686  1.370  0.282  0.053 -0.034 -0.029 -0.029
 0.688  1.370  0.282  0.053 -0.034 -0.029 -0.029
 0.690  1.369  0.281  0.052 -0.034 -0.028 -0.028
 0.692  1.369  0.281  0.052 -0.033 -0.027 -0.027
 0.694  1.369  0.280  0.052 -0.033 -0.027 -0.027
 0.696  1.368  0.280  0.052 -0.033 -0.027 -0.027
 0.698  1.368  0.279  0.052 -0.033 -0.026 -0.026
 0.700  1.368  0.279  0.051 -0.033 -0.026 -0.026
 0.702  1.367  0.278  0.051 -0.032 -0.025 -0.025
 0.704  1.367  0.278  0.051 -0.032 -0.025 -0.025
 0.706  1.367  0.277  0.051 -0.032 -0.024 -0.024
 0.708  1.367  0.277  0.051 -0.032 -0.024 -0.024
 0.710  1.366  0.276  0.051 -0.032 -0.023 -0.023
 0.712  1.366  0.276  0.051 -0.032 -0.023 -0.023
 0.714  1.366  0.275  0.051 -0.032 -0.023 -0.023
 0.716  1.365  0.275  0.051 -0.032 -0.022 -0.022
 0.718  1.365  0.274  0.051 -0.032 -0.021 -0.021
 0.720  1.365  0.273  0.051 -0.032 -0.021 -0.021
 0.722  1.365  0.273  0.051 -0.032 -0.020 -0.020
 0.724  1.364  0.271  0.051 -0.032 -0.020 -0.020
 0.726  1.364  0.271  0.051 -0.032 -0.019 -0.019
 0.728  1.364  0.270  0.051 -0.031 -0.018 -0.018
 0.730  1.364  0.270  0.051 -0.031 -0.018 -0.018
 0.732  1.363  0.270  0.051 -0.031 -0.017 -0.017
 0.734  1.363  0.270  0.051 -0.030 -0.017 -0.017
 0.736  1.363  0.269  0.051 -0.030 -0.016 -0.016
 0.738  1.363  0.269  0.051 -0.030 -0.015 -0.015
 0.740  1.362  0.269  0.051 -0.029 -0.014 -0.014
 0.742  1.362  0.269  0.050 -0.028 -0.014 -0.014
 0.744  1.362  0.269  0.050 -0.028 -0.013 -0.013
 0.746  1.362  0.269  0.050 -0.027 -0.012 -0.012
 0.748  1.362  0.269  0.050 -0.026 -0.011 -0.011
 0.750  1.362  0.270  0.050 -0.026 -0.011 -0.011
 0.752  1.361  0.270  0.050 -0.025 -0.010 -0.010
 0.754  1.361  0.270  0.050 -0.025 -0.009 -0.009
 0.756  1.361  0.270  0.050 -0.024 -0.008 -0.008
 0.758  1.361  0.271  0.050 -0.023 -0.007 -0.007
 0.760  1.361  0.271  0.050 -0.022 -0.007 -0.007
 0.762  1.361  0.273  0.050 -0.021 -0.005 -0.005
 0.764  1.361  0.273  0.050 -0.020 -0.005 -0.005
 0.766  1.361  0.274  0.050 -0.019 -0.004 -0.004
 0.768  1.361  0.275  0.050 -0.018 -0.002 -0.002
 0.770  1.361  0.275  0.050 -0.017 -0.002 -0.002
 0.772  1.361  0.276  0.050 -0.015 -0.001 -0.001
 0.774  1.361  0.277  0.050 -0.014  0.000  0.000
 0.776  1.360  0.278  0.050 -0.013  0.001  0.001
 0.778  1.360  0.279  0.050 -0.011  0.002  0.002
 0.780  1.360  0.280  0.049 -0.010  0.004  0.004
 0.782  1.360  0.281  0.049 -0.009  0.004  0.004
 0.784  1.360  0.282  0.049 -0.007  0.005  0.005
 0.786  1.360  0.285  0.050 -0.006  0.007  0.007
 0.788  1.360  0.286  0.050 -0.004  0.008  0.008
 0.790  1.361  0.287  0.050 -0.002  0.009  0.009
 0.792  1.361  0.288  0.050 -0.001  0.010  0.010
 0.794  1.362  0.290  0.051  0.001  0.012  0.012
 0.796  1.362  0.291  0.051  0.002  0.013  0.013
 0.798  1.363  0.292  0.051  0.004  0.014  0.014
 0.800  1.364  0.295  0.053  0.006  0.016  0.016
 0.802  1.365  0.296  0.054  0.008  0.018  0.018
 0.804  1.366  0.297  0.055  0.009  0.019  0.019
 0.806  1.367  0.299  0.056  0.011  0.021  0.021
 0.808  1.369  0.300  0.057  0.013  0.023  0.023
 0.810  1.370  0.302  0.059  0.015  0.025  0.025
 0.812  1.372  0.303  0.061  0.017  0.027  0.027
 0.814  1.374  0.306  0.063  0.019  0.029  0.029
 0.816  1.376  0.307  0.066  0.022  0.030  0.030
 0.818  1.378  0.309  0.067  0.024  0.033  0.033
 0.820  1.381  0.311  0.070  0.026  0.035  0.035
 0.822  1.383  0.312  0.072  0.028  0.037  0.037
 0.824  1.386  0.314  0.076  0.030  0.039  0.039
 0.826  1.389  0.315  0.078  0.033  0.041  0.041
 0.828  1.392  0.318  0.081  0.035  0.044  0.044
 0.830  1.395  0.319  0.085  0.038  0.047  0.047
 0.832  1.398  0.321  0.088  0.040  0.049  0.049
 0.834  1.402  0.322  0.092  0.042  0.051  0.051
 0.836  1.405  0.324  0.096  0.044  0.054  0.054
 0.838  1.409  0.325  0.099  0.047  0.057  0.057
 0.840  1.413  0.327  0.103  0.049  0.060  0.060
 0.842  1.417  0.329  0.107  0.051  0.063  0.063
 0.844  1.421  0.330  0.112  0.054  0.066  0.066
 0.846  1.426  0.332  0.117  0.057  0.069  0.069
 0.848  1.430  0.334  0.122  0.059  0.072  0.072
 0.850  1.435  0.336  0.127  0.062  0.075  0.075
 0.852  1.440  0.339  0.132  0.065  0.078  0.078
 0.854  1.445  0.341  0.137  0.068  0.081  0.081
 0.856  1.451  0.343  0.142  0.072  0.084  0.084
 0.858  1.455  0.345  0.147  0.075  0.087  0.087
 0.860  1.459  0.347  0.152  0.077  0.090  0.090
 0.862  1.463  0.349  0.157  0.081  0.091  0.091
 0.864  1.467  0.350  0.160  0.083  0.093  0.093
 0.866  1.470  0.351  0.163  0.085  0.095  0.095
 0.868  1.472  0.351  0.166  0.087  0.096  0.096
 0.870  1.473  0.350  0.167  0.087  0.096  0.096
 0.872  1.473  0.347  0.168  0.088  0.095  0.095
 0.874  1.471  0.345  0.167  0.087  0.094  0.094
 0.876  1.469  0.341  0.166  0.087  0.091  0.091
 0.878  1.465  0.336  0.163  0.085  0.088  0.088
 0.880  1.460  0.330  0.160  0.083  0.085  0.085
 0.882  1.454  0.323  0.156  0.079  0.081  0.081
 0.884  1.448  0.315  0.150  0.076  0.076  0.076
 0.886  1.440  0.307  0.144  0.072  0.071  0.071
 0.888  1.431  0.297  0.137  0.066  0.065  0.065
 0.890  1.421  0.287  0.129  0.061  0.059  0.059
 0.892  1.411  0.275  0.121  0.055  0.052  0.052
 0.894  1.399  0.263  0.112  0.048  0.045  0.045
 0.896  1.387  0.249  0.102  0.041  0.037  0.037
 0.898  1.374  0.235  0.091  0.033  0.029  0.029
 0.900  1.360  0.221  0.079  0.025  0.020  0.020
 0.902  1.346  0.204  0.066  0.015  0.011  0.011
 0.904  1.329  0.187  0.053  0.006  0.001  0.001
 0.906  1.312  0.169  0.039 -0.006 -0.011 -0.011
 0.908  1.293  0.149  0.023 -0.017 -0.022 -0.022
 0.910  1.273  0.128  0.006 -0.029 -0.035 -0.035
 0.912  1.253  0.106 -0.012 -0.042 -0.048 -0.048
 0.914  1.230  0.084 -0.030 -0.056 -0.061 -0.061
 0.916  1.206  0.060 -0.051 -0.070 -0.076 -0.076
 0.918  1.181  0.035 -0.072 -0.085 -0.092 -0.092
 0.920  1.157  0.009 -0.094 -0.102 -0.107 -0.107
 0.922  1.130 -0.018 -0.116 -0.118 -0.123 -0.123
 0.924  1.103 -0.046 -0.140 -0.135 -0.140 -0.140
 0.926  1.076 -0.074 -0.163 -0.152 -0.157 -0.157
 0.928  1.048 -0.103 -0.187 -0.170 -0.174 -0.174
 0.930  1.019 -0.133 -0.211 -0.188 -0.191 -0.191
 0.932  0.991 -0.163 -0.235 -0.207 -0.208 -0.208
 0.934  0.964 -0.193 -0.259 -0.225 -0.224 -0.224
 0.936  0.936 -0.224 -0.283 -0.244 -0.240 -0.240
 0.938  0.908 -0.255 -0.306 -0.263 -0.256 -0.256
 0.940  0.882 -0.286 -0.328 -0.282 -0.271 -0.271
 0.942  0.855 -0.316 -0.351 -0.301 -0.287 -0.287
 0.944  0.829 -0.345 -0.374 -0.319 -0.302 -0.302
 0.946  0.804 -0.374 -0.394 -0.337 -0.316 -0.316
 0.948  0.780 -0.403 -0.415 -0.354 -0.330 -0.330
 0.950  0.757 -0.429 -0.435 -0.371 -0.343 -0.343
 0.952  0.735 -0.456 -0.454 -0.387 -0.356 -0.356
 0.954  0.713 -0.480 -0.471 -0.402 -0.368 -0.368
 0.956  0.694 -0.503 -0.489 -0.416 -0.379 -0.379
 0.958  0.675 -0.525 -0.505 -0.429 -0.390 -0.390
 0.960  0.658 -0.545 -0.520 -0.442 -0.400 -0.400
 0.962  0.641 -0.565 -0.534 -0.454 -0.410 -0.410
 0.964  0.625 -0.583 -0.547 -0.465 -0.419 -0.419
 0.966  0.611 -0.600 -0.560 -0.475 -0.428 -0.428
 0.968  0.597 -0.616 -0.572 -0.485 -0.436 -0.436
 0.970  0.583 -0.632 -0.583 -0.495 -0.444 -0.444
 0.972  0.571 -0.647 -0.594 -0.503 -0.451 -0.451
 0.974  0.559 -0.661 -0.604 -0.512 -0.458 -0.458
 0.976  0.548 -0.674 -0.613 -0.520 -0.464 -0.464
 0.978  0.537 -0.686 -0.622 -0.527 -0.470 -0.470
 0.980  0.528 -0.698 -0.630 -0.534 -0.475 -0.475
 0.982  0.520 -0.708 -0.637 -0.540 -0.480 -0.480
 0.984  0.512 -0.717 -0.643 -0.546 -0.485 -0.485
 0.986  0.505 -0.726 -0.649 -0.551 -0.489 -0.489
 0.988  0.499 -0.733 -0.654 -0.556 -0.492 -0.492
 0.990  0.494 -0.739 -0.658 -0.559 -0.495 -0.495
 0.992  0.490 -0.743 -0.662 -0.562 -0.497 -0.497
 0.994  0.487 -0.748 -0.664 -0.564 -0.499 -0.499
 0.996  0.485 -0.750 -0.666 -0.565 -0.501 -0.501
 0.998  0.484 -0.751 -0.667 -0.566 -0.501 -0.501
