# IsPeriodic    : True
# Period        : 0.475384 days
# Normalization : <g_mag>=0
# 
# Phase u_mag  g_mag  r_mag  i_mag  z_mag  y_mag
 0.000  0.187 -1.003 -0.772 -0.618 -0.529 -0.529
 0.002  0.187 -1.003 -0.772 -0.618 -0.529 -0.529
 0.004  0.187 -1.001 -0.772 -0.618 -0.529 -0.529
 0.006  0.188 -1.000 -0.771 -0.617 -0.528 -0.528
 0.008  0.190 -0.997 -0.769 -0.616 -0.527 -0.527
 0.010  0.193 -0.994 -0.767 -0.616 -0.526 -0.526
 0.012  0.194 -0.990 -0.765 -0.615 -0.524 -0.524
 0.014  0.197 -0.985 -0.763 -0.613 -0.522 -0.522
 0.016  0.200 -0.981 -0.761 -0.611 -0.520 -0.520
 0.018  0.205 -0.975 -0.759 -0.609 -0.519 -0.519
 0.020  0.209 -0.969 -0.755 -0.608 -0.516 -0.516
 0.022  0.212 -0.963 -0.753 -0.606 -0.514 -0.514
 0.024  0.217 -0.957 -0.750 -0.603 -0.512 -0.512
 0.026  0.223 -0.951 -0.746 -0.601 -0.509 -0.509
 0.028  0.227 -0.946 -0.743 -0.599 -0.506 -0.506
 0.030  0.232 -0.938 -0.740 -0.596 -0.504 -0.504
 0.032  0.238 -0.932 -0.736 -0.593 -0.501 -0.501
 0.034  0.244 -0.926 -0.732 -0.591 -0.499 -0.499
 0.036  0.250 -0.919 -0.728 -0.588 -0.497 -0.497
 0.038  0.256 -0.913 -0.723 -0.584 -0.494 -0.494
 0.040  0.262 -0.906 -0.720 -0.582 -0.491 -0.491
 0.042  0.270 -0.898 -0.715 -0.578 -0.488 -0.488
 0.044  0.277 -0.891 -0.710 -0.575 -0.485 -0.485
 0.046  0.285 -0.884 -0.706 -0.571 -0.483 -0.483
 0.048  0.292 -0.876 -0.700 -0.568 -0.479 -0.479
 0.050  0.300 -0.869 -0.695 -0.564 -0.476 -0.476
 0.052  0.309 -0.860 -0.689 -0.560 -0.472 -0.472
 0.054  0.318 -0.851 -0.684 -0.555 -0.469 -0.469
 0.056  0.327 -0.843 -0.677 -0.551 -0.465 -0.465
 0.058  0.336 -0.834 -0.672 -0.546 -0.462 -0.462
 0.060  0.345 -0.825 -0.665 -0.542 -0.458 -0.458
 0.062  0.356 -0.815 -0.659 -0.536 -0.454 -0.454
 0.064  0.366 -0.806 -0.652 -0.532 -0.451 -0.451
 0.066  0.375 -0.795 -0.646 -0.527 -0.447 -0.447
 0.068  0.387 -0.785 -0.639 -0.521 -0.443 -0.443
 0.070  0.398 -0.775 -0.631 -0.516 -0.439 -0.439
 0.072  0.408 -0.765 -0.625 -0.511 -0.434 -0.434
 0.074  0.420 -0.754 -0.617 -0.505 -0.430 -0.430
 0.076  0.431 -0.744 -0.611 -0.500 -0.426 -0.426
 0.078  0.443 -0.734 -0.603 -0.494 -0.422 -0.422
 0.080  0.454 -0.723 -0.596 -0.489 -0.418 -0.418
 0.082  0.466 -0.713 -0.589 -0.484 -0.414 -0.414
 0.084  0.476 -0.703 -0.581 -0.478 -0.409 -0.409
 0.086  0.487 -0.692 -0.574 -0.473 -0.405 -0.405
 0.088  0.497 -0.682 -0.568 -0.468 -0.401 -0.401
 0.090  0.508 -0.672 -0.561 -0.462 -0.397 -0.397
 0.092  0.518 -0.662 -0.555 -0.458 -0.393 -0.393
 0.094  0.529 -0.651 -0.548 -0.453 -0.390 -0.390
 0.096  0.538 -0.642 -0.542 -0.448 -0.386 -0.386
 0.098  0.548 -0.632 -0.535 -0.444 -0.382 -0.382
 0.100  0.558 -0.623 -0.528 -0.438 -0.379 -0.379
 0.102  0.567 -0.613 -0.523 -0.434 -0.375 -0.375
 0.104  0.576 -0.604 -0.516 -0.429 -0.372 -0.372
 0.106  0.585 -0.595 -0.511 -0.426 -0.368 -0.368
 0.108  0.594 -0.587 -0.505 -0.421 -0.365 -0.365
 0.110  0.603 -0.578 -0.499 -0.417 -0.361 -0.361
 0.112  0.612 -0.569 -0.493 -0.413 -0.358 -0.358
 0.114  0.619 -0.562 -0.488 -0.409 -0.354 -0.354
 0.116  0.628 -0.553 -0.482 -0.405 -0.351 -0.351
 0.118  0.636 -0.545 -0.477 -0.401 -0.348 -0.348
 0.120  0.645 -0.536 -0.471 -0.397 -0.345 -0.345
 0.122  0.652 -0.529 -0.466 -0.393 -0.342 -0.342
 0.124  0.660 -0.522 -0.460 -0.389 -0.339 -0.339
 0.126  0.668 -0.514 -0.456 -0.386 -0.336 -0.336
 0.128  0.675 -0.507 -0.451 -0.382 -0.333 -0.333
 0.130  0.683 -0.500 -0.446 -0.379 -0.330 -0.330
 0.132  0.689 -0.492 -0.442 -0.376 -0.327 -0.327
 0.134  0.696 -0.485 -0.437 -0.372 -0.325 -0.325
 0.136  0.702 -0.479 -0.432 -0.369 -0.322 -0.322
 0.138  0.710 -0.472 -0.428 -0.366 -0.319 -0.319
 0.140  0.716 -0.466 -0.423 -0.364 -0.317 -0.317
 0.142  0.722 -0.460 -0.420 -0.360 -0.315 -0.315
 0.144  0.728 -0.453 -0.416 -0.357 -0.312 -0.312
 0.146  0.734 -0.447 -0.411 -0.355 -0.310 -0.310
 0.148  0.740 -0.441 -0.407 -0.352 -0.307 -0.307
 0.150  0.746 -0.435 -0.402 -0.348 -0.305 -0.305
 0.152  0.752 -0.429 -0.399 -0.346 -0.303 -0.303
 0.154  0.758 -0.423 -0.395 -0.343 -0.300 -0.300
 0.156  0.764 -0.417 -0.390 -0.340 -0.298 -0.298
 0.158  0.770 -0.411 -0.387 -0.338 -0.296 -0.296
 0.160  0.776 -0.407 -0.383 -0.335 -0.293 -0.293
 0.162  0.781 -0.401 -0.378 -0.332 -0.291 -0.291
 0.164  0.787 -0.395 -0.375 -0.330 -0.289 -0.289
 0.166  0.793 -0.389 -0.371 -0.327 -0.286 -0.286
 0.168  0.799 -0.383 -0.367 -0.324 -0.284 -0.284
 0.170  0.805 -0.378 -0.363 -0.322 -0.282 -0.282
 0.172  0.811 -0.372 -0.359 -0.319 -0.279 -0.279
 0.174  0.817 -0.366 -0.355 -0.316 -0.277 -0.277
 0.176  0.821 -0.360 -0.351 -0.314 -0.275 -0.275
 0.178  0.827 -0.354 -0.348 -0.311 -0.272 -0.272
 0.180  0.833 -0.348 -0.343 -0.308 -0.270 -0.270
 0.182  0.839 -0.342 -0.339 -0.306 -0.268 -0.268
 0.184  0.845 -0.336 -0.336 -0.303 -0.265 -0.265
 0.186  0.851 -0.331 -0.331 -0.300 -0.263 -0.263
 0.188  0.857 -0.323 -0.328 -0.299 -0.261 -0.261
 0.190  0.862 -0.317 -0.323 -0.296 -0.258 -0.258
 0.192  0.868 -0.311 -0.320 -0.293 -0.257 -0.257
 0.194  0.874 -0.305 -0.316 -0.291 -0.254 -0.254
 0.196  0.880 -0.300 -0.312 -0.288 -0.252 -0.252
 0.198  0.886 -0.294 -0.309 -0.285 -0.250 -0.250
 0.200  0.892 -0.288 -0.305 -0.283 -0.247 -0.247
 0.202  0.897 -0.282 -0.302 -0.281 -0.245 -0.245
 0.204  0.903 -0.276 -0.297 -0.278 -0.243 -0.243
 0.206  0.909 -0.269 -0.294 -0.275 -0.240 -0.240
 0.208  0.915 -0.263 -0.291 -0.273 -0.238 -0.238
 0.210  0.919 -0.257 -0.286 -0.270 -0.236 -0.236
 0.212  0.925 -0.251 -0.283 -0.268 -0.233 -0.233
 0.214  0.931 -0.244 -0.279 -0.266 -0.231 -0.231
 0.216  0.937 -0.238 -0.275 -0.263 -0.229 -0.229
 0.218  0.943 -0.232 -0.272 -0.260 -0.226 -0.226
 0.220  0.948 -0.226 -0.268 -0.258 -0.224 -0.224
 0.222  0.954 -0.219 -0.264 -0.256 -0.221 -0.221
 0.224  0.960 -0.213 -0.261 -0.253 -0.219 -0.219
 0.226  0.964 -0.207 -0.258 -0.250 -0.217 -0.217
 0.228  0.970 -0.201 -0.253 -0.249 -0.215 -0.215
 0.230  0.976 -0.195 -0.250 -0.246 -0.213 -0.213
 0.232  0.981 -0.189 -0.247 -0.243 -0.211 -0.211
 0.234  0.987 -0.183 -0.243 -0.242 -0.208 -0.208
 0.236  0.992 -0.177 -0.240 -0.239 -0.206 -0.206
 0.238  0.998 -0.172 -0.237 -0.236 -0.203 -0.203
 0.240  1.002 -0.166 -0.234 -0.234 -0.202 -0.202
 0.242  1.008 -0.160 -0.229 -0.232 -0.200 -0.200
 0.244  1.013 -0.154 -0.226 -0.229 -0.197 -0.197
 0.246  1.017 -0.148 -0.223 -0.227 -0.195 -0.195
 0.248  1.023 -0.144 -0.219 -0.225 -0.193 -0.193
 0.250  1.028 -0.138 -0.216 -0.223 -0.191 -0.191
 0.252  1.032 -0.132 -0.213 -0.220 -0.189 -0.189
 0.254  1.038 -0.127 -0.209 -0.218 -0.187 -0.187
 0.256  1.043 -0.122 -0.207 -0.216 -0.185 -0.185
 0.258  1.047 -0.116 -0.204 -0.213 -0.182 -0.182
 0.260  1.052 -0.111 -0.201 -0.211 -0.181 -0.181
 0.262  1.056 -0.105 -0.197 -0.209 -0.178 -0.178
 0.264  1.062 -0.101 -0.194 -0.207 -0.177 -0.177
 0.266  1.067 -0.097 -0.191 -0.204 -0.175 -0.175
 0.268  1.071 -0.091 -0.188 -0.202 -0.173 -0.173
 0.270  1.076 -0.086 -0.185 -0.200 -0.171 -0.171
 0.272  1.080 -0.082 -0.182 -0.198 -0.169 -0.169
 0.274  1.085 -0.076 -0.179 -0.196 -0.167 -0.167
 0.276  1.090 -0.072 -0.175 -0.193 -0.165 -0.165
 0.278  1.094 -0.067 -0.173 -0.192 -0.163 -0.163
 0.280  1.099 -0.063 -0.170 -0.189 -0.161 -0.161
 0.282  1.103 -0.058 -0.167 -0.187 -0.159 -0.159
 0.284  1.106 -0.054 -0.165 -0.185 -0.157 -0.157
 0.286  1.111 -0.049 -0.161 -0.183 -0.156 -0.156
 0.288  1.115 -0.045 -0.158 -0.181 -0.153 -0.153
 0.290  1.120 -0.041 -0.156 -0.178 -0.152 -0.152
 0.292  1.124 -0.036 -0.152 -0.177 -0.150 -0.150
 0.294  1.129 -0.032 -0.150 -0.174 -0.148 -0.148
 0.296  1.132 -0.027 -0.147 -0.172 -0.146 -0.146
 0.298  1.136 -0.023 -0.145 -0.170 -0.144 -0.144
 0.300  1.141 -0.019 -0.142 -0.168 -0.143 -0.143
 0.302  1.145 -0.014 -0.138 -0.166 -0.141 -0.141
 0.304  1.148 -0.011 -0.136 -0.163 -0.139 -0.139
 0.306  1.153 -0.007 -0.133 -0.161 -0.137 -0.137
 0.308  1.157 -0.002 -0.131 -0.160 -0.135 -0.135
 0.310  1.162  0.002 -0.127 -0.157 -0.133 -0.133
 0.312  1.165  0.006 -0.125 -0.155 -0.132 -0.132
 0.314  1.169  0.009 -0.122 -0.153 -0.130 -0.130
 0.316  1.174  0.014 -0.119 -0.151 -0.128 -0.128
 0.318  1.178  0.018 -0.116 -0.148 -0.126 -0.126
 0.320  1.181  0.023 -0.113 -0.146 -0.125 -0.125
 0.322  1.186  0.027 -0.111 -0.144 -0.122 -0.122
 0.324  1.190  0.031 -0.108 -0.142 -0.121 -0.121
 0.326  1.194  0.034 -0.104 -0.139 -0.119 -0.119
 0.328  1.198  0.039 -0.102 -0.137 -0.117 -0.117
 0.330  1.203  0.043 -0.099 -0.135 -0.115 -0.115
 0.332  1.207  0.048 -0.097 -0.133 -0.114 -0.114
 0.334  1.210  0.051 -0.093 -0.130 -0.112 -0.112
 0.336  1.215  0.055 -0.091 -0.128 -0.110 -0.110
 0.338  1.219  0.059 -0.088 -0.126 -0.108 -0.108
 0.340  1.222  0.064 -0.086 -0.124 -0.107 -0.107
 0.342  1.227  0.068 -0.082 -0.121 -0.104 -0.104
 0.344  1.230  0.071 -0.079 -0.119 -0.103 -0.103
 0.346  1.234  0.076 -0.077 -0.117 -0.101 -0.101
 0.348  1.239  0.080 -0.074 -0.114 -0.099 -0.099
 0.350  1.242  0.083 -0.071 -0.112 -0.097 -0.097
 0.352  1.246  0.087 -0.068 -0.110 -0.096 -0.096
 0.354  1.251  0.092 -0.066 -0.108 -0.093 -0.093
 0.356  1.254  0.096 -0.063 -0.105 -0.092 -0.092
 0.358  1.258  0.099 -0.059 -0.103 -0.090 -0.090
 0.360  1.261  0.104 -0.057 -0.101 -0.089 -0.089
 0.362  1.266  0.108 -0.054 -0.098 -0.086 -0.086
 0.364  1.270  0.111 -0.052 -0.096 -0.085 -0.085
 0.366  1.273  0.115 -0.048 -0.094 -0.083 -0.083
 0.368  1.278  0.120 -0.046 -0.091 -0.081 -0.081
 0.370  1.281  0.124 -0.043 -0.089 -0.079 -0.079
 0.372  1.285  0.127 -0.041 -0.087 -0.078 -0.078
 0.374  1.288  0.132 -0.037 -0.085 -0.075 -0.075
 0.376  1.293  0.136 -0.035 -0.082 -0.074 -0.074
 0.378  1.296  0.139 -0.032 -0.080 -0.071 -0.071
 0.380  1.301  0.143 -0.030 -0.078 -0.070 -0.070
 0.382  1.304  0.148 -0.026 -0.076 -0.068 -0.068
 0.384  1.308  0.152 -0.024 -0.073 -0.066 -0.066
 0.386  1.311  0.155 -0.021 -0.071 -0.064 -0.064
 0.388  1.316  0.159 -0.019 -0.069 -0.062 -0.062
 0.390  1.319  0.164 -0.015 -0.067 -0.060 -0.060
 0.392  1.323  0.168 -0.013 -0.064 -0.058 -0.058
 0.394  1.326  0.171 -0.010 -0.063 -0.057 -0.057
 0.396  1.331  0.176 -0.008 -0.061 -0.054 -0.054
 0.398  1.334  0.180 -0.005 -0.058 -0.053 -0.053
 0.400  1.338  0.183 -0.002 -0.056 -0.050 -0.050
 0.402  1.341  0.187  0.001 -0.054 -0.049 -0.049
 0.404  1.346  0.192  0.003 -0.052 -0.046 -0.046
 0.406  1.349  0.196  0.006 -0.050 -0.045 -0.045
 0.408  1.352  0.199  0.009 -0.047 -0.042 -0.042
 0.410  1.356  0.204  0.012 -0.046 -0.040 -0.040
 0.412  1.359  0.208  0.014 -0.044 -0.039 -0.039
 0.414  1.362  0.212  0.017 -0.041 -0.036 -0.036
 0.416  1.367  0.215  0.020 -0.039 -0.035 -0.035
 0.418  1.370  0.220  0.022 -0.038 -0.032 -0.032
 0.420  1.374  0.224  0.025 -0.035 -0.030 -0.030
 0.422  1.377  0.229  0.027 -0.033 -0.028 -0.028
 0.424  1.380  0.233  0.031 -0.031 -0.026 -0.026
 0.426  1.385  0.236  0.033 -0.030 -0.024 -0.024
 0.428  1.388  0.240  0.036 -0.027 -0.022 -0.022
 0.430  1.391  0.245  0.038 -0.025 -0.020 -0.020
 0.432  1.394  0.249  0.040 -0.023 -0.017 -0.017
 0.434  1.398  0.252  0.044 -0.022 -0.016 -0.016
 0.436  1.401  0.257  0.046 -0.020 -0.014 -0.014
 0.438  1.405  0.261  0.049 -0.017 -0.011 -0.011
 0.440  1.408  0.265  0.051 -0.015 -0.010 -0.010
 0.442  1.412  0.268  0.054 -0.014 -0.007 -0.007
 0.444  1.415  0.273  0.057 -0.012 -0.005 -0.005
 0.446  1.418  0.276  0.059 -0.009 -0.003 -0.003
 0.448  1.421  0.280  0.061 -0.007 -0.001 -0.001
 0.450  1.424  0.283  0.063 -0.006  0.001  0.001
 0.452  1.427  0.287  0.067 -0.004  0.003  0.003
 0.454  1.430  0.290  0.069 -0.002  0.004  0.004
 0.456  1.433  0.293  0.071  0.001  0.007  0.007
 0.458  1.436  0.298  0.073  0.002  0.008  0.008
 0.460  1.439  0.301  0.077  0.004  0.011  0.011
 0.462  1.442  0.304  0.079  0.006  0.012  0.012
 0.464  1.445  0.307  0.081  0.009  0.014  0.014
 0.466  1.448  0.310  0.083  0.010  0.016  0.016
 0.468  1.451  0.313  0.085  0.012  0.018  0.018
 0.470  1.454  0.315  0.088  0.014  0.019  0.019
 0.472  1.457  0.318  0.091  0.016  0.022  0.022
 0.474  1.460  0.321  0.093  0.018  0.023  0.023
 0.476  1.463  0.324  0.095  0.020  0.025  0.025
 0.478  1.465  0.327  0.097  0.022  0.026  0.026
 0.480  1.468  0.329  0.100  0.024  0.029  0.029
 0.482  1.471  0.332  0.102  0.026  0.030  0.030
 0.484  1.474  0.335  0.104  0.028  0.032  0.032
 0.486  1.475  0.336  0.106  0.030  0.033  0.033
 0.488  1.478  0.339  0.108  0.032  0.035  0.035
 0.490  1.481  0.340  0.111  0.034  0.037  0.037
 0.492  1.483  0.343  0.113  0.036  0.038  0.038
 0.494  1.486  0.345  0.115  0.038  0.040  0.040
 0.496  1.489  0.346  0.117  0.040  0.041  0.041
 0.498  1.490  0.349  0.119  0.042  0.043  0.043
 0.500  1.493  0.351  0.122  0.043  0.044  0.044
 0.502  1.495  0.352  0.124  0.046  0.046  0.046
 0.504  1.498  0.354  0.126  0.048  0.047  0.047
 0.506  1.499  0.355  0.128  0.050  0.049  0.049
 0.508  1.502  0.357  0.129  0.051  0.051  0.051
 0.510  1.504  0.358  0.131  0.053  0.051  0.051
 0.512  1.507  0.360  0.134  0.055  0.053  0.053
 0.514  1.508  0.361  0.136  0.057  0.054  0.054
 0.516  1.510  0.363  0.137  0.059  0.056  0.056
 0.518  1.512  0.364  0.139  0.060  0.058  0.058
 0.520  1.515  0.365  0.141  0.062  0.058  0.058
 0.522  1.516  0.367  0.142  0.064  0.060  0.060
 0.524  1.518  0.368  0.145  0.065  0.062  0.062
 0.526  1.519  0.370  0.146  0.067  0.062  0.062
 0.528  1.521  0.371  0.148  0.068  0.064  0.064
 0.530  1.522  0.371  0.149  0.069  0.065  0.065
 0.532  1.524  0.373  0.151  0.071  0.066  0.066
 0.534  1.525  0.374  0.152  0.072  0.068  0.068
 0.536  1.527  0.376  0.154  0.074  0.069  0.069
 0.538  1.528  0.376  0.155  0.075  0.070  0.070
 0.540  1.530  0.377  0.157  0.076  0.071  0.071
 0.542  1.531  0.379  0.159  0.077  0.072  0.072
 0.544  1.533  0.379  0.160  0.078  0.073  0.073
 0.546  1.534  0.380  0.161  0.080  0.074  0.074
 0.548  1.536  0.380  0.162  0.081  0.076  0.076
 0.550  1.536  0.382  0.163  0.082  0.076  0.076
 0.552  1.537  0.382  0.165  0.083  0.078  0.078
 0.554  1.539  0.383  0.166  0.083  0.079  0.079
 0.556  1.539  0.383  0.168  0.084  0.079  0.079
 0.558  1.540  0.385  0.169  0.085  0.080  0.080
 0.560  1.540  0.385  0.170  0.086  0.082  0.082
 0.562  1.542  0.385  0.171  0.087  0.083  0.083
 0.564  1.542  0.386  0.172  0.088  0.083  0.083
 0.566  1.543  0.386  0.173  0.089  0.084  0.084
 0.568  1.543  0.386  0.174  0.090  0.085  0.085
 0.570  1.545  0.388  0.174  0.090  0.087  0.087
 0.572  1.545  0.388  0.175  0.091  0.087  0.087
 0.574  1.545  0.388  0.176  0.091  0.088  0.088
 0.576  1.546  0.388  0.177  0.091  0.089  0.089
 0.578  1.546  0.388  0.177  0.092  0.090  0.090
 0.580  1.546  0.389  0.178  0.093  0.090  0.090
 0.582  1.546  0.389  0.180  0.093  0.091  0.091
 0.584  1.548  0.389  0.180  0.094  0.092  0.092
 0.586  1.548  0.389  0.181  0.094  0.093  0.093
 0.588  1.548  0.389  0.181  0.095  0.094  0.094
 0.590  1.548  0.389  0.182  0.095  0.094  0.094
 0.592  1.548  0.389  0.182  0.096  0.095  0.095
 0.594  1.549  0.389  0.183  0.096  0.096  0.096
 0.596  1.549  0.389  0.183  0.097  0.096  0.096
 0.598  1.549  0.389  0.184  0.097  0.097  0.097
 0.600  1.549  0.389  0.184  0.098  0.097  0.097
 0.602  1.549  0.389  0.184  0.098  0.098  0.098
 0.604  1.549  0.389  0.184  0.099  0.099  0.099
 0.606  1.549  0.389  0.185  0.099  0.100  0.100
 0.608  1.549  0.389  0.185  0.099  0.100  0.100
 0.610  1.549  0.389  0.185  0.099  0.101  0.101
 0.612  1.549  0.389  0.185  0.099  0.101  0.101
 0.614  1.549  0.389  0.185  0.100  0.102  0.102
 0.616  1.549  0.389  0.185  0.100  0.102  0.102
 0.618  1.549  0.389  0.185  0.100  0.103  0.103
 0.620  1.549  0.389  0.185  0.101  0.104  0.104
 0.622  1.549  0.389  0.185  0.101  0.105  0.105
 0.624  1.549  0.389  0.185  0.101  0.105  0.105
 0.626  1.548  0.389  0.185  0.102  0.105  0.105
 0.628  1.548  0.389  0.184  0.102  0.105  0.105
 0.630  1.548  0.389  0.184  0.102  0.106  0.106
 0.632  1.548  0.389  0.184  0.102  0.107  0.107
 0.634  1.548  0.388  0.183  0.103  0.107  0.107
 0.636  1.546  0.388  0.183  0.103  0.108  0.108
 0.638  1.546  0.388  0.183  0.103  0.108  0.108
 0.640  1.546  0.388  0.182  0.103  0.108  0.108
 0.642  1.546  0.388  0.182  0.103  0.108  0.108
 0.644  1.545  0.388  0.181  0.104  0.109  0.109
 0.646  1.545  0.386  0.181  0.104  0.109  0.109
 0.648  1.545  0.386  0.180  0.104  0.110  0.110
 0.650  1.543  0.386  0.180  0.104  0.110  0.110
 0.652  1.543  0.386  0.178  0.104  0.111  0.111
 0.654  1.543  0.385  0.178  0.104  0.111  0.111
 0.656  1.543  0.385  0.177  0.105  0.111  0.111
 0.658  1.542  0.385  0.177  0.105  0.112  0.112
 0.660  1.542  0.385  0.177  0.105  0.112  0.112
 0.662  1.542  0.383  0.176  0.105  0.112  0.112
 0.664  1.540  0.383  0.176  0.105  0.112  0.112
 0.666  1.540  0.383  0.175  0.106  0.113  0.113
 0.668  1.540  0.382  0.175  0.106  0.113  0.113
 0.670  1.539  0.382  0.174  0.106  0.113  0.113
 0.672  1.539  0.382  0.174  0.106  0.114  0.114
 0.674  1.539  0.380  0.174  0.106  0.114  0.114
 0.676  1.537  0.380  0.173  0.107  0.115  0.115
 0.678  1.537  0.380  0.173  0.107  0.115  0.115
 0.680  1.537  0.379  0.173  0.107  0.115  0.115
 0.682  1.537  0.379  0.172  0.107  0.115  0.115
 0.684  1.536  0.377  0.172  0.108  0.116  0.116
 0.686  1.536  0.377  0.172  0.108  0.116  0.116
 0.688  1.536  0.377  0.172  0.108  0.116  0.116
 0.690  1.534  0.376  0.171  0.108  0.117  0.117
 0.692  1.534  0.376  0.171  0.108  0.117  0.117
 0.694  1.534  0.374  0.171  0.108  0.118  0.118
 0.696  1.533  0.374  0.171  0.108  0.118  0.118
 0.698  1.533  0.373  0.171  0.109  0.119  0.119
 0.700  1.533  0.373  0.170  0.109  0.119  0.119
 0.702  1.531  0.371  0.170  0.109  0.119  0.119
 0.704  1.531  0.371  0.170  0.109  0.119  0.119
 0.706  1.531  0.370  0.170  0.110  0.119  0.119
 0.708  1.531  0.370  0.170  0.110  0.120  0.120
 0.710  1.530  0.368  0.170  0.110  0.120  0.120
 0.712  1.530  0.368  0.170  0.111  0.121  0.121
 0.714  1.530  0.367  0.169  0.111  0.121  0.121
 0.716  1.528  0.367  0.169  0.111  0.121  0.121
 0.718  1.528  0.365  0.169  0.112  0.122  0.122
 0.720  1.528  0.364  0.169  0.112  0.122  0.122
 0.722  1.528  0.364  0.169  0.112  0.122  0.122
 0.724  1.527  0.363  0.169  0.113  0.122  0.122
 0.726  1.527  0.363  0.169  0.113  0.123  0.123
 0.728  1.527  0.361  0.169  0.113  0.124  0.124
 0.730  1.527  0.361  0.169  0.114  0.124  0.124
 0.732  1.525  0.361  0.169  0.114  0.125  0.125
 0.734  1.525  0.361  0.169  0.114  0.126  0.126
 0.736  1.525  0.360  0.169  0.115  0.126  0.126
 0.738  1.525  0.360  0.169  0.115  0.127  0.127
 0.740  1.524  0.360  0.169  0.115  0.128  0.128
 0.742  1.524  0.360  0.168  0.115  0.129  0.129
 0.744  1.524  0.360  0.168  0.116  0.130  0.130
 0.746  1.524  0.360  0.168  0.116  0.131  0.131
 0.748  1.524  0.360  0.168  0.116  0.132  0.132
 0.750  1.524  0.361  0.168  0.116  0.133  0.133
 0.752  1.522  0.361  0.168  0.116  0.134  0.134
 0.754  1.522  0.361  0.168  0.116  0.136  0.136
 0.756  1.522  0.361  0.168  0.117  0.137  0.137
 0.758  1.522  0.363  0.168  0.117  0.138  0.138
 0.760  1.522  0.363  0.168  0.117  0.139  0.139
 0.762  1.522  0.364  0.168  0.118  0.140  0.140
 0.764  1.522  0.364  0.168  0.118  0.142  0.142
 0.766  1.522  0.365  0.168  0.118  0.144  0.144
 0.768  1.522  0.367  0.168  0.119  0.145  0.145
 0.770  1.522  0.367  0.168  0.119  0.147  0.147
 0.772  1.522  0.368  0.168  0.119  0.148  0.148
 0.774  1.522  0.370  0.168  0.119  0.150  0.150
 0.776  1.521  0.371  0.168  0.120  0.151  0.151
 0.778  1.521  0.373  0.168  0.120  0.154  0.154
 0.780  1.521  0.374  0.166  0.120  0.155  0.155
 0.782  1.521  0.376  0.166  0.120  0.158  0.158
 0.784  1.521  0.377  0.166  0.120  0.159  0.159
 0.786  1.521  0.380  0.168  0.121  0.162  0.162
 0.788  1.521  0.382  0.168  0.121  0.163  0.163
 0.790  1.522  0.383  0.168  0.122  0.165  0.165
 0.792  1.522  0.385  0.168  0.123  0.167  0.167
 0.794  1.524  0.388  0.169  0.124  0.169  0.169
 0.796  1.524  0.389  0.170  0.124  0.172  0.172
 0.798  1.525  0.390  0.170  0.125  0.173  0.173
 0.800  1.527  0.393  0.172  0.126  0.176  0.176
 0.802  1.528  0.395  0.173  0.128  0.178  0.178
 0.804  1.530  0.396  0.174  0.130  0.180  0.180
 0.806  1.531  0.399  0.176  0.131  0.182  0.182
 0.808  1.534  0.401  0.177  0.133  0.184  0.184
 0.810  1.536  0.404  0.180  0.135  0.187  0.187
 0.812  1.539  0.405  0.183  0.138  0.189  0.189
 0.814  1.542  0.408  0.185  0.140  0.191  0.191
 0.816  1.545  0.410  0.188  0.143  0.194  0.194
 0.818  1.548  0.413  0.191  0.146  0.196  0.196
 0.820  1.552  0.415  0.194  0.149  0.198  0.198
 0.822  1.555  0.417  0.197  0.152  0.201  0.201
 0.824  1.560  0.420  0.202  0.156  0.203  0.203
 0.826  1.564  0.421  0.205  0.160  0.205  0.205
 0.828  1.569  0.424  0.209  0.164  0.208  0.208
 0.830  1.573  0.426  0.214  0.168  0.209  0.209
 0.832  1.578  0.429  0.218  0.172  0.212  0.212
 0.834  1.584  0.430  0.222  0.176  0.214  0.214
 0.836  1.588  0.433  0.228  0.181  0.216  0.216
 0.838  1.594  0.435  0.232  0.186  0.219  0.219
 0.840  1.600  0.436  0.238  0.190  0.221  0.221
 0.842  1.606  0.439  0.243  0.196  0.223  0.223
 0.844  1.612  0.441  0.250  0.201  0.226  0.226
 0.846  1.620  0.443  0.255  0.206  0.228  0.228
 0.848  1.626  0.446  0.262  0.213  0.230  0.230
 0.850  1.634  0.449  0.268  0.218  0.233  0.233
 0.852  1.641  0.452  0.275  0.224  0.236  0.236
 0.854  1.649  0.455  0.282  0.231  0.238  0.238
 0.856  1.658  0.458  0.288  0.238  0.241  0.241
 0.858  1.665  0.461  0.295  0.244  0.244  0.244
 0.860  1.671  0.464  0.301  0.250  0.246  0.246
 0.862  1.677  0.466  0.308  0.255  0.248  0.248
 0.864  1.683  0.467  0.312  0.261  0.250  0.250
 0.866  1.688  0.468  0.317  0.265  0.251  0.251
 0.868  1.691  0.468  0.320  0.268  0.251  0.251
 0.870  1.692  0.467  0.322  0.270  0.251  0.251
 0.872  1.692  0.464  0.323  0.272  0.251  0.251
 0.874  1.689  0.461  0.322  0.272  0.248  0.248
 0.876  1.686  0.455  0.320  0.271  0.246  0.246
 0.878  1.680  0.449  0.317  0.269  0.242  0.242
 0.880  1.673  0.441  0.312  0.266  0.238  0.238
 0.882  1.664  0.432  0.307  0.262  0.234  0.234
 0.884  1.653  0.421  0.299  0.256  0.227  0.227
 0.886  1.641  0.410  0.291  0.250  0.221  0.221
 0.888  1.628  0.396  0.282  0.244  0.214  0.214
 0.890  1.612  0.383  0.272  0.236  0.206  0.206
 0.892  1.597  0.367  0.261  0.227  0.198  0.198
 0.894  1.579  0.351  0.249  0.218  0.189  0.189
 0.896  1.561  0.333  0.235  0.207  0.180  0.180
 0.898  1.542  0.314  0.221  0.197  0.169  0.169
 0.900  1.521  0.295  0.206  0.184  0.158  0.158
 0.902  1.498  0.273  0.189  0.172  0.147  0.147
 0.904  1.472  0.249  0.172  0.157  0.134  0.134
 0.906  1.447  0.226  0.153  0.142  0.121  0.121
 0.908  1.418  0.199  0.132  0.125  0.106  0.106
 0.910  1.388  0.171  0.111  0.108  0.091  0.091
 0.912  1.356  0.142  0.086  0.089  0.075  0.075
 0.914  1.322  0.112  0.062  0.069  0.058  0.058
 0.916  1.285  0.080  0.035  0.048  0.040  0.040
 0.918  1.248  0.046  0.008  0.026  0.022  0.022
 0.920  1.210  0.012 -0.021  0.002  0.002  0.002
 0.922  1.169 -0.024 -0.051 -0.023 -0.017 -0.017
 0.924  1.129 -0.061 -0.081 -0.047 -0.039 -0.039
 0.926  1.087 -0.099 -0.112 -0.072 -0.060 -0.060
 0.928  1.044 -0.138 -0.144 -0.097 -0.081 -0.081
 0.930  1.001 -0.177 -0.174 -0.123 -0.102 -0.102
 0.932  0.958 -0.217 -0.206 -0.149 -0.124 -0.124
 0.934  0.916 -0.258 -0.238 -0.175 -0.146 -0.146
 0.936  0.874 -0.300 -0.269 -0.200 -0.168 -0.168
 0.938  0.832 -0.341 -0.299 -0.226 -0.189 -0.189
 0.940  0.791 -0.382 -0.329 -0.250 -0.211 -0.211
 0.942  0.750 -0.422 -0.359 -0.275 -0.232 -0.232
 0.944  0.711 -0.461 -0.388 -0.298 -0.253 -0.253
 0.946  0.674 -0.500 -0.416 -0.321 -0.273 -0.273
 0.948  0.636 -0.538 -0.443 -0.343 -0.293 -0.293
 0.950  0.601 -0.573 -0.469 -0.364 -0.311 -0.311
 0.952  0.568 -0.609 -0.493 -0.385 -0.329 -0.329
 0.954  0.535 -0.641 -0.516 -0.405 -0.346 -0.346
 0.956  0.505 -0.672 -0.539 -0.422 -0.361 -0.361
 0.958  0.476 -0.701 -0.560 -0.440 -0.377 -0.377
 0.960  0.451 -0.728 -0.580 -0.456 -0.391 -0.391
 0.962  0.425 -0.754 -0.599 -0.471 -0.404 -0.404
 0.964  0.401 -0.779 -0.616 -0.486 -0.417 -0.417
 0.966  0.378 -0.801 -0.633 -0.500 -0.429 -0.429
 0.968  0.357 -0.823 -0.649 -0.513 -0.440 -0.440
 0.970  0.336 -0.844 -0.663 -0.526 -0.451 -0.451
 0.972  0.318 -0.865 -0.677 -0.537 -0.461 -0.461
 0.974  0.300 -0.882 -0.691 -0.548 -0.470 -0.470
 0.976  0.283 -0.900 -0.703 -0.558 -0.479 -0.479
 0.978  0.267 -0.916 -0.714 -0.568 -0.487 -0.487
 0.980  0.253 -0.932 -0.725 -0.576 -0.495 -0.495
 0.982  0.240 -0.946 -0.733 -0.584 -0.502 -0.502
 0.984  0.227 -0.957 -0.742 -0.592 -0.508 -0.508
 0.986  0.217 -0.969 -0.750 -0.598 -0.514 -0.514
 0.988  0.208 -0.979 -0.756 -0.603 -0.519 -0.519
 0.990  0.200 -0.987 -0.762 -0.608 -0.522 -0.522
 0.992  0.194 -0.993 -0.766 -0.612 -0.526 -0.526
 0.994  0.190 -0.999 -0.769 -0.615 -0.528 -0.528
 0.996  0.187 -1.001 -0.772 -0.617 -0.529 -0.529
 0.998  0.185 -1.003 -0.773 -0.618 -0.530 -0.530
