# IsPeriodic    : True
# Period        : 0.552553 days
# Normalization : <g_mag>=0
# 
# Phase u_mag  g_mag  r_mag  i_mag  z_mag  y_mag
 0.000  0.390 -0.783 -0.656 -0.575 -0.482 -0.482
 0.002  0.391 -0.782 -0.656 -0.575 -0.482 -0.482
 0.004  0.392 -0.781 -0.655 -0.574 -0.482 -0.482
 0.006  0.393 -0.779 -0.655 -0.573 -0.481 -0.481
 0.008  0.395 -0.776 -0.653 -0.571 -0.480 -0.480
 0.010  0.399 -0.773 -0.651 -0.568 -0.479 -0.479
 0.012  0.401 -0.769 -0.650 -0.565 -0.479 -0.479
 0.014  0.405 -0.766 -0.647 -0.561 -0.477 -0.477
 0.016  0.408 -0.762 -0.644 -0.557 -0.476 -0.476
 0.018  0.413 -0.758 -0.641 -0.553 -0.475 -0.475
 0.020  0.416 -0.753 -0.639 -0.548 -0.473 -0.473
 0.022  0.421 -0.748 -0.635 -0.544 -0.472 -0.472
 0.024  0.426 -0.742 -0.633 -0.539 -0.471 -0.471
 0.026  0.430 -0.738 -0.629 -0.535 -0.469 -0.469
 0.028  0.435 -0.733 -0.626 -0.530 -0.468 -0.468
 0.030  0.439 -0.728 -0.623 -0.526 -0.466 -0.466
 0.032  0.443 -0.722 -0.620 -0.521 -0.464 -0.464
 0.034  0.448 -0.718 -0.617 -0.517 -0.462 -0.462
 0.036  0.453 -0.713 -0.614 -0.513 -0.461 -0.461
 0.038  0.458 -0.707 -0.611 -0.509 -0.459 -0.459
 0.040  0.463 -0.702 -0.607 -0.505 -0.457 -0.457
 0.042  0.467 -0.696 -0.604 -0.501 -0.455 -0.455
 0.044  0.473 -0.690 -0.600 -0.497 -0.453 -0.453
 0.046  0.478 -0.685 -0.597 -0.494 -0.451 -0.451
 0.048  0.483 -0.679 -0.593 -0.489 -0.449 -0.449
 0.050  0.489 -0.673 -0.589 -0.486 -0.447 -0.447
 0.052  0.495 -0.666 -0.585 -0.483 -0.445 -0.445
 0.054  0.501 -0.660 -0.582 -0.478 -0.442 -0.442
 0.056  0.507 -0.653 -0.578 -0.475 -0.440 -0.440
 0.058  0.514 -0.646 -0.573 -0.471 -0.438 -0.438
 0.060  0.519 -0.639 -0.569 -0.468 -0.435 -0.435
 0.062  0.526 -0.632 -0.565 -0.464 -0.432 -0.432
 0.064  0.533 -0.625 -0.560 -0.461 -0.430 -0.430
 0.066  0.539 -0.618 -0.556 -0.458 -0.427 -0.427
 0.068  0.546 -0.609 -0.551 -0.455 -0.424 -0.424
 0.070  0.554 -0.602 -0.546 -0.451 -0.421 -0.421
 0.072  0.561 -0.595 -0.541 -0.449 -0.418 -0.418
 0.074  0.568 -0.587 -0.537 -0.445 -0.415 -0.415
 0.076  0.575 -0.579 -0.532 -0.442 -0.412 -0.412
 0.078  0.582 -0.572 -0.528 -0.440 -0.410 -0.410
 0.080  0.590 -0.563 -0.523 -0.437 -0.407 -0.407
 0.082  0.597 -0.556 -0.517 -0.434 -0.404 -0.404
 0.084  0.604 -0.548 -0.513 -0.431 -0.401 -0.401
 0.086  0.611 -0.540 -0.508 -0.428 -0.398 -0.398
 0.088  0.618 -0.533 -0.504 -0.426 -0.395 -0.395
 0.090  0.625 -0.526 -0.499 -0.423 -0.393 -0.393
 0.092  0.632 -0.517 -0.495 -0.420 -0.390 -0.390
 0.094  0.639 -0.510 -0.489 -0.418 -0.388 -0.388
 0.096  0.646 -0.503 -0.485 -0.415 -0.385 -0.385
 0.098  0.651 -0.496 -0.481 -0.412 -0.383 -0.383
 0.100  0.658 -0.489 -0.477 -0.410 -0.380 -0.380
 0.102  0.664 -0.482 -0.473 -0.408 -0.378 -0.378
 0.104  0.671 -0.476 -0.468 -0.405 -0.376 -0.376
 0.106  0.677 -0.469 -0.464 -0.402 -0.373 -0.373
 0.108  0.683 -0.462 -0.460 -0.400 -0.371 -0.371
 0.110  0.690 -0.456 -0.456 -0.397 -0.369 -0.369
 0.112  0.695 -0.449 -0.451 -0.394 -0.367 -0.367
 0.114  0.701 -0.443 -0.447 -0.392 -0.364 -0.364
 0.116  0.707 -0.437 -0.444 -0.390 -0.362 -0.362
 0.118  0.712 -0.430 -0.439 -0.387 -0.360 -0.360
 0.120  0.717 -0.425 -0.436 -0.385 -0.358 -0.358
 0.122  0.723 -0.419 -0.432 -0.382 -0.356 -0.356
 0.124  0.728 -0.413 -0.428 -0.380 -0.355 -0.355
 0.126  0.733 -0.407 -0.425 -0.377 -0.352 -0.352
 0.128  0.738 -0.402 -0.421 -0.374 -0.350 -0.350
 0.130  0.744 -0.396 -0.417 -0.372 -0.348 -0.348
 0.132  0.749 -0.390 -0.414 -0.369 -0.347 -0.347
 0.134  0.753 -0.386 -0.411 -0.367 -0.345 -0.345
 0.136  0.758 -0.380 -0.407 -0.365 -0.344 -0.344
 0.138  0.762 -0.375 -0.404 -0.363 -0.342 -0.342
 0.140  0.767 -0.370 -0.401 -0.360 -0.341 -0.341
 0.142  0.772 -0.366 -0.397 -0.358 -0.339 -0.339
 0.144  0.775 -0.360 -0.395 -0.355 -0.338 -0.338
 0.146  0.780 -0.355 -0.391 -0.353 -0.336 -0.336
 0.148  0.784 -0.350 -0.388 -0.351 -0.334 -0.334
 0.150  0.788 -0.346 -0.385 -0.348 -0.333 -0.333
 0.152  0.793 -0.341 -0.382 -0.346 -0.331 -0.331
 0.154  0.797 -0.336 -0.379 -0.343 -0.330 -0.330
 0.156  0.801 -0.333 -0.376 -0.341 -0.328 -0.328
 0.158  0.805 -0.328 -0.373 -0.339 -0.327 -0.327
 0.160  0.809 -0.323 -0.370 -0.336 -0.325 -0.325
 0.162  0.813 -0.319 -0.367 -0.334 -0.324 -0.324
 0.164  0.817 -0.314 -0.364 -0.332 -0.322 -0.322
 0.166  0.821 -0.309 -0.362 -0.329 -0.321 -0.321
 0.168  0.825 -0.304 -0.358 -0.327 -0.319 -0.319
 0.170  0.830 -0.300 -0.356 -0.325 -0.317 -0.317
 0.172  0.833 -0.296 -0.352 -0.323 -0.316 -0.316
 0.174  0.838 -0.292 -0.350 -0.320 -0.314 -0.314
 0.176  0.842 -0.287 -0.347 -0.318 -0.312 -0.312
 0.178  0.846 -0.282 -0.344 -0.316 -0.311 -0.311
 0.180  0.850 -0.277 -0.341 -0.314 -0.309 -0.309
 0.182  0.855 -0.273 -0.339 -0.312 -0.308 -0.308
 0.184  0.859 -0.268 -0.335 -0.310 -0.306 -0.306
 0.186  0.863 -0.263 -0.333 -0.308 -0.305 -0.305
 0.188  0.868 -0.259 -0.330 -0.306 -0.303 -0.303
 0.190  0.871 -0.254 -0.327 -0.304 -0.301 -0.301
 0.192  0.876 -0.249 -0.324 -0.302 -0.299 -0.299
 0.194  0.881 -0.244 -0.322 -0.299 -0.297 -0.297
 0.196  0.884 -0.240 -0.319 -0.297 -0.295 -0.295
 0.198  0.889 -0.236 -0.316 -0.295 -0.294 -0.294
 0.200  0.893 -0.232 -0.313 -0.293 -0.292 -0.292
 0.202  0.897 -0.227 -0.311 -0.291 -0.291 -0.291
 0.204  0.901 -0.222 -0.308 -0.290 -0.289 -0.289
 0.206  0.906 -0.217 -0.306 -0.288 -0.287 -0.287
 0.208  0.911 -0.213 -0.303 -0.286 -0.285 -0.285
 0.210  0.914 -0.208 -0.300 -0.283 -0.283 -0.283
 0.212  0.919 -0.203 -0.297 -0.282 -0.282 -0.282
 0.214  0.923 -0.199 -0.295 -0.280 -0.280 -0.280
 0.216  0.928 -0.194 -0.292 -0.278 -0.278 -0.278
 0.218  0.933 -0.189 -0.290 -0.277 -0.276 -0.276
 0.220  0.936 -0.184 -0.287 -0.274 -0.274 -0.274
 0.222  0.941 -0.181 -0.284 -0.272 -0.273 -0.273
 0.224  0.945 -0.176 -0.282 -0.271 -0.271 -0.271
 0.226  0.950 -0.172 -0.279 -0.269 -0.269 -0.269
 0.228  0.953 -0.167 -0.277 -0.268 -0.267 -0.267
 0.230  0.958 -0.162 -0.274 -0.265 -0.265 -0.265
 0.232  0.963 -0.159 -0.272 -0.264 -0.264 -0.264
 0.234  0.967 -0.154 -0.269 -0.262 -0.262 -0.262
 0.236  0.971 -0.149 -0.267 -0.261 -0.260 -0.260
 0.238  0.975 -0.144 -0.264 -0.259 -0.258 -0.258
 0.240  0.980 -0.141 -0.262 -0.257 -0.257 -0.257
 0.242  0.984 -0.136 -0.259 -0.255 -0.255 -0.255
 0.244  0.988 -0.133 -0.257 -0.254 -0.253 -0.253
 0.246  0.992 -0.128 -0.254 -0.252 -0.252 -0.252
 0.248  0.996 -0.124 -0.251 -0.250 -0.250 -0.250
 0.250  1.001 -0.120 -0.249 -0.249 -0.249 -0.249
 0.252  1.004 -0.116 -0.246 -0.247 -0.247 -0.247
 0.254  1.009 -0.111 -0.244 -0.245 -0.245 -0.245
 0.256  1.013 -0.108 -0.241 -0.243 -0.243 -0.243
 0.258  1.017 -0.104 -0.239 -0.242 -0.242 -0.242
 0.260  1.021 -0.100 -0.236 -0.240 -0.240 -0.240
 0.262  1.024 -0.096 -0.234 -0.238 -0.238 -0.238
 0.264  1.029 -0.093 -0.231 -0.236 -0.237 -0.237
 0.266  1.032 -0.089 -0.229 -0.235 -0.235 -0.235
 0.268  1.037 -0.086 -0.226 -0.233 -0.233 -0.233
 0.270  1.040 -0.081 -0.224 -0.231 -0.232 -0.232
 0.272  1.044 -0.077 -0.222 -0.230 -0.230 -0.230
 0.274  1.048 -0.074 -0.219 -0.228 -0.229 -0.229
 0.276  1.052 -0.070 -0.217 -0.227 -0.227 -0.227
 0.278  1.055 -0.067 -0.214 -0.225 -0.226 -0.226
 0.280  1.060 -0.063 -0.212 -0.223 -0.224 -0.224
 0.282  1.063 -0.060 -0.209 -0.221 -0.223 -0.223
 0.284  1.067 -0.056 -0.207 -0.220 -0.221 -0.221
 0.286  1.070 -0.053 -0.205 -0.218 -0.220 -0.220
 0.288  1.075 -0.050 -0.202 -0.216 -0.218 -0.218
 0.290  1.078 -0.047 -0.200 -0.215 -0.217 -0.217
 0.292  1.082 -0.043 -0.197 -0.213 -0.215 -0.215
 0.294  1.085 -0.040 -0.195 -0.211 -0.214 -0.214
 0.296  1.089 -0.036 -0.192 -0.210 -0.212 -0.212
 0.298  1.092 -0.034 -0.190 -0.208 -0.211 -0.211
 0.300  1.097 -0.030 -0.188 -0.207 -0.209 -0.209
 0.302  1.100 -0.027 -0.185 -0.204 -0.208 -0.208
 0.304  1.104 -0.023 -0.183 -0.203 -0.206 -0.206
 0.306  1.107 -0.020 -0.180 -0.201 -0.205 -0.205
 0.308  1.111 -0.016 -0.178 -0.200 -0.204 -0.204
 0.310  1.114 -0.014 -0.176 -0.198 -0.202 -0.202
 0.312  1.118 -0.010 -0.174 -0.196 -0.201 -0.201
 0.314  1.121 -0.007 -0.171 -0.195 -0.199 -0.199
 0.316  1.125 -0.003 -0.168 -0.193 -0.198 -0.198
 0.318  1.127  0.000 -0.166 -0.191 -0.197 -0.197
 0.320  1.131  0.004 -0.164 -0.190 -0.195 -0.195
 0.322  1.134  0.007 -0.162 -0.188 -0.194 -0.194
 0.324  1.138  0.011 -0.159 -0.186 -0.193 -0.193
 0.326  1.141  0.014 -0.157 -0.184 -0.191 -0.191
 0.328  1.144  0.018 -0.154 -0.183 -0.190 -0.190
 0.330  1.147  0.021 -0.152 -0.181 -0.188 -0.188
 0.332  1.150  0.024 -0.150 -0.179 -0.187 -0.187
 0.334  1.154  0.027 -0.147 -0.177 -0.185 -0.185
 0.336  1.157  0.031 -0.145 -0.176 -0.184 -0.184
 0.338  1.160  0.034 -0.143 -0.174 -0.183 -0.183
 0.340  1.163  0.038 -0.140 -0.173 -0.181 -0.181
 0.342  1.166  0.041 -0.138 -0.171 -0.180 -0.180
 0.344  1.169  0.045 -0.135 -0.169 -0.179 -0.179
 0.346  1.172  0.049 -0.134 -0.168 -0.177 -0.177
 0.348  1.176  0.052 -0.131 -0.166 -0.176 -0.176
 0.350  1.178  0.056 -0.129 -0.164 -0.174 -0.174
 0.352  1.182  0.059 -0.127 -0.162 -0.173 -0.173
 0.354  1.184  0.063 -0.124 -0.161 -0.172 -0.172
 0.356  1.187  0.067 -0.122 -0.159 -0.170 -0.170
 0.358  1.190  0.071 -0.119 -0.157 -0.169 -0.169
 0.360  1.193  0.074 -0.118 -0.155 -0.168 -0.168
 0.362  1.195  0.078 -0.115 -0.154 -0.167 -0.167
 0.364  1.199  0.081 -0.113 -0.152 -0.165 -0.165
 0.366  1.201  0.085 -0.111 -0.150 -0.164 -0.164
 0.368  1.205  0.089 -0.108 -0.148 -0.162 -0.162
 0.370  1.207  0.092 -0.106 -0.147 -0.161 -0.161
 0.372  1.209  0.096 -0.104 -0.145 -0.160 -0.160
 0.374  1.213  0.099 -0.102 -0.143 -0.158 -0.158
 0.376  1.215  0.103 -0.099 -0.141 -0.157 -0.157
 0.378  1.219  0.106 -0.097 -0.139 -0.156 -0.156
 0.380  1.221  0.110 -0.095 -0.138 -0.154 -0.154
 0.382  1.224  0.113 -0.092 -0.136 -0.153 -0.153
 0.384  1.227  0.117 -0.091 -0.134 -0.152 -0.152
 0.386  1.230  0.120 -0.088 -0.133 -0.150 -0.150
 0.388  1.232  0.124 -0.085 -0.131 -0.149 -0.149
 0.390  1.236  0.127 -0.084 -0.130 -0.147 -0.147
 0.392  1.238  0.130 -0.081 -0.127 -0.146 -0.146
 0.394  1.242  0.133 -0.079 -0.126 -0.144 -0.144
 0.396  1.244  0.137 -0.077 -0.124 -0.143 -0.143
 0.398  1.248  0.140 -0.074 -0.123 -0.141 -0.141
 0.400  1.250  0.144 -0.073 -0.121 -0.140 -0.140
 0.402  1.253  0.147 -0.070 -0.119 -0.138 -0.138
 0.404  1.256  0.150 -0.068 -0.118 -0.137 -0.137
 0.406  1.259  0.153 -0.066 -0.116 -0.135 -0.135
 0.408  1.261  0.157 -0.063 -0.114 -0.134 -0.134
 0.410  1.265  0.160 -0.062 -0.113 -0.132 -0.132
 0.412  1.267  0.163 -0.059 -0.111 -0.130 -0.130
 0.414  1.271  0.166 -0.057 -0.109 -0.129 -0.129
 0.416  1.273  0.170 -0.055 -0.108 -0.127 -0.127
 0.418  1.276  0.172 -0.052 -0.106 -0.126 -0.126
 0.420  1.279  0.176 -0.051 -0.105 -0.124 -0.124
 0.422  1.282  0.179 -0.048 -0.103 -0.123 -0.123
 0.424  1.285  0.182 -0.046 -0.101 -0.121 -0.121
 0.426  1.288  0.185 -0.044 -0.100 -0.120 -0.120
 0.428  1.290  0.189 -0.042 -0.098 -0.118 -0.118
 0.430  1.294  0.191 -0.040 -0.097 -0.117 -0.117
 0.432  1.296  0.194 -0.038 -0.095 -0.115 -0.115
 0.434  1.300  0.197 -0.035 -0.093 -0.113 -0.113
 0.436  1.302  0.200 -0.034 -0.092 -0.112 -0.112
 0.438  1.305  0.203 -0.031 -0.091 -0.110 -0.110
 0.440  1.308  0.206 -0.030 -0.089 -0.109 -0.109
 0.442  1.311  0.209 -0.027 -0.087 -0.107 -0.107
 0.444  1.314  0.212 -0.025 -0.086 -0.105 -0.105
 0.446  1.316  0.214 -0.023 -0.084 -0.104 -0.104
 0.448  1.319  0.217 -0.021 -0.083 -0.102 -0.102
 0.450  1.322  0.220 -0.019 -0.081 -0.101 -0.101
 0.452  1.324  0.223 -0.017 -0.080 -0.100 -0.100
 0.454  1.326  0.225 -0.015 -0.078 -0.098 -0.098
 0.456  1.329  0.227 -0.013 -0.077 -0.097 -0.097
 0.458  1.331  0.230 -0.012 -0.075 -0.095 -0.095
 0.460  1.333  0.232 -0.010 -0.074 -0.094 -0.094
 0.462  1.335  0.234 -0.008 -0.073 -0.093 -0.093
 0.464  1.338  0.237 -0.006 -0.071 -0.091 -0.091
 0.466  1.340  0.239 -0.004 -0.069 -0.090 -0.090
 0.468  1.342  0.242 -0.002 -0.068 -0.088 -0.088
 0.470  1.345  0.244 -0.001 -0.066 -0.087 -0.087
 0.472  1.346  0.246  0.001 -0.065 -0.086 -0.086
 0.474  1.348  0.249  0.003 -0.064 -0.085 -0.085
 0.476  1.351  0.250  0.004 -0.062 -0.084 -0.084
 0.478  1.352  0.252  0.006 -0.061 -0.082 -0.082
 0.480  1.354  0.254  0.007 -0.060 -0.081 -0.081
 0.482  1.356  0.256  0.009 -0.057 -0.079 -0.079
 0.484  1.357  0.258  0.010 -0.056 -0.078 -0.078
 0.486  1.359  0.259  0.012 -0.055 -0.077 -0.077
 0.488  1.361  0.262  0.014 -0.053 -0.076 -0.076
 0.490  1.362  0.263  0.015 -0.052 -0.074 -0.074
 0.492  1.363  0.265  0.016 -0.050 -0.074 -0.074
 0.494  1.366  0.266  0.018 -0.049 -0.073 -0.073
 0.496  1.367  0.267  0.019 -0.048 -0.071 -0.071
 0.498  1.368  0.269  0.020 -0.046 -0.070 -0.070
 0.500  1.369  0.271  0.022 -0.045 -0.069 -0.069
 0.502  1.370  0.272  0.023 -0.044 -0.068 -0.068
 0.504  1.371  0.273  0.025 -0.042 -0.067 -0.067
 0.506  1.373  0.274  0.026 -0.041 -0.066 -0.066
 0.508  1.374  0.276  0.027 -0.039 -0.065 -0.065
 0.510  1.375  0.277  0.028 -0.038 -0.064 -0.064
 0.512  1.376  0.278  0.030 -0.037 -0.063 -0.063
 0.514  1.377  0.279  0.031 -0.035 -0.062 -0.062
 0.516  1.378  0.280  0.031 -0.034 -0.061 -0.061
 0.518  1.379  0.282  0.033 -0.032 -0.060 -0.060
 0.520  1.381  0.283  0.034 -0.031 -0.059 -0.059
 0.522  1.382  0.284  0.036 -0.030 -0.058 -0.058
 0.524  1.382  0.285  0.037 -0.029 -0.057 -0.057
 0.526  1.383  0.285  0.037 -0.028 -0.056 -0.056
 0.528  1.384  0.286  0.038 -0.026 -0.055 -0.055
 0.530  1.385  0.287  0.040 -0.026 -0.054 -0.054
 0.532  1.386  0.287  0.041 -0.024 -0.053 -0.053
 0.534  1.386  0.289  0.042 -0.023 -0.052 -0.052
 0.536  1.388  0.290  0.043 -0.022 -0.051 -0.051
 0.538  1.389  0.290  0.044 -0.021 -0.050 -0.050
 0.540  1.390  0.291  0.045 -0.021 -0.049 -0.049
 0.542  1.390  0.291  0.046 -0.019 -0.049 -0.049
 0.544  1.391  0.292  0.047 -0.019 -0.047 -0.047
 0.546  1.392  0.292  0.048 -0.018 -0.047 -0.047
 0.548  1.393  0.293  0.049 -0.017 -0.046 -0.046
 0.550  1.393  0.293  0.050 -0.017 -0.045 -0.045
 0.552  1.395  0.295  0.051 -0.016 -0.044 -0.044
 0.554  1.396  0.295  0.052 -0.015 -0.043 -0.043
 0.556  1.396  0.295  0.053 -0.014 -0.043 -0.043
 0.558  1.397  0.296  0.054 -0.014 -0.042 -0.042
 0.560  1.397  0.296  0.054 -0.013 -0.041 -0.041
 0.562  1.398  0.296  0.055 -0.013 -0.040 -0.040
 0.564  1.399  0.296  0.056 -0.012 -0.040 -0.040
 0.566  1.399  0.296  0.057 -0.012 -0.038 -0.038
 0.568  1.400  0.296  0.058 -0.012 -0.038 -0.038
 0.570  1.400  0.297  0.059 -0.011 -0.037 -0.037
 0.572  1.401  0.297  0.059 -0.011 -0.036 -0.036
 0.574  1.401  0.297  0.060 -0.011 -0.035 -0.035
 0.576  1.403  0.297  0.061 -0.010 -0.035 -0.035
 0.578  1.403  0.297  0.062 -0.010 -0.034 -0.034
 0.580  1.404  0.297  0.063 -0.010 -0.034 -0.034
 0.582  1.404  0.297  0.064 -0.010 -0.032 -0.032
 0.584  1.405  0.297  0.065 -0.010 -0.032 -0.032
 0.586  1.405  0.297  0.065 -0.010 -0.031 -0.031
 0.588  1.406  0.297  0.065 -0.010 -0.031 -0.031
 0.590  1.406  0.297  0.066 -0.010 -0.029 -0.029
 0.592  1.406  0.297  0.067 -0.010 -0.029 -0.029
 0.594  1.407  0.297  0.067 -0.010 -0.028 -0.028
 0.596  1.407  0.297  0.068 -0.010 -0.028 -0.028
 0.598  1.407  0.297  0.069 -0.010 -0.027 -0.027
 0.600  1.408  0.297  0.069 -0.010 -0.026 -0.026
 0.602  1.408  0.297  0.070 -0.010 -0.025 -0.025
 0.604  1.408  0.297  0.070 -0.010 -0.025 -0.025
 0.606  1.410  0.297  0.070 -0.010 -0.024 -0.024
 0.608  1.410  0.297  0.071 -0.010 -0.023 -0.023
 0.610  1.410  0.297  0.071 -0.010 -0.023 -0.023
 0.612  1.410  0.298  0.072 -0.009 -0.022 -0.022
 0.614  1.411  0.298  0.072 -0.009 -0.021 -0.021
 0.616  1.411  0.298  0.073 -0.009 -0.020 -0.020
 0.618  1.411  0.298  0.073 -0.009 -0.020 -0.020
 0.620  1.411  0.298  0.074 -0.008 -0.019 -0.019
 0.622  1.411  0.298  0.074 -0.008 -0.018 -0.018
 0.624  1.411  0.298  0.074 -0.008 -0.018 -0.018
 0.626  1.412  0.299  0.075 -0.008 -0.017 -0.017
 0.628  1.412  0.299  0.075 -0.008 -0.016 -0.016
 0.630  1.412  0.299  0.075 -0.007 -0.015 -0.015
 0.632  1.412  0.299  0.076 -0.007 -0.015 -0.015
 0.634  1.412  0.300  0.076 -0.006 -0.014 -0.014
 0.636  1.412  0.300  0.076 -0.006 -0.014 -0.014
 0.638  1.412  0.300  0.076 -0.005 -0.013 -0.013
 0.640  1.412  0.300  0.076 -0.005 -0.012 -0.012
 0.642  1.412  0.302  0.076 -0.005 -0.012 -0.012
 0.644  1.412  0.302  0.076 -0.004 -0.011 -0.011
 0.646  1.412  0.302  0.076 -0.004 -0.011 -0.011
 0.648  1.412  0.303  0.076 -0.003 -0.010 -0.010
 0.650  1.412  0.303  0.076 -0.003 -0.009 -0.009
 0.652  1.412  0.303  0.076 -0.002 -0.008 -0.008
 0.654  1.412  0.303  0.076 -0.002 -0.008 -0.008
 0.656  1.411  0.304  0.076 -0.001 -0.008 -0.008
 0.658  1.411  0.304  0.076 -0.001 -0.007 -0.007
 0.660  1.411  0.304  0.076  0.000 -0.006 -0.006
 0.662  1.411  0.304  0.076  0.000 -0.006 -0.006
 0.664  1.411  0.304  0.076  0.001 -0.005 -0.005
 0.666  1.411  0.304  0.076  0.002 -0.005 -0.005
 0.668  1.410  0.304  0.076  0.002 -0.004 -0.004
 0.670  1.410  0.304  0.076  0.002 -0.003 -0.003
 0.672  1.410  0.304  0.076  0.003 -0.003 -0.003
 0.674  1.410  0.304  0.076  0.003 -0.003 -0.003
 0.676  1.408  0.304  0.075  0.003 -0.002 -0.002
 0.678  1.408  0.303  0.075  0.004 -0.002 -0.002
 0.680  1.408  0.303  0.075  0.004 -0.001 -0.001
 0.682  1.407  0.303  0.074  0.004 -0.001 -0.001
 0.684  1.407  0.303  0.074  0.004 -0.000 -0.000
 0.686  1.407  0.302  0.073  0.004  0.000  0.000
 0.688  1.406  0.302  0.073  0.004  0.000  0.000
 0.690  1.406  0.300  0.072  0.004  0.001  0.001
 0.692  1.406  0.300  0.072  0.004  0.001  0.001
 0.694  1.405  0.299  0.071  0.004  0.001  0.001
 0.696  1.405  0.299  0.071  0.004  0.001  0.001
 0.698  1.405  0.298  0.070  0.004  0.002  0.002
 0.700  1.404  0.298  0.070  0.004  0.003  0.003
 0.702  1.404  0.297  0.070  0.004  0.003  0.003
 0.704  1.403  0.296  0.069  0.004  0.003  0.003
 0.706  1.403  0.296  0.069  0.004  0.003  0.003
 0.708  1.401  0.295  0.068  0.004  0.003  0.003
 0.710  1.401  0.293  0.067  0.003  0.004  0.004
 0.712  1.400  0.292  0.066  0.003  0.004  0.004
 0.714  1.399  0.291  0.065  0.002  0.004  0.004
 0.716  1.399  0.291  0.065  0.002  0.004  0.004
 0.718  1.398  0.290  0.064  0.002  0.004  0.004
 0.720  1.398  0.289  0.064  0.001  0.005  0.005
 0.722  1.397  0.287  0.063  0.000  0.006  0.006
 0.724  1.397  0.286  0.062 -0.001  0.006  0.006
 0.726  1.397  0.285  0.061 -0.001  0.006  0.006
 0.728  1.397  0.285  0.061 -0.001  0.007  0.007
 0.730  1.397  0.284  0.061 -0.002  0.007  0.007
 0.732  1.397  0.284  0.061 -0.002  0.008  0.008
 0.734  1.397  0.283  0.061 -0.003  0.009  0.009
 0.736  1.398  0.283  0.061 -0.003  0.010  0.010
 0.738  1.399  0.283  0.062 -0.003  0.011  0.011
 0.740  1.400  0.283  0.062 -0.003  0.012  0.012
 0.742  1.401  0.283  0.063 -0.003  0.013  0.013
 0.744  1.404  0.283  0.064 -0.003  0.014  0.014
 0.746  1.405  0.284  0.065 -0.002  0.016  0.016
 0.748  1.407  0.284  0.066 -0.002  0.017  0.017
 0.750  1.408  0.285  0.067 -0.001  0.018  0.018
 0.752  1.411  0.285  0.069  0.000  0.020  0.020
 0.754  1.413  0.286  0.070  0.001  0.021  0.021
 0.756  1.417  0.287  0.071  0.002  0.023  0.023
 0.758  1.419  0.287  0.073  0.004  0.025  0.025
 0.760  1.421  0.289  0.076  0.006  0.027  0.027
 0.762  1.425  0.290  0.077  0.008  0.028  0.028
 0.764  1.428  0.292  0.080  0.010  0.030  0.030
 0.766  1.432  0.293  0.081  0.012  0.032  0.032
 0.768  1.435  0.295  0.084  0.014  0.034  0.034
 0.770  1.440  0.297  0.087  0.016  0.036  0.036
 0.772  1.444  0.299  0.090  0.019  0.039  0.039
 0.774  1.449  0.300  0.093  0.022  0.041  0.041
 0.776  1.454  0.303  0.096  0.024  0.044  0.044
 0.778  1.459  0.305  0.100  0.027  0.046  0.046
 0.780  1.464  0.307  0.103  0.031  0.049  0.049
 0.782  1.470  0.311  0.107  0.034  0.051  0.051
 0.784  1.474  0.313  0.110  0.038  0.054  0.054
 0.786  1.480  0.316  0.114  0.041  0.057  0.057
 0.788  1.486  0.319  0.118  0.045  0.060  0.060
 0.790  1.492  0.322  0.122  0.049  0.062  0.062
 0.792  1.498  0.324  0.126  0.054  0.065  0.065
 0.794  1.502  0.327  0.130  0.058  0.068  0.068
 0.796  1.508  0.330  0.134  0.063  0.070  0.070
 0.798  1.513  0.333  0.137  0.067  0.072  0.072
 0.800  1.517  0.336  0.142  0.072  0.075  0.075
 0.802  1.522  0.338  0.145  0.076  0.078  0.078
 0.804  1.527  0.342  0.148  0.081  0.080  0.080
 0.806  1.531  0.344  0.153  0.085  0.083  0.083
 0.808  1.535  0.346  0.156  0.090  0.084  0.084
 0.810  1.537  0.350  0.159  0.094  0.087  0.087
 0.812  1.540  0.352  0.162  0.097  0.089  0.089
 0.814  1.543  0.355  0.164  0.101  0.091  0.091
 0.816  1.544  0.357  0.167  0.104  0.093  0.093
 0.818  1.545  0.359  0.170  0.107  0.095  0.095
 0.820  1.546  0.362  0.172  0.110  0.097  0.097
 0.822  1.546  0.364  0.175  0.112  0.098  0.098
 0.824  1.546  0.365  0.176  0.113  0.100  0.100
 0.826  1.545  0.367  0.178  0.115  0.102  0.102
 0.828  1.545  0.370  0.180  0.117  0.103  0.103
 0.830  1.544  0.371  0.181  0.117  0.105  0.105
 0.832  1.542  0.373  0.183  0.118  0.106  0.106
 0.834  1.539  0.375  0.184  0.119  0.107  0.107
 0.836  1.537  0.376  0.185  0.119  0.109  0.109
 0.838  1.535  0.377  0.186  0.119  0.110  0.110
 0.840  1.531  0.378  0.186  0.118  0.112  0.112
 0.842  1.528  0.379  0.187  0.117  0.112  0.112
 0.844  1.524  0.382  0.188  0.117  0.113  0.113
 0.846  1.520  0.383  0.189  0.115  0.115  0.115
 0.848  1.515  0.384  0.189  0.114  0.115  0.115
 0.850  1.510  0.385  0.189  0.112  0.116  0.116
 0.852  1.505  0.386  0.190  0.110  0.117  0.117
 0.854  1.499  0.389  0.190  0.107  0.118  0.118
 0.856  1.493  0.390  0.190  0.104  0.119  0.119
 0.858  1.486  0.391  0.190  0.101  0.119  0.119
 0.860  1.479  0.392  0.189  0.098  0.119  0.119
 0.862  1.472  0.392  0.188  0.094  0.119  0.119
 0.864  1.464  0.392  0.187  0.090  0.119  0.119
 0.866  1.456  0.391  0.186  0.086  0.118  0.118
 0.868  1.447  0.390  0.183  0.081  0.117  0.117
 0.870  1.437  0.387  0.181  0.077  0.115  0.115
 0.872  1.427  0.384  0.177  0.072  0.113  0.113
 0.874  1.417  0.379  0.173  0.066  0.110  0.110
 0.876  1.405  0.375  0.169  0.060  0.106  0.106
 0.878  1.393  0.367  0.163  0.055  0.102  0.102
 0.880  1.381  0.360  0.157  0.049  0.097  0.097
 0.882  1.368  0.351  0.150  0.042  0.092  0.092
 0.884  1.354  0.342  0.142  0.035  0.086  0.086
 0.886  1.340  0.331  0.135  0.027  0.080  0.080
 0.888  1.326  0.320  0.126  0.020  0.074  0.074
 0.890  1.311  0.307  0.117  0.012  0.066  0.066
 0.892  1.295  0.295  0.107  0.004  0.059  0.059
 0.894  1.280  0.280  0.097 -0.005  0.051  0.051
 0.896  1.263  0.265  0.086 -0.014  0.043  0.043
 0.898  1.246  0.250  0.074 -0.023  0.034  0.034
 0.900  1.229  0.232  0.062 -0.034  0.025  0.025
 0.902  1.210  0.214  0.048 -0.044  0.015  0.015
 0.904  1.192  0.196  0.035 -0.054  0.005  0.005
 0.906  1.172  0.176  0.020 -0.064 -0.006 -0.006
 0.908  1.153  0.154  0.005 -0.075 -0.017 -0.017
 0.910  1.132  0.131 -0.011 -0.087 -0.029 -0.029
 0.912  1.111  0.107 -0.027 -0.098 -0.042 -0.042
 0.914  1.089  0.083 -0.045 -0.110 -0.056 -0.056
 0.916  1.066  0.057 -0.063 -0.123 -0.070 -0.070
 0.918  1.043  0.030 -0.082 -0.134 -0.085 -0.085
 0.920  1.018  0.001 -0.102 -0.148 -0.100 -0.100
 0.922  0.994 -0.028 -0.122 -0.161 -0.115 -0.115
 0.924  0.970 -0.057 -0.142 -0.174 -0.131 -0.131
 0.926  0.944 -0.088 -0.163 -0.188 -0.147 -0.147
 0.928  0.919 -0.119 -0.185 -0.202 -0.163 -0.163
 0.930  0.893 -0.150 -0.207 -0.217 -0.179 -0.179
 0.932  0.868 -0.182 -0.229 -0.232 -0.196 -0.196
 0.934  0.841 -0.215 -0.252 -0.247 -0.211 -0.211
 0.936  0.816 -0.247 -0.274 -0.264 -0.227 -0.227
 0.938  0.790 -0.280 -0.297 -0.280 -0.243 -0.243
 0.940  0.765 -0.312 -0.320 -0.297 -0.258 -0.258
 0.942  0.739 -0.343 -0.342 -0.313 -0.274 -0.274
 0.944  0.715 -0.374 -0.363 -0.330 -0.288 -0.288
 0.946  0.691 -0.405 -0.385 -0.346 -0.303 -0.303
 0.948  0.668 -0.434 -0.406 -0.362 -0.317 -0.317
 0.950  0.646 -0.461 -0.425 -0.378 -0.330 -0.330
 0.952  0.624 -0.488 -0.444 -0.392 -0.342 -0.342
 0.954  0.604 -0.514 -0.462 -0.407 -0.354 -0.354
 0.956  0.585 -0.538 -0.478 -0.421 -0.365 -0.365
 0.958  0.567 -0.560 -0.495 -0.435 -0.376 -0.376
 0.960  0.551 -0.581 -0.509 -0.447 -0.386 -0.386
 0.962  0.534 -0.601 -0.523 -0.460 -0.395 -0.395
 0.964  0.519 -0.620 -0.537 -0.471 -0.404 -0.404
 0.966  0.505 -0.638 -0.550 -0.482 -0.413 -0.413
 0.968  0.492 -0.654 -0.561 -0.492 -0.421 -0.421
 0.970  0.479 -0.669 -0.572 -0.503 -0.429 -0.429
 0.972  0.467 -0.685 -0.583 -0.512 -0.435 -0.435
 0.974  0.457 -0.699 -0.593 -0.520 -0.442 -0.442
 0.976  0.446 -0.712 -0.602 -0.528 -0.448 -0.448
 0.978  0.436 -0.723 -0.611 -0.535 -0.454 -0.454
 0.980  0.428 -0.735 -0.620 -0.542 -0.459 -0.459
 0.982  0.420 -0.745 -0.627 -0.548 -0.464 -0.464
 0.984  0.412 -0.754 -0.633 -0.554 -0.468 -0.468
 0.986  0.406 -0.762 -0.639 -0.559 -0.472 -0.472
 0.988  0.400 -0.769 -0.644 -0.563 -0.475 -0.475
 0.990  0.395 -0.775 -0.649 -0.566 -0.478 -0.478
 0.992  0.393 -0.779 -0.652 -0.569 -0.480 -0.480
 0.994  0.391 -0.782 -0.655 -0.571 -0.482 -0.482
 0.996  0.389 -0.783 -0.656 -0.573 -0.482 -0.482
 0.998  0.389 -0.785 -0.657 -0.574 -0.483 -0.483
