# IsPeriodic    : True
# Period        : 0.615069 days
# Normalization : <g_mag>=0
# 
# Phase u_mag  g_mag  r_mag  i_mag  z_mag  y_mag
 0.000  0.648 -0.560 -0.563 -0.509 -0.497 -0.497
 0.002  0.649 -0.560 -0.563 -0.509 -0.497 -0.497
 0.004  0.649 -0.559 -0.563 -0.508 -0.497 -0.497
 0.006  0.650 -0.559 -0.562 -0.508 -0.496 -0.496
 0.008  0.651 -0.558 -0.562 -0.507 -0.496 -0.496
 0.010  0.651 -0.557 -0.561 -0.507 -0.495 -0.495
 0.012  0.653 -0.556 -0.560 -0.507 -0.494 -0.494
 0.014  0.654 -0.554 -0.560 -0.506 -0.493 -0.493
 0.016  0.655 -0.553 -0.558 -0.505 -0.492 -0.492
 0.018  0.657 -0.552 -0.557 -0.505 -0.491 -0.491
 0.020  0.658 -0.550 -0.556 -0.504 -0.490 -0.490
 0.022  0.660 -0.547 -0.554 -0.503 -0.488 -0.488
 0.024  0.662 -0.545 -0.552 -0.502 -0.486 -0.486
 0.026  0.663 -0.543 -0.551 -0.501 -0.484 -0.484
 0.028  0.666 -0.540 -0.549 -0.500 -0.482 -0.482
 0.030  0.667 -0.536 -0.546 -0.498 -0.480 -0.480
 0.032  0.670 -0.534 -0.545 -0.497 -0.478 -0.478
 0.034  0.672 -0.530 -0.542 -0.495 -0.475 -0.475
 0.036  0.673 -0.527 -0.539 -0.494 -0.472 -0.472
 0.038  0.676 -0.522 -0.536 -0.492 -0.470 -0.470
 0.040  0.678 -0.518 -0.533 -0.490 -0.467 -0.467
 0.042  0.680 -0.514 -0.530 -0.488 -0.465 -0.465
 0.044  0.682 -0.509 -0.527 -0.486 -0.462 -0.462
 0.046  0.685 -0.505 -0.524 -0.484 -0.460 -0.460
 0.048  0.688 -0.499 -0.520 -0.482 -0.457 -0.457
 0.050  0.690 -0.494 -0.516 -0.480 -0.455 -0.455
 0.052  0.693 -0.488 -0.512 -0.477 -0.453 -0.453
 0.054  0.696 -0.483 -0.509 -0.474 -0.451 -0.451
 0.056  0.699 -0.476 -0.505 -0.472 -0.449 -0.449
 0.058  0.702 -0.471 -0.501 -0.470 -0.447 -0.447
 0.060  0.705 -0.465 -0.497 -0.467 -0.444 -0.444
 0.062  0.708 -0.459 -0.493 -0.465 -0.442 -0.442
 0.064  0.711 -0.453 -0.489 -0.462 -0.441 -0.441
 0.066  0.715 -0.446 -0.485 -0.460 -0.439 -0.439
 0.068  0.718 -0.440 -0.481 -0.457 -0.437 -0.437
 0.070  0.722 -0.434 -0.477 -0.455 -0.435 -0.435
 0.072  0.726 -0.429 -0.474 -0.452 -0.434 -0.434
 0.074  0.729 -0.423 -0.470 -0.450 -0.432 -0.432
 0.076  0.733 -0.416 -0.467 -0.448 -0.431 -0.431
 0.078  0.736 -0.411 -0.463 -0.445 -0.429 -0.429
 0.080  0.740 -0.405 -0.460 -0.443 -0.428 -0.428
 0.082  0.744 -0.400 -0.456 -0.441 -0.426 -0.426
 0.084  0.748 -0.394 -0.453 -0.439 -0.425 -0.425
 0.086  0.751 -0.388 -0.450 -0.437 -0.423 -0.423
 0.088  0.755 -0.383 -0.446 -0.434 -0.422 -0.422
 0.090  0.758 -0.378 -0.443 -0.432 -0.421 -0.421
 0.092  0.762 -0.372 -0.440 -0.430 -0.420 -0.420
 0.094  0.766 -0.368 -0.437 -0.428 -0.419 -0.419
 0.096  0.770 -0.362 -0.434 -0.426 -0.418 -0.418
 0.098  0.774 -0.357 -0.431 -0.424 -0.417 -0.417
 0.100  0.777 -0.352 -0.428 -0.422 -0.417 -0.417
 0.102  0.780 -0.347 -0.425 -0.421 -0.416 -0.416
 0.104  0.784 -0.343 -0.422 -0.419 -0.415 -0.415
 0.106  0.788 -0.338 -0.420 -0.417 -0.414 -0.414
 0.108  0.792 -0.333 -0.417 -0.415 -0.413 -0.413
 0.110  0.796 -0.329 -0.414 -0.413 -0.413 -0.413
 0.112  0.799 -0.325 -0.411 -0.412 -0.412 -0.412
 0.114  0.802 -0.320 -0.408 -0.410 -0.411 -0.411
 0.116  0.806 -0.316 -0.406 -0.408 -0.411 -0.411
 0.118  0.810 -0.311 -0.404 -0.407 -0.410 -0.410
 0.120  0.813 -0.307 -0.401 -0.405 -0.409 -0.409
 0.122  0.817 -0.302 -0.399 -0.404 -0.408 -0.408
 0.124  0.821 -0.298 -0.397 -0.402 -0.408 -0.408
 0.126  0.825 -0.294 -0.394 -0.401 -0.407 -0.407
 0.128  0.828 -0.290 -0.392 -0.399 -0.406 -0.406
 0.130  0.831 -0.287 -0.389 -0.398 -0.405 -0.405
 0.132  0.835 -0.282 -0.387 -0.396 -0.404 -0.404
 0.134  0.838 -0.279 -0.385 -0.395 -0.403 -0.403
 0.136  0.842 -0.275 -0.383 -0.393 -0.402 -0.402
 0.138  0.846 -0.272 -0.380 -0.392 -0.401 -0.401
 0.140  0.850 -0.267 -0.378 -0.391 -0.400 -0.400
 0.142  0.853 -0.264 -0.376 -0.389 -0.399 -0.399
 0.144  0.856 -0.260 -0.374 -0.388 -0.398 -0.398
 0.146  0.860 -0.256 -0.372 -0.386 -0.396 -0.396
 0.148  0.863 -0.253 -0.369 -0.385 -0.395 -0.395
 0.150  0.867 -0.249 -0.367 -0.384 -0.394 -0.394
 0.152  0.870 -0.245 -0.365 -0.382 -0.393 -0.393
 0.154  0.874 -0.241 -0.363 -0.380 -0.391 -0.391
 0.156  0.878 -0.238 -0.361 -0.379 -0.390 -0.390
 0.158  0.881 -0.234 -0.358 -0.378 -0.389 -0.389
 0.160  0.885 -0.231 -0.356 -0.376 -0.388 -0.388
 0.162  0.888 -0.227 -0.354 -0.375 -0.386 -0.386
 0.164  0.891 -0.224 -0.352 -0.373 -0.385 -0.385
 0.166  0.894 -0.220 -0.350 -0.372 -0.383 -0.383
 0.168  0.898 -0.217 -0.348 -0.371 -0.382 -0.382
 0.170  0.901 -0.213 -0.346 -0.369 -0.381 -0.381
 0.172  0.905 -0.210 -0.344 -0.368 -0.379 -0.379
 0.174  0.908 -0.206 -0.341 -0.366 -0.377 -0.377
 0.176  0.912 -0.203 -0.339 -0.365 -0.376 -0.376
 0.178  0.915 -0.199 -0.337 -0.364 -0.374 -0.374
 0.180  0.918 -0.196 -0.335 -0.362 -0.372 -0.372
 0.182  0.922 -0.193 -0.333 -0.361 -0.371 -0.371
 0.184  0.925 -0.189 -0.331 -0.359 -0.370 -0.370
 0.186  0.929 -0.186 -0.329 -0.358 -0.368 -0.368
 0.188  0.932 -0.182 -0.327 -0.357 -0.366 -0.366
 0.190  0.935 -0.179 -0.325 -0.355 -0.365 -0.365
 0.192  0.938 -0.176 -0.323 -0.354 -0.363 -0.363
 0.194  0.942 -0.173 -0.321 -0.352 -0.362 -0.362
 0.196  0.945 -0.169 -0.319 -0.351 -0.361 -0.361
 0.198  0.948 -0.166 -0.317 -0.350 -0.359 -0.359
 0.200  0.951 -0.163 -0.315 -0.348 -0.357 -0.357
 0.202  0.954 -0.159 -0.313 -0.347 -0.356 -0.356
 0.204  0.957 -0.157 -0.311 -0.346 -0.355 -0.355
 0.206  0.961 -0.153 -0.308 -0.344 -0.353 -0.353
 0.208  0.964 -0.150 -0.306 -0.343 -0.352 -0.352
 0.210  0.967 -0.147 -0.304 -0.341 -0.350 -0.350
 0.212  0.970 -0.143 -0.302 -0.340 -0.349 -0.349
 0.214  0.973 -0.141 -0.300 -0.339 -0.348 -0.348
 0.216  0.976 -0.137 -0.298 -0.337 -0.347 -0.347
 0.218  0.979 -0.134 -0.296 -0.336 -0.345 -0.345
 0.220  0.983 -0.131 -0.295 -0.335 -0.344 -0.344
 0.222  0.986 -0.128 -0.293 -0.333 -0.343 -0.343
 0.224  0.989 -0.125 -0.291 -0.332 -0.341 -0.341
 0.226  0.992 -0.121 -0.288 -0.331 -0.340 -0.340
 0.228  0.995 -0.119 -0.286 -0.329 -0.339 -0.339
 0.230  0.998 -0.115 -0.284 -0.328 -0.338 -0.338
 0.232  1.001 -0.113 -0.282 -0.327 -0.337 -0.337
 0.234  1.004 -0.109 -0.280 -0.325 -0.336 -0.336
 0.236  1.007 -0.106 -0.278 -0.324 -0.335 -0.335
 0.238  1.009 -0.103 -0.276 -0.323 -0.333 -0.333
 0.240  1.012 -0.100 -0.274 -0.321 -0.332 -0.332
 0.242  1.015 -0.098 -0.272 -0.320 -0.331 -0.331
 0.244  1.018 -0.094 -0.270 -0.319 -0.330 -0.330
 0.246  1.021 -0.091 -0.268 -0.317 -0.330 -0.330
 0.248  1.024 -0.088 -0.266 -0.316 -0.328 -0.328
 0.250  1.027 -0.085 -0.264 -0.315 -0.327 -0.327
 0.252  1.030 -0.082 -0.261 -0.314 -0.326 -0.326
 0.254  1.032 -0.079 -0.259 -0.312 -0.325 -0.325
 0.256  1.035 -0.076 -0.257 -0.311 -0.324 -0.324
 0.258  1.038 -0.073 -0.255 -0.310 -0.323 -0.323
 0.260  1.040 -0.070 -0.253 -0.308 -0.322 -0.322
 0.262  1.043 -0.067 -0.251 -0.307 -0.321 -0.321
 0.264  1.046 -0.064 -0.249 -0.306 -0.320 -0.320
 0.266  1.049 -0.061 -0.247 -0.305 -0.319 -0.319
 0.268  1.052 -0.059 -0.245 -0.303 -0.318 -0.318
 0.270  1.054 -0.055 -0.243 -0.302 -0.317 -0.317
 0.272  1.056 -0.052 -0.240 -0.301 -0.316 -0.316
 0.274  1.059 -0.050 -0.238 -0.300 -0.315 -0.315
 0.276  1.062 -0.047 -0.236 -0.298 -0.314 -0.314
 0.278  1.065 -0.044 -0.234 -0.297 -0.313 -0.313
 0.280  1.067 -0.041 -0.232 -0.296 -0.312 -0.312
 0.282  1.069 -0.038 -0.230 -0.294 -0.311 -0.311
 0.284  1.072 -0.036 -0.228 -0.293 -0.310 -0.310
 0.286  1.074 -0.032 -0.226 -0.292 -0.309 -0.309
 0.288  1.077 -0.029 -0.225 -0.291 -0.308 -0.308
 0.290  1.080 -0.027 -0.223 -0.289 -0.306 -0.306
 0.292  1.082 -0.024 -0.221 -0.288 -0.305 -0.305
 0.294  1.084 -0.022 -0.219 -0.286 -0.304 -0.304
 0.296  1.087 -0.019 -0.217 -0.285 -0.303 -0.303
 0.298  1.090 -0.016 -0.215 -0.284 -0.302 -0.302
 0.300  1.092 -0.013 -0.213 -0.282 -0.300 -0.300
 0.302  1.094 -0.010 -0.211 -0.281 -0.300 -0.300
 0.304  1.096 -0.007 -0.209 -0.280 -0.298 -0.298
 0.306  1.099 -0.005 -0.207 -0.279 -0.297 -0.297
 0.308  1.102 -0.002 -0.205 -0.277 -0.296 -0.296
 0.310  1.104  0.001 -0.203 -0.276 -0.295 -0.295
 0.312  1.106  0.003 -0.202 -0.275 -0.294 -0.294
 0.314  1.109  0.006 -0.200 -0.273 -0.292 -0.292
 0.316  1.112  0.008 -0.198 -0.272 -0.291 -0.291
 0.318  1.114  0.011 -0.196 -0.271 -0.290 -0.290
 0.320  1.116  0.013 -0.194 -0.269 -0.289 -0.289
 0.322  1.119  0.016 -0.192 -0.268 -0.288 -0.288
 0.324  1.121  0.018 -0.190 -0.267 -0.286 -0.286
 0.326  1.124  0.021 -0.189 -0.265 -0.285 -0.285
 0.328  1.126  0.024 -0.187 -0.264 -0.284 -0.284
 0.330  1.128  0.026 -0.185 -0.263 -0.283 -0.283
 0.332  1.131  0.029 -0.183 -0.261 -0.281 -0.281
 0.334  1.133  0.031 -0.182 -0.260 -0.280 -0.280
 0.336  1.135  0.033 -0.180 -0.259 -0.279 -0.279
 0.338  1.138  0.036 -0.179 -0.258 -0.278 -0.278
 0.340  1.141  0.039 -0.177 -0.256 -0.277 -0.277
 0.342  1.143  0.040 -0.175 -0.255 -0.275 -0.275
 0.344  1.145  0.043 -0.173 -0.254 -0.274 -0.274
 0.346  1.147  0.046 -0.172 -0.252 -0.273 -0.273
 0.348  1.150  0.048 -0.170 -0.251 -0.272 -0.272
 0.350  1.153  0.050 -0.168 -0.250 -0.270 -0.270
 0.352  1.155  0.053 -0.167 -0.248 -0.270 -0.270
 0.354  1.157  0.055 -0.165 -0.247 -0.268 -0.268
 0.356  1.160  0.058 -0.163 -0.245 -0.267 -0.267
 0.358  1.162  0.060 -0.162 -0.244 -0.266 -0.266
 0.360  1.164  0.062 -0.160 -0.243 -0.265 -0.265
 0.362  1.166  0.065 -0.158 -0.241 -0.263 -0.263
 0.364  1.169  0.068 -0.156 -0.240 -0.262 -0.262
 0.366  1.172  0.069 -0.155 -0.239 -0.261 -0.261
 0.368  1.174  0.072 -0.153 -0.237 -0.260 -0.260
 0.370  1.176  0.075 -0.151 -0.236 -0.259 -0.259
 0.372  1.179  0.077 -0.150 -0.235 -0.258 -0.258
 0.374  1.181  0.079 -0.148 -0.233 -0.257 -0.257
 0.376  1.182  0.082 -0.146 -0.232 -0.255 -0.255
 0.378  1.185  0.084 -0.145 -0.231 -0.254 -0.254
 0.380  1.187  0.087 -0.143 -0.229 -0.253 -0.253
 0.382  1.189  0.090 -0.141 -0.228 -0.252 -0.252
 0.384  1.191  0.092 -0.139 -0.226 -0.251 -0.251
 0.386  1.193  0.094 -0.137 -0.225 -0.249 -0.249
 0.388  1.195  0.097 -0.136 -0.224 -0.249 -0.249
 0.390  1.198  0.099 -0.134 -0.222 -0.248 -0.248
 0.392  1.199  0.102 -0.132 -0.221 -0.246 -0.246
 0.394  1.201  0.105 -0.131 -0.220 -0.245 -0.245
 0.396  1.203  0.107 -0.129 -0.218 -0.244 -0.244
 0.398  1.205  0.110 -0.127 -0.217 -0.243 -0.243
 0.400  1.207  0.113 -0.126 -0.215 -0.242 -0.242
 0.402  1.209  0.114 -0.124 -0.214 -0.241 -0.241
 0.404  1.210  0.117 -0.122 -0.213 -0.239 -0.239
 0.406  1.213  0.120 -0.120 -0.211 -0.239 -0.239
 0.408  1.214  0.122 -0.119 -0.210 -0.238 -0.238
 0.410  1.216  0.125 -0.117 -0.209 -0.236 -0.236
 0.412  1.217  0.128 -0.115 -0.207 -0.235 -0.235
 0.414  1.220  0.130 -0.113 -0.206 -0.234 -0.234
 0.416  1.221  0.133 -0.111 -0.204 -0.233 -0.233
 0.418  1.223  0.136 -0.110 -0.203 -0.232 -0.232
 0.420  1.224  0.138 -0.108 -0.202 -0.231 -0.231
 0.422  1.226  0.140 -0.107 -0.200 -0.230 -0.230
 0.424  1.227  0.143 -0.105 -0.199 -0.229 -0.229
 0.426  1.229  0.145 -0.103 -0.198 -0.228 -0.228
 0.428  1.230  0.148 -0.101 -0.196 -0.227 -0.227
 0.430  1.232  0.150 -0.100 -0.195 -0.226 -0.226
 0.432  1.233  0.152 -0.098 -0.193 -0.225 -0.225
 0.434  1.235  0.154 -0.097 -0.192 -0.224 -0.224
 0.436  1.236  0.157 -0.095 -0.191 -0.222 -0.222
 0.438  1.238  0.159 -0.094 -0.190 -0.221 -0.221
 0.440  1.239  0.160 -0.092 -0.188 -0.220 -0.220
 0.442  1.241  0.163 -0.090 -0.187 -0.219 -0.219
 0.444  1.242  0.165 -0.089 -0.186 -0.219 -0.219
 0.446  1.244  0.167 -0.087 -0.185 -0.218 -0.218
 0.448  1.245  0.168 -0.086 -0.184 -0.216 -0.216
 0.450  1.247  0.170 -0.084 -0.183 -0.215 -0.215
 0.452  1.248  0.172 -0.083 -0.182 -0.214 -0.214
 0.454  1.250  0.174 -0.081 -0.181 -0.213 -0.213
 0.456  1.251  0.175 -0.080 -0.179 -0.212 -0.212
 0.458  1.253  0.177 -0.079 -0.178 -0.211 -0.211
 0.460  1.255  0.179 -0.077 -0.177 -0.210 -0.210
 0.462  1.256  0.180 -0.075 -0.176 -0.209 -0.209
 0.464  1.258  0.182 -0.074 -0.175 -0.209 -0.209
 0.466  1.259  0.183 -0.073 -0.174 -0.208 -0.208
 0.468  1.261  0.184 -0.071 -0.173 -0.207 -0.207
 0.470  1.263  0.186 -0.070 -0.172 -0.206 -0.206
 0.472  1.264  0.187 -0.069 -0.171 -0.205 -0.205
 0.474  1.266  0.188 -0.067 -0.171 -0.204 -0.204
 0.476  1.267  0.190 -0.066 -0.170 -0.203 -0.203
 0.478  1.269  0.190 -0.064 -0.169 -0.202 -0.202
 0.480  1.271  0.191 -0.063 -0.168 -0.201 -0.201
 0.482  1.273  0.192 -0.062 -0.167 -0.200 -0.200
 0.484  1.274  0.193 -0.060 -0.166 -0.199 -0.199
 0.486  1.276  0.194 -0.059 -0.165 -0.198 -0.198
 0.488  1.278  0.195 -0.058 -0.164 -0.198 -0.198
 0.490  1.280  0.196 -0.057 -0.164 -0.197 -0.197
 0.492  1.281  0.197 -0.056 -0.163 -0.196 -0.196
 0.494  1.283  0.198 -0.054 -0.162 -0.195 -0.195
 0.496  1.285  0.198 -0.054 -0.161 -0.194 -0.194
 0.498  1.287  0.199 -0.052 -0.160 -0.193 -0.193
 0.500  1.289  0.200 -0.051 -0.160 -0.192 -0.192
 0.502  1.291  0.201 -0.050 -0.159 -0.191 -0.191
 0.504  1.292  0.202 -0.049 -0.158 -0.190 -0.190
 0.506  1.294  0.203 -0.048 -0.157 -0.189 -0.189
 0.508  1.296  0.203 -0.047 -0.157 -0.189 -0.189
 0.510  1.298  0.204 -0.047 -0.156 -0.188 -0.188
 0.512  1.299  0.205 -0.045 -0.155 -0.187 -0.187
 0.514  1.301  0.205 -0.045 -0.154 -0.187 -0.187
 0.516  1.302  0.206 -0.044 -0.153 -0.186 -0.186
 0.518  1.304  0.207 -0.043 -0.153 -0.185 -0.185
 0.520  1.305  0.208 -0.042 -0.152 -0.184 -0.184
 0.522  1.307  0.208 -0.041 -0.151 -0.183 -0.183
 0.524  1.308  0.209 -0.041 -0.151 -0.183 -0.183
 0.526  1.309  0.210 -0.040 -0.150 -0.182 -0.182
 0.528  1.310  0.211 -0.039 -0.149 -0.181 -0.181
 0.530  1.311  0.212 -0.039 -0.148 -0.180 -0.180
 0.532  1.312  0.212 -0.038 -0.148 -0.180 -0.180
 0.534  1.314  0.213 -0.037 -0.147 -0.179 -0.179
 0.536  1.315  0.213 -0.037 -0.146 -0.179 -0.179
 0.538  1.315  0.214 -0.037 -0.145 -0.178 -0.178
 0.540  1.316  0.215 -0.036 -0.145 -0.177 -0.177
 0.542  1.317  0.215 -0.035 -0.144 -0.176 -0.176
 0.544  1.318  0.216 -0.035 -0.143 -0.176 -0.176
 0.546  1.318  0.217 -0.035 -0.143 -0.175 -0.175
 0.548  1.318  0.218 -0.034 -0.142 -0.174 -0.174
 0.550  1.319  0.218 -0.034 -0.141 -0.173 -0.173
 0.552  1.319  0.219 -0.033 -0.141 -0.173 -0.173
 0.554  1.320  0.220 -0.033 -0.140 -0.172 -0.172
 0.556  1.320  0.220 -0.033 -0.139 -0.171 -0.171
 0.558  1.321  0.220 -0.033 -0.139 -0.171 -0.171
 0.560  1.321  0.221 -0.033 -0.138 -0.170 -0.170
 0.562  1.321  0.222 -0.032 -0.137 -0.169 -0.169
 0.564  1.321  0.222 -0.032 -0.137 -0.169 -0.169
 0.566  1.321  0.223 -0.031 -0.136 -0.168 -0.168
 0.568  1.321  0.223 -0.031 -0.135 -0.168 -0.168
 0.570  1.321  0.224 -0.031 -0.135 -0.167 -0.167
 0.572  1.320  0.225 -0.031 -0.134 -0.167 -0.167
 0.574  1.320  0.225 -0.030 -0.134 -0.166 -0.166
 0.576  1.320  0.226 -0.030 -0.133 -0.165 -0.165
 0.578  1.319  0.226 -0.030 -0.133 -0.165 -0.165
 0.580  1.319  0.226 -0.030 -0.132 -0.164 -0.164
 0.582  1.319  0.227 -0.029 -0.131 -0.163 -0.163
 0.584  1.318  0.227 -0.029 -0.131 -0.163 -0.163
 0.586  1.318  0.228 -0.028 -0.130 -0.162 -0.162
 0.588  1.318  0.228 -0.028 -0.130 -0.162 -0.162
 0.590  1.318  0.228 -0.028 -0.129 -0.161 -0.161
 0.592  1.318  0.228 -0.028 -0.129 -0.160 -0.160
 0.594  1.318  0.228 -0.027 -0.128 -0.160 -0.160
 0.596  1.317  0.228 -0.027 -0.128 -0.159 -0.159
 0.598  1.317  0.228 -0.026 -0.127 -0.159 -0.159
 0.600  1.317  0.228 -0.026 -0.127 -0.158 -0.158
 0.602  1.317  0.229 -0.026 -0.126 -0.158 -0.158
 0.604  1.317  0.229 -0.026 -0.126 -0.157 -0.157
 0.606  1.317  0.229 -0.025 -0.125 -0.157 -0.157
 0.608  1.316  0.229 -0.024 -0.125 -0.156 -0.156
 0.610  1.316  0.229 -0.024 -0.124 -0.156 -0.156
 0.612  1.316  0.229 -0.024 -0.124 -0.155 -0.155
 0.614  1.316  0.229 -0.024 -0.124 -0.155 -0.155
 0.616  1.316  0.229 -0.023 -0.123 -0.154 -0.154
 0.618  1.316  0.229 -0.022 -0.123 -0.153 -0.153
 0.620  1.316  0.229 -0.022 -0.122 -0.153 -0.153
 0.622  1.316  0.229 -0.022 -0.122 -0.152 -0.152
 0.624  1.316  0.228 -0.021 -0.122 -0.152 -0.152
 0.626  1.316  0.228 -0.021 -0.121 -0.151 -0.151
 0.628  1.316  0.228 -0.020 -0.121 -0.151 -0.151
 0.630  1.316  0.228 -0.020 -0.121 -0.150 -0.150
 0.632  1.316  0.228 -0.020 -0.120 -0.149 -0.149
 0.634  1.316  0.228 -0.020 -0.120 -0.149 -0.149
 0.636  1.317  0.228 -0.020 -0.120 -0.148 -0.148
 0.638  1.317  0.228 -0.019 -0.119 -0.148 -0.148
 0.640  1.317  0.228 -0.019 -0.119 -0.148 -0.148
 0.642  1.317  0.227 -0.019 -0.119 -0.147 -0.147
 0.644  1.317  0.227 -0.019 -0.118 -0.146 -0.146
 0.646  1.318  0.227 -0.018 -0.118 -0.146 -0.146
 0.648  1.318  0.226 -0.018 -0.118 -0.145 -0.145
 0.650  1.318  0.226 -0.018 -0.118 -0.145 -0.145
 0.652  1.318  0.225 -0.018 -0.117 -0.144 -0.144
 0.654  1.318  0.225 -0.018 -0.117 -0.143 -0.143
 0.656  1.318  0.225 -0.018 -0.117 -0.143 -0.143
 0.658  1.319  0.224 -0.019 -0.117 -0.142 -0.142
 0.660  1.319  0.224 -0.019 -0.117 -0.142 -0.142
 0.662  1.319  0.223 -0.019 -0.116 -0.141 -0.141
 0.664  1.320  0.223 -0.019 -0.116 -0.140 -0.140
 0.666  1.320  0.223 -0.020 -0.116 -0.140 -0.140
 0.668  1.320  0.222 -0.020 -0.116 -0.139 -0.139
 0.670  1.321  0.222 -0.020 -0.116 -0.138 -0.138
 0.672  1.321  0.221 -0.020 -0.116 -0.138 -0.138
 0.674  1.321  0.221 -0.021 -0.115 -0.138 -0.138
 0.676  1.321  0.220 -0.021 -0.115 -0.137 -0.137
 0.678  1.321  0.220 -0.022 -0.115 -0.136 -0.136
 0.680  1.322  0.220 -0.022 -0.115 -0.136 -0.136
 0.682  1.322  0.220 -0.023 -0.115 -0.135 -0.135
 0.684  1.323  0.219 -0.023 -0.115 -0.135 -0.135
 0.686  1.323  0.219 -0.024 -0.115 -0.134 -0.134
 0.688  1.324  0.218 -0.024 -0.115 -0.133 -0.133
 0.690  1.324  0.217 -0.025 -0.115 -0.133 -0.133
 0.692  1.324  0.217 -0.026 -0.115 -0.132 -0.132
 0.694  1.324  0.216 -0.026 -0.115 -0.131 -0.131
 0.696  1.325  0.215 -0.027 -0.115 -0.131 -0.131
 0.698  1.326  0.215 -0.028 -0.115 -0.130 -0.130
 0.700  1.326  0.214 -0.028 -0.115 -0.129 -0.129
 0.702  1.327  0.213 -0.029 -0.115 -0.128 -0.128
 0.704  1.327  0.213 -0.030 -0.115 -0.128 -0.128
 0.706  1.327  0.213 -0.030 -0.115 -0.128 -0.128
 0.708  1.328  0.213 -0.030 -0.114 -0.127 -0.127
 0.710  1.328  0.212 -0.030 -0.114 -0.126 -0.126
 0.712  1.329  0.212 -0.030 -0.114 -0.125 -0.125
 0.714  1.329  0.212 -0.030 -0.113 -0.125 -0.125
 0.716  1.330  0.212 -0.030 -0.113 -0.124 -0.124
 0.718  1.330  0.212 -0.030 -0.112 -0.123 -0.123
 0.720  1.330  0.212 -0.030 -0.112 -0.122 -0.122
 0.722  1.331  0.212 -0.029 -0.111 -0.121 -0.121
 0.724  1.332  0.213 -0.029 -0.110 -0.121 -0.121
 0.726  1.333  0.213 -0.028 -0.110 -0.120 -0.120
 0.728  1.334  0.213 -0.027 -0.109 -0.119 -0.119
 0.730  1.334  0.213 -0.026 -0.108 -0.118 -0.118
 0.732  1.336  0.214 -0.026 -0.107 -0.118 -0.118
 0.734  1.337  0.215 -0.024 -0.106 -0.117 -0.117
 0.736  1.338  0.216 -0.024 -0.105 -0.116 -0.116
 0.738  1.339  0.217 -0.022 -0.104 -0.116 -0.116
 0.740  1.340  0.218 -0.021 -0.103 -0.115 -0.115
 0.742  1.342  0.219 -0.020 -0.101 -0.114 -0.114
 0.744  1.343  0.220 -0.018 -0.100 -0.113 -0.113
 0.746  1.345  0.221 -0.016 -0.098 -0.112 -0.112
 0.748  1.346  0.222 -0.015 -0.097 -0.111 -0.111
 0.750  1.348  0.224 -0.013 -0.095 -0.110 -0.110
 0.752  1.349  0.226 -0.011 -0.094 -0.109 -0.109
 0.754  1.351  0.228 -0.009 -0.092 -0.108 -0.108
 0.756  1.353  0.228 -0.007 -0.090 -0.108 -0.108
 0.758  1.354  0.231 -0.005 -0.088 -0.107 -0.107
 0.760  1.356  0.233 -0.002 -0.086 -0.105 -0.105
 0.762  1.358  0.235  0.001 -0.085 -0.104 -0.104
 0.764  1.360  0.236  0.003 -0.083 -0.103 -0.103
 0.766  1.362  0.239  0.005 -0.080 -0.101 -0.101
 0.768  1.365  0.241  0.008 -0.078 -0.100 -0.100
 0.770  1.367  0.243  0.010 -0.076 -0.098 -0.098
 0.772  1.369  0.245  0.013 -0.074 -0.097 -0.097
 0.774  1.372  0.248  0.016 -0.072 -0.095 -0.095
 0.776  1.375  0.251  0.018 -0.070 -0.093 -0.093
 0.778  1.378  0.252  0.021 -0.068 -0.092 -0.092
 0.780  1.381  0.255  0.023 -0.066 -0.089 -0.089
 0.782  1.384  0.258  0.026 -0.064 -0.088 -0.088
 0.784  1.386  0.259  0.029 -0.061 -0.086 -0.086
 0.786  1.389  0.262  0.031 -0.059 -0.083 -0.083
 0.788  1.391  0.265  0.034 -0.057 -0.081 -0.081
 0.790  1.394  0.267  0.037 -0.055 -0.079 -0.079
 0.792  1.397  0.269  0.039 -0.053 -0.077 -0.077
 0.794  1.399  0.272  0.041 -0.051 -0.074 -0.074
 0.796  1.401  0.274  0.044 -0.049 -0.072 -0.072
 0.798  1.403  0.276  0.046 -0.047 -0.069 -0.069
 0.800  1.404  0.279  0.048 -0.045 -0.067 -0.067
 0.802  1.406  0.281  0.051 -0.043 -0.064 -0.064
 0.804  1.406  0.283  0.053 -0.041 -0.061 -0.061
 0.806  1.407  0.285  0.055 -0.039 -0.058 -0.058
 0.808  1.408  0.288  0.058 -0.037 -0.056 -0.056
 0.810  1.408  0.289  0.059 -0.036 -0.052 -0.052
 0.812  1.408  0.291  0.061 -0.034 -0.049 -0.049
 0.814  1.407  0.293  0.064 -0.032 -0.046 -0.046
 0.816  1.406  0.295  0.066 -0.030 -0.042 -0.042
 0.818  1.404  0.296  0.068 -0.029 -0.039 -0.039
 0.820  1.403  0.298  0.070 -0.027 -0.036 -0.036
 0.822  1.400  0.300  0.072 -0.026 -0.033 -0.033
 0.824  1.398  0.302  0.074 -0.024 -0.029 -0.029
 0.826  1.395  0.304  0.076 -0.022 -0.027 -0.027
 0.828  1.392  0.305  0.078 -0.021 -0.025 -0.025
 0.830  1.389  0.308  0.080 -0.019 -0.023 -0.023
 0.832  1.385  0.310  0.082 -0.017 -0.021 -0.021
 0.834  1.381  0.312  0.084 -0.015 -0.021 -0.021
 0.836  1.377  0.314  0.086 -0.014 -0.020 -0.020
 0.838  1.372  0.316  0.088 -0.012 -0.020 -0.020
 0.840  1.367  0.319  0.089 -0.010 -0.021 -0.021
 0.842  1.362  0.320  0.090 -0.009 -0.022 -0.022
 0.844  1.356  0.321  0.091 -0.008 -0.024 -0.024
 0.846  1.350  0.322  0.092 -0.007 -0.026 -0.026
 0.848  1.344  0.323  0.092 -0.006 -0.028 -0.028
 0.850  1.338  0.323  0.091 -0.006 -0.031 -0.031
 0.852  1.331  0.322  0.090 -0.007 -0.034 -0.034
 0.854  1.324  0.321  0.088 -0.007 -0.037 -0.037
 0.856  1.316  0.319  0.085 -0.008 -0.041 -0.041
 0.858  1.308  0.316  0.082 -0.010 -0.046 -0.046
 0.860  1.300  0.312  0.078 -0.012 -0.051 -0.051
 0.862  1.292  0.309  0.073 -0.015 -0.056 -0.056
 0.864  1.283  0.304  0.068 -0.018 -0.062 -0.062
 0.866  1.274  0.298  0.063 -0.021 -0.068 -0.068
 0.868  1.265  0.292  0.057 -0.025 -0.075 -0.075
 0.870  1.256  0.285  0.050 -0.029 -0.082 -0.082
 0.872  1.246  0.277  0.043 -0.034 -0.090 -0.090
 0.874  1.237  0.269  0.036 -0.039 -0.098 -0.098
 0.876  1.227  0.259  0.028 -0.044 -0.108 -0.108
 0.878  1.217  0.250  0.020 -0.050 -0.117 -0.117
 0.880  1.207  0.239  0.010 -0.056 -0.127 -0.127
 0.882  1.197  0.228  0.001 -0.063 -0.137 -0.137
 0.884  1.187  0.215 -0.009 -0.070 -0.148 -0.148
 0.886  1.176  0.202 -0.020 -0.078 -0.158 -0.158
 0.888  1.166  0.189 -0.031 -0.086 -0.170 -0.170
 0.890  1.155  0.174 -0.044 -0.095 -0.181 -0.181
 0.892  1.144  0.159 -0.056 -0.105 -0.193 -0.193
 0.894  1.133  0.142 -0.070 -0.114 -0.205 -0.205
 0.896  1.122  0.125 -0.084 -0.125 -0.216 -0.216
 0.898  1.111  0.107 -0.100 -0.135 -0.228 -0.228
 0.900  1.100  0.089 -0.115 -0.147 -0.240 -0.240
 0.902  1.087  0.070 -0.131 -0.158 -0.251 -0.251
 0.904  1.076  0.050 -0.147 -0.170 -0.263 -0.263
 0.906  1.064  0.030 -0.164 -0.182 -0.274 -0.274
 0.908  1.052  0.008 -0.180 -0.195 -0.286 -0.286
 0.910  1.039 -0.014 -0.197 -0.208 -0.296 -0.296
 0.912  1.027 -0.036 -0.214 -0.221 -0.307 -0.307
 0.914  1.014 -0.059 -0.231 -0.234 -0.317 -0.317
 0.916  1.001 -0.082 -0.247 -0.248 -0.326 -0.326
 0.918  0.987 -0.105 -0.264 -0.261 -0.335 -0.335
 0.920  0.973 -0.128 -0.281 -0.275 -0.344 -0.344
 0.922  0.960 -0.151 -0.297 -0.288 -0.353 -0.353
 0.924  0.947 -0.174 -0.313 -0.301 -0.361 -0.361
 0.926  0.933 -0.197 -0.328 -0.314 -0.369 -0.369
 0.928  0.919 -0.219 -0.343 -0.327 -0.377 -0.377
 0.930  0.906 -0.241 -0.357 -0.339 -0.384 -0.384
 0.932  0.892 -0.262 -0.372 -0.350 -0.391 -0.391
 0.934  0.878 -0.281 -0.385 -0.361 -0.398 -0.398
 0.936  0.865 -0.300 -0.397 -0.371 -0.405 -0.405
 0.938  0.852 -0.318 -0.409 -0.381 -0.411 -0.411
 0.940  0.839 -0.335 -0.421 -0.391 -0.418 -0.418
 0.942  0.826 -0.351 -0.432 -0.400 -0.424 -0.424
 0.944  0.814 -0.367 -0.442 -0.409 -0.430 -0.430
 0.946  0.802 -0.382 -0.452 -0.417 -0.435 -0.435
 0.948  0.790 -0.396 -0.461 -0.425 -0.441 -0.441
 0.950  0.779 -0.410 -0.471 -0.432 -0.446 -0.446
 0.952  0.768 -0.423 -0.480 -0.440 -0.450 -0.450
 0.954  0.758 -0.437 -0.488 -0.447 -0.454 -0.454
 0.956  0.749 -0.449 -0.495 -0.453 -0.459 -0.459
 0.958  0.740 -0.461 -0.503 -0.459 -0.462 -0.462
 0.960  0.732 -0.471 -0.510 -0.465 -0.466 -0.466
 0.962  0.723 -0.482 -0.517 -0.471 -0.469 -0.469
 0.964  0.716 -0.492 -0.523 -0.476 -0.472 -0.472
 0.966  0.708 -0.501 -0.529 -0.481 -0.474 -0.474
 0.968  0.701 -0.509 -0.534 -0.486 -0.477 -0.477
 0.970  0.695 -0.517 -0.539 -0.490 -0.479 -0.479
 0.972  0.689 -0.524 -0.543 -0.493 -0.482 -0.482
 0.974  0.684 -0.530 -0.546 -0.496 -0.483 -0.483
 0.976  0.679 -0.536 -0.549 -0.499 -0.485 -0.485
 0.978  0.673 -0.540 -0.552 -0.501 -0.487 -0.487
 0.980  0.669 -0.544 -0.554 -0.503 -0.489 -0.489
 0.982  0.665 -0.548 -0.556 -0.504 -0.490 -0.490
 0.984  0.661 -0.551 -0.558 -0.505 -0.492 -0.492
 0.986  0.658 -0.553 -0.559 -0.506 -0.493 -0.493
 0.988  0.655 -0.555 -0.560 -0.507 -0.494 -0.494
 0.990  0.653 -0.557 -0.561 -0.508 -0.495 -0.495
 0.992  0.651 -0.558 -0.562 -0.508 -0.495 -0.495
 0.994  0.650 -0.559 -0.562 -0.508 -0.496 -0.496
 0.996  0.649 -0.559 -0.562 -0.508 -0.496 -0.496
 0.998  0.648 -0.560 -0.562 -0.509 -0.497 -0.497
