# IsPeriodic    : True
# Period        : 0.594659 days
# Normalization : <g_mag>=0
# 
# Phase u_mag  g_mag  r_mag  i_mag  z_mag  y_mag
 0.000  0.557 -0.652 -0.619 -0.554 -0.509 -0.509
 0.002  0.557 -0.652 -0.619 -0.554 -0.509 -0.509
 0.004  0.557 -0.652 -0.619 -0.554 -0.508 -0.508
 0.006  0.558 -0.651 -0.618 -0.553 -0.508 -0.508
 0.008  0.559 -0.649 -0.616 -0.552 -0.507 -0.507
 0.010  0.560 -0.647 -0.614 -0.550 -0.507 -0.507
 0.012  0.561 -0.646 -0.611 -0.548 -0.506 -0.506
 0.014  0.562 -0.643 -0.609 -0.546 -0.506 -0.506
 0.016  0.564 -0.641 -0.606 -0.543 -0.505 -0.505
 0.018  0.566 -0.638 -0.603 -0.541 -0.504 -0.504
 0.020  0.568 -0.635 -0.600 -0.538 -0.503 -0.503
 0.022  0.570 -0.632 -0.596 -0.535 -0.502 -0.502
 0.024  0.573 -0.629 -0.593 -0.532 -0.501 -0.501
 0.026  0.576 -0.626 -0.590 -0.530 -0.500 -0.500
 0.028  0.579 -0.622 -0.586 -0.527 -0.499 -0.499
 0.030  0.582 -0.619 -0.583 -0.524 -0.497 -0.497
 0.032  0.587 -0.615 -0.580 -0.522 -0.496 -0.496
 0.034  0.590 -0.612 -0.577 -0.519 -0.495 -0.495
 0.036  0.595 -0.608 -0.573 -0.517 -0.493 -0.493
 0.038  0.599 -0.604 -0.570 -0.514 -0.491 -0.491
 0.040  0.604 -0.600 -0.567 -0.512 -0.489 -0.489
 0.042  0.609 -0.596 -0.564 -0.509 -0.487 -0.487
 0.044  0.614 -0.591 -0.561 -0.506 -0.484 -0.484
 0.046  0.619 -0.587 -0.557 -0.504 -0.482 -0.482
 0.048  0.624 -0.582 -0.554 -0.502 -0.479 -0.479
 0.050  0.630 -0.577 -0.550 -0.499 -0.477 -0.477
 0.052  0.636 -0.572 -0.547 -0.496 -0.475 -0.475
 0.054  0.642 -0.567 -0.543 -0.493 -0.472 -0.472
 0.056  0.647 -0.561 -0.539 -0.490 -0.469 -0.469
 0.058  0.653 -0.556 -0.535 -0.488 -0.466 -0.466
 0.060  0.658 -0.550 -0.531 -0.485 -0.463 -0.463
 0.062  0.665 -0.544 -0.527 -0.482 -0.460 -0.460
 0.064  0.670 -0.538 -0.523 -0.479 -0.457 -0.457
 0.066  0.676 -0.532 -0.519 -0.476 -0.454 -0.454
 0.068  0.681 -0.525 -0.515 -0.473 -0.451 -0.451
 0.070  0.686 -0.519 -0.510 -0.470 -0.448 -0.448
 0.072  0.692 -0.511 -0.507 -0.467 -0.445 -0.445
 0.074  0.697 -0.505 -0.503 -0.465 -0.442 -0.442
 0.076  0.702 -0.498 -0.498 -0.461 -0.439 -0.439
 0.078  0.706 -0.491 -0.494 -0.458 -0.436 -0.436
 0.080  0.712 -0.485 -0.490 -0.456 -0.433 -0.433
 0.082  0.716 -0.478 -0.486 -0.453 -0.430 -0.430
 0.084  0.721 -0.471 -0.482 -0.450 -0.428 -0.428
 0.086  0.726 -0.465 -0.477 -0.447 -0.425 -0.425
 0.088  0.730 -0.459 -0.474 -0.444 -0.422 -0.422
 0.090  0.734 -0.452 -0.469 -0.441 -0.420 -0.420
 0.092  0.740 -0.446 -0.465 -0.438 -0.417 -0.417
 0.094  0.744 -0.440 -0.461 -0.435 -0.415 -0.415
 0.096  0.748 -0.434 -0.457 -0.433 -0.412 -0.412
 0.098  0.753 -0.428 -0.453 -0.430 -0.410 -0.410
 0.100  0.757 -0.422 -0.449 -0.427 -0.408 -0.408
 0.102  0.761 -0.417 -0.446 -0.424 -0.405 -0.405
 0.104  0.765 -0.411 -0.441 -0.422 -0.403 -0.403
 0.106  0.769 -0.406 -0.438 -0.419 -0.401 -0.401
 0.108  0.774 -0.400 -0.434 -0.417 -0.399 -0.399
 0.110  0.777 -0.395 -0.430 -0.414 -0.397 -0.397
 0.112  0.781 -0.390 -0.427 -0.411 -0.395 -0.395
 0.114  0.785 -0.384 -0.423 -0.409 -0.393 -0.393
 0.116  0.789 -0.379 -0.420 -0.406 -0.391 -0.391
 0.118  0.792 -0.374 -0.416 -0.404 -0.389 -0.389
 0.120  0.796 -0.369 -0.412 -0.401 -0.387 -0.387
 0.122  0.799 -0.365 -0.409 -0.399 -0.386 -0.386
 0.124  0.803 -0.360 -0.406 -0.397 -0.384 -0.384
 0.126  0.806 -0.355 -0.402 -0.394 -0.383 -0.383
 0.128  0.810 -0.351 -0.399 -0.392 -0.381 -0.381
 0.130  0.813 -0.346 -0.396 -0.390 -0.379 -0.379
 0.132  0.817 -0.342 -0.393 -0.387 -0.378 -0.378
 0.134  0.820 -0.338 -0.390 -0.385 -0.376 -0.376
 0.136  0.824 -0.334 -0.386 -0.383 -0.375 -0.375
 0.138  0.828 -0.330 -0.383 -0.381 -0.373 -0.373
 0.140  0.831 -0.326 -0.381 -0.378 -0.372 -0.372
 0.142  0.835 -0.322 -0.378 -0.376 -0.371 -0.371
 0.144  0.838 -0.318 -0.375 -0.374 -0.369 -0.369
 0.146  0.842 -0.314 -0.372 -0.372 -0.368 -0.368
 0.148  0.845 -0.311 -0.369 -0.370 -0.366 -0.366
 0.150  0.849 -0.307 -0.366 -0.368 -0.365 -0.365
 0.152  0.852 -0.303 -0.363 -0.366 -0.364 -0.364
 0.154  0.856 -0.299 -0.360 -0.364 -0.362 -0.362
 0.156  0.859 -0.296 -0.358 -0.362 -0.361 -0.361
 0.158  0.863 -0.291 -0.355 -0.360 -0.359 -0.359
 0.160  0.866 -0.287 -0.352 -0.358 -0.358 -0.358
 0.162  0.870 -0.284 -0.350 -0.356 -0.356 -0.356
 0.164  0.873 -0.280 -0.347 -0.355 -0.355 -0.355
 0.166  0.877 -0.276 -0.344 -0.353 -0.353 -0.353
 0.168  0.881 -0.272 -0.342 -0.351 -0.352 -0.352
 0.170  0.885 -0.269 -0.339 -0.349 -0.350 -0.350
 0.172  0.888 -0.265 -0.336 -0.347 -0.349 -0.349
 0.174  0.892 -0.261 -0.334 -0.345 -0.347 -0.347
 0.176  0.895 -0.257 -0.331 -0.344 -0.346 -0.346
 0.178  0.899 -0.253 -0.329 -0.342 -0.344 -0.344
 0.180  0.902 -0.249 -0.326 -0.340 -0.343 -0.343
 0.182  0.906 -0.245 -0.323 -0.338 -0.341 -0.341
 0.184  0.909 -0.241 -0.321 -0.337 -0.340 -0.340
 0.186  0.913 -0.237 -0.318 -0.335 -0.338 -0.338
 0.188  0.917 -0.233 -0.316 -0.333 -0.337 -0.337
 0.190  0.921 -0.229 -0.313 -0.331 -0.335 -0.335
 0.192  0.924 -0.225 -0.311 -0.329 -0.334 -0.334
 0.194  0.927 -0.221 -0.308 -0.328 -0.332 -0.332
 0.196  0.931 -0.217 -0.306 -0.326 -0.331 -0.331
 0.198  0.934 -0.213 -0.303 -0.324 -0.329 -0.329
 0.200  0.938 -0.209 -0.301 -0.323 -0.328 -0.328
 0.202  0.941 -0.205 -0.298 -0.321 -0.326 -0.326
 0.204  0.945 -0.201 -0.295 -0.319 -0.325 -0.325
 0.206  0.948 -0.196 -0.293 -0.318 -0.323 -0.323
 0.208  0.952 -0.192 -0.290 -0.316 -0.322 -0.322
 0.210  0.955 -0.188 -0.288 -0.314 -0.320 -0.320
 0.212  0.959 -0.184 -0.286 -0.313 -0.318 -0.318
 0.214  0.962 -0.180 -0.283 -0.312 -0.317 -0.317
 0.216  0.966 -0.175 -0.281 -0.310 -0.316 -0.316
 0.218  0.969 -0.171 -0.279 -0.308 -0.314 -0.314
 0.220  0.972 -0.167 -0.276 -0.307 -0.312 -0.312
 0.222  0.976 -0.163 -0.274 -0.306 -0.311 -0.311
 0.224  0.979 -0.159 -0.272 -0.304 -0.309 -0.309
 0.226  0.982 -0.154 -0.270 -0.302 -0.307 -0.307
 0.228  0.985 -0.150 -0.267 -0.301 -0.306 -0.306
 0.230  0.989 -0.146 -0.264 -0.300 -0.305 -0.305
 0.232  0.991 -0.142 -0.262 -0.298 -0.303 -0.303
 0.234  0.995 -0.138 -0.260 -0.297 -0.301 -0.301
 0.236  0.998 -0.134 -0.258 -0.295 -0.300 -0.300
 0.238  1.001 -0.131 -0.256 -0.294 -0.298 -0.298
 0.240  1.004 -0.127 -0.254 -0.292 -0.297 -0.297
 0.242  1.007 -0.123 -0.251 -0.291 -0.295 -0.295
 0.244  1.011 -0.119 -0.249 -0.289 -0.294 -0.294
 0.246  1.013 -0.115 -0.247 -0.288 -0.292 -0.292
 0.248  1.017 -0.112 -0.245 -0.286 -0.291 -0.291
 0.250  1.019 -0.108 -0.243 -0.285 -0.289 -0.289
 0.252  1.022 -0.105 -0.241 -0.284 -0.287 -0.287
 0.254  1.025 -0.101 -0.239 -0.282 -0.286 -0.286
 0.256  1.028 -0.097 -0.236 -0.281 -0.285 -0.285
 0.258  1.031 -0.094 -0.234 -0.279 -0.283 -0.283
 0.260  1.034 -0.090 -0.232 -0.277 -0.281 -0.281
 0.262  1.037 -0.087 -0.231 -0.276 -0.280 -0.280
 0.264  1.039 -0.084 -0.228 -0.275 -0.278 -0.278
 0.266  1.042 -0.080 -0.226 -0.273 -0.277 -0.277
 0.268  1.045 -0.077 -0.224 -0.272 -0.275 -0.275
 0.270  1.048 -0.074 -0.223 -0.270 -0.274 -0.274
 0.272  1.051 -0.071 -0.220 -0.269 -0.272 -0.272
 0.274  1.053 -0.067 -0.218 -0.268 -0.270 -0.270
 0.276  1.057 -0.063 -0.217 -0.266 -0.269 -0.269
 0.278  1.059 -0.060 -0.215 -0.265 -0.268 -0.268
 0.280  1.062 -0.057 -0.213 -0.263 -0.266 -0.266
 0.282  1.065 -0.054 -0.211 -0.262 -0.264 -0.264
 0.284  1.067 -0.051 -0.209 -0.260 -0.263 -0.263
 0.286  1.071 -0.049 -0.207 -0.259 -0.262 -0.262
 0.288  1.073 -0.046 -0.205 -0.258 -0.260 -0.260
 0.290  1.076 -0.043 -0.204 -0.257 -0.258 -0.258
 0.292  1.079 -0.040 -0.202 -0.255 -0.257 -0.257
 0.294  1.081 -0.037 -0.200 -0.254 -0.256 -0.256
 0.296  1.085 -0.034 -0.198 -0.252 -0.254 -0.254
 0.298  1.087 -0.031 -0.197 -0.250 -0.253 -0.253
 0.300  1.090 -0.029 -0.195 -0.249 -0.251 -0.251
 0.302  1.093 -0.026 -0.193 -0.248 -0.250 -0.250
 0.304  1.095 -0.023 -0.191 -0.247 -0.249 -0.249
 0.306  1.099 -0.020 -0.189 -0.245 -0.247 -0.247
 0.308  1.101 -0.017 -0.187 -0.244 -0.246 -0.246
 0.310  1.104 -0.014 -0.186 -0.242 -0.244 -0.244
 0.312  1.107 -0.012 -0.184 -0.241 -0.243 -0.243
 0.314  1.109 -0.009 -0.182 -0.239 -0.242 -0.242
 0.316  1.112 -0.006 -0.180 -0.238 -0.241 -0.241
 0.318  1.115 -0.003 -0.178 -0.237 -0.239 -0.239
 0.320  1.118 -0.000 -0.176 -0.235 -0.238 -0.238
 0.322  1.121  0.003 -0.174 -0.234 -0.237 -0.237
 0.324  1.123  0.006 -0.172 -0.232 -0.235 -0.235
 0.326  1.126  0.008 -0.171 -0.231 -0.234 -0.234
 0.328  1.128  0.011 -0.169 -0.229 -0.233 -0.233
 0.330  1.132  0.014 -0.166 -0.228 -0.231 -0.231
 0.332  1.135  0.017 -0.165 -0.227 -0.230 -0.230
 0.334  1.137  0.020 -0.163 -0.225 -0.229 -0.229
 0.336  1.140  0.023 -0.161 -0.223 -0.227 -0.227
 0.338  1.142  0.026 -0.158 -0.222 -0.226 -0.226
 0.340  1.145  0.029 -0.157 -0.221 -0.225 -0.225
 0.342  1.148  0.031 -0.155 -0.220 -0.224 -0.224
 0.344  1.150  0.034 -0.153 -0.218 -0.223 -0.223
 0.346  1.153  0.037 -0.151 -0.216 -0.222 -0.222
 0.348  1.156  0.040 -0.148 -0.215 -0.220 -0.220
 0.350  1.159  0.043 -0.147 -0.213 -0.219 -0.219
 0.352  1.162  0.046 -0.145 -0.212 -0.218 -0.218
 0.354  1.164  0.049 -0.143 -0.211 -0.217 -0.217
 0.356  1.166  0.052 -0.140 -0.209 -0.216 -0.216
 0.358  1.169  0.055 -0.138 -0.207 -0.215 -0.215
 0.360  1.171  0.057 -0.136 -0.206 -0.213 -0.213
 0.362  1.174  0.060 -0.134 -0.205 -0.212 -0.212
 0.364  1.177  0.063 -0.132 -0.203 -0.211 -0.211
 0.366  1.179  0.066 -0.130 -0.201 -0.210 -0.210
 0.368  1.182  0.069 -0.128 -0.200 -0.208 -0.208
 0.370  1.184  0.072 -0.126 -0.199 -0.207 -0.207
 0.372  1.186  0.075 -0.124 -0.197 -0.206 -0.206
 0.374  1.189  0.078 -0.122 -0.196 -0.205 -0.205
 0.376  1.191  0.080 -0.119 -0.194 -0.204 -0.204
 0.378  1.194  0.083 -0.117 -0.193 -0.202 -0.202
 0.380  1.196  0.086 -0.116 -0.191 -0.201 -0.201
 0.382  1.198  0.089 -0.114 -0.190 -0.199 -0.199
 0.384  1.201  0.092 -0.112 -0.189 -0.198 -0.198
 0.386  1.203  0.095 -0.109 -0.187 -0.196 -0.196
 0.388  1.205  0.097 -0.108 -0.185 -0.195 -0.195
 0.390  1.208  0.100 -0.106 -0.184 -0.194 -0.194
 0.392  1.210  0.103 -0.104 -0.183 -0.193 -0.193
 0.394  1.212  0.106 -0.101 -0.181 -0.191 -0.191
 0.396  1.214  0.108 -0.100 -0.180 -0.189 -0.189
 0.398  1.217  0.111 -0.098 -0.178 -0.188 -0.188
 0.400  1.218  0.114 -0.096 -0.177 -0.187 -0.187
 0.402  1.221  0.117 -0.094 -0.175 -0.185 -0.185
 0.404  1.223  0.119 -0.092 -0.174 -0.183 -0.183
 0.406  1.225  0.122 -0.091 -0.173 -0.182 -0.182
 0.408  1.227  0.125 -0.088 -0.172 -0.181 -0.181
 0.410  1.230  0.127 -0.087 -0.170 -0.179 -0.179
 0.412  1.232  0.130 -0.085 -0.169 -0.177 -0.177
 0.414  1.234  0.133 -0.083 -0.167 -0.176 -0.176
 0.416  1.236  0.136 -0.081 -0.166 -0.174 -0.174
 0.418  1.238  0.138 -0.080 -0.164 -0.172 -0.172
 0.420  1.240  0.141 -0.078 -0.163 -0.171 -0.171
 0.422  1.242  0.144 -0.076 -0.162 -0.170 -0.170
 0.424  1.244  0.146 -0.075 -0.161 -0.168 -0.168
 0.426  1.246  0.149 -0.073 -0.159 -0.166 -0.166
 0.428  1.248  0.151 -0.071 -0.158 -0.165 -0.165
 0.430  1.250  0.155 -0.070 -0.157 -0.163 -0.163
 0.432  1.252  0.158 -0.068 -0.156 -0.162 -0.162
 0.434  1.253  0.160 -0.066 -0.154 -0.161 -0.161
 0.436  1.256  0.163 -0.065 -0.153 -0.159 -0.159
 0.438  1.258  0.165 -0.063 -0.151 -0.157 -0.157
 0.440  1.260  0.168 -0.061 -0.150 -0.156 -0.156
 0.442  1.261  0.170 -0.060 -0.149 -0.155 -0.155
 0.444  1.263  0.173 -0.058 -0.147 -0.153 -0.153
 0.446  1.265  0.175 -0.057 -0.146 -0.152 -0.152
 0.448  1.267  0.177 -0.055 -0.145 -0.151 -0.151
 0.450  1.268  0.180 -0.053 -0.143 -0.149 -0.149
 0.452  1.270  0.182 -0.052 -0.142 -0.148 -0.148
 0.454  1.272  0.184 -0.050 -0.141 -0.146 -0.146
 0.456  1.274  0.186 -0.049 -0.140 -0.145 -0.145
 0.458  1.275  0.188 -0.047 -0.138 -0.144 -0.144
 0.460  1.277  0.190 -0.046 -0.137 -0.143 -0.143
 0.462  1.279  0.192 -0.044 -0.136 -0.141 -0.141
 0.464  1.280  0.194 -0.043 -0.135 -0.140 -0.140
 0.466  1.282  0.196 -0.042 -0.133 -0.139 -0.139
 0.468  1.284  0.198 -0.040 -0.132 -0.138 -0.138
 0.470  1.286  0.200 -0.039 -0.131 -0.137 -0.137
 0.472  1.287  0.202 -0.037 -0.130 -0.136 -0.136
 0.474  1.289  0.204 -0.036 -0.129 -0.135 -0.135
 0.476  1.291  0.206 -0.034 -0.127 -0.134 -0.134
 0.478  1.292  0.207 -0.033 -0.126 -0.133 -0.133
 0.480  1.294  0.209 -0.031 -0.125 -0.132 -0.132
 0.482  1.295  0.211 -0.031 -0.124 -0.131 -0.131
 0.484  1.297  0.212 -0.029 -0.122 -0.129 -0.129
 0.486  1.298  0.214 -0.028 -0.121 -0.129 -0.129
 0.488  1.300  0.216 -0.026 -0.120 -0.128 -0.128
 0.490  1.301  0.217 -0.025 -0.118 -0.127 -0.127
 0.492  1.302  0.219 -0.024 -0.117 -0.126 -0.126
 0.494  1.304  0.220 -0.023 -0.116 -0.125 -0.125
 0.496  1.305  0.221 -0.021 -0.115 -0.124 -0.124
 0.498  1.307  0.223 -0.020 -0.113 -0.123 -0.123
 0.500  1.308  0.224 -0.019 -0.112 -0.122 -0.122
 0.502  1.309  0.225 -0.018 -0.111 -0.121 -0.121
 0.504  1.310  0.227 -0.016 -0.109 -0.121 -0.121
 0.506  1.312  0.228 -0.016 -0.108 -0.120 -0.120
 0.508  1.313  0.229 -0.014 -0.107 -0.119 -0.119
 0.510  1.314  0.230 -0.013 -0.106 -0.118 -0.118
 0.512  1.315  0.232 -0.012 -0.105 -0.118 -0.118
 0.514  1.316  0.233 -0.011 -0.104 -0.116 -0.116
 0.516  1.317  0.234 -0.010 -0.102 -0.116 -0.116
 0.518  1.319  0.235 -0.008 -0.101 -0.115 -0.115
 0.520  1.320  0.236 -0.008 -0.100 -0.114 -0.114
 0.522  1.321  0.237 -0.006 -0.099 -0.113 -0.113
 0.524  1.322  0.238 -0.006 -0.098 -0.113 -0.113
 0.526  1.322  0.239 -0.005 -0.097 -0.112 -0.112
 0.528  1.323  0.240 -0.003 -0.096 -0.111 -0.111
 0.530  1.324  0.241 -0.003 -0.095 -0.110 -0.110
 0.532  1.325  0.242 -0.002 -0.094 -0.109 -0.109
 0.534  1.326  0.243 -0.000 -0.093 -0.109 -0.109
 0.536  1.327  0.244  0.000 -0.092 -0.108 -0.108
 0.538  1.328  0.245  0.001 -0.092 -0.107 -0.107
 0.540  1.329  0.246  0.002 -0.091 -0.107 -0.107
 0.542  1.329  0.247  0.003 -0.090 -0.106 -0.106
 0.544  1.330  0.247  0.004 -0.089 -0.105 -0.105
 0.546  1.331  0.248  0.005 -0.089 -0.104 -0.104
 0.548  1.332  0.249  0.005 -0.088 -0.103 -0.103
 0.550  1.332  0.250  0.006 -0.087 -0.103 -0.103
 0.552  1.333  0.251  0.007 -0.087 -0.102 -0.102
 0.554  1.334  0.251  0.007 -0.086 -0.102 -0.102
 0.556  1.334  0.252  0.008 -0.085 -0.101 -0.101
 0.558  1.335  0.253  0.009 -0.085 -0.100 -0.100
 0.560  1.336  0.253  0.010 -0.084 -0.100 -0.100
 0.562  1.336  0.254  0.010 -0.084 -0.099 -0.099
 0.564  1.336  0.255  0.011 -0.084 -0.098 -0.098
 0.566  1.336  0.255  0.011 -0.083 -0.097 -0.097
 0.568  1.336  0.256  0.012 -0.083 -0.097 -0.097
 0.570  1.337  0.256  0.013 -0.083 -0.096 -0.096
 0.572  1.337  0.257  0.013 -0.082 -0.096 -0.096
 0.574  1.338  0.257  0.013 -0.082 -0.095 -0.095
 0.576  1.338  0.258  0.014 -0.082 -0.094 -0.094
 0.578  1.338  0.258  0.015 -0.082 -0.094 -0.094
 0.580  1.338  0.259  0.015 -0.082 -0.093 -0.093
 0.582  1.338  0.259  0.015 -0.082 -0.092 -0.092
 0.584  1.338  0.260  0.016 -0.081 -0.092 -0.092
 0.586  1.339  0.260  0.016 -0.081 -0.091 -0.091
 0.588  1.339  0.260  0.017 -0.081 -0.091 -0.091
 0.590  1.339  0.261  0.017 -0.081 -0.090 -0.090
 0.592  1.339  0.261  0.018 -0.081 -0.090 -0.090
 0.594  1.338  0.262  0.018 -0.081 -0.089 -0.089
 0.596  1.338  0.262  0.018 -0.081 -0.089 -0.089
 0.598  1.338  0.262  0.018 -0.080 -0.088 -0.088
 0.600  1.338  0.263  0.019 -0.080 -0.088 -0.088
 0.602  1.338  0.263  0.019 -0.080 -0.087 -0.087
 0.604  1.338  0.263  0.020 -0.079 -0.086 -0.086
 0.606  1.337  0.263  0.020 -0.079 -0.086 -0.086
 0.608  1.337  0.264  0.020 -0.079 -0.085 -0.085
 0.610  1.337  0.264  0.020 -0.079 -0.085 -0.085
 0.612  1.336  0.264  0.020 -0.079 -0.084 -0.084
 0.614  1.336  0.264  0.021 -0.079 -0.084 -0.084
 0.616  1.336  0.265  0.021 -0.078 -0.083 -0.083
 0.618  1.336  0.265  0.021 -0.078 -0.083 -0.083
 0.620  1.335  0.265  0.022 -0.078 -0.082 -0.082
 0.622  1.334  0.265  0.022 -0.078 -0.082 -0.082
 0.624  1.334  0.265  0.022 -0.078 -0.081 -0.081
 0.626  1.333  0.265  0.023 -0.078 -0.081 -0.081
 0.628  1.333  0.266  0.023 -0.077 -0.080 -0.080
 0.630  1.332  0.266  0.023 -0.077 -0.079 -0.079
 0.632  1.332  0.266  0.023 -0.077 -0.079 -0.079
 0.634  1.331  0.266  0.023 -0.077 -0.079 -0.079
 0.636  1.331  0.266  0.023 -0.076 -0.078 -0.078
 0.638  1.330  0.266  0.023 -0.076 -0.078 -0.078
 0.640  1.330  0.266  0.023 -0.076 -0.077 -0.077
 0.642  1.329  0.266  0.023 -0.076 -0.077 -0.077
 0.644  1.329  0.266  0.023 -0.076 -0.076 -0.076
 0.646  1.329  0.266  0.023 -0.075 -0.076 -0.076
 0.648  1.329  0.266  0.023 -0.075 -0.076 -0.076
 0.650  1.329  0.266  0.023 -0.074 -0.075 -0.075
 0.652  1.329  0.266  0.023 -0.074 -0.075 -0.075
 0.654  1.328  0.266  0.024 -0.074 -0.075 -0.075
 0.656  1.328  0.266  0.024 -0.074 -0.074 -0.074
 0.658  1.328  0.265  0.024 -0.073 -0.073 -0.073
 0.660  1.327  0.265  0.024 -0.073 -0.073 -0.073
 0.662  1.327  0.265  0.023 -0.073 -0.073 -0.073
 0.664  1.327  0.265  0.023 -0.073 -0.072 -0.072
 0.666  1.327  0.264  0.023 -0.073 -0.072 -0.072
 0.668  1.327  0.264  0.023 -0.073 -0.072 -0.072
 0.670  1.326  0.264  0.023 -0.072 -0.072 -0.072
 0.672  1.326  0.263  0.023 -0.072 -0.071 -0.071
 0.674  1.326  0.263  0.023 -0.072 -0.071 -0.071
 0.676  1.326  0.262  0.023 -0.072 -0.071 -0.071
 0.678  1.326  0.262  0.023 -0.072 -0.070 -0.070
 0.680  1.326  0.261  0.023 -0.072 -0.070 -0.070
 0.682  1.326  0.261  0.023 -0.072 -0.070 -0.070
 0.684  1.326  0.260  0.023 -0.072 -0.070 -0.070
 0.686  1.326  0.260  0.022 -0.072 -0.069 -0.069
 0.688  1.326  0.259  0.022 -0.072 -0.069 -0.069
 0.690  1.326  0.258  0.022 -0.072 -0.069 -0.069
 0.692  1.326  0.258  0.021 -0.072 -0.069 -0.069
 0.694  1.326  0.257  0.021 -0.073 -0.068 -0.068
 0.696  1.326  0.256  0.021 -0.073 -0.068 -0.068
 0.698  1.326  0.255  0.020 -0.073 -0.068 -0.068
 0.700  1.326  0.254  0.020 -0.073 -0.067 -0.067
 0.702  1.326  0.254  0.020 -0.073 -0.067 -0.067
 0.704  1.326  0.253  0.020 -0.073 -0.067 -0.067
 0.706  1.326  0.252  0.020 -0.073 -0.067 -0.067
 0.708  1.326  0.251  0.019 -0.074 -0.067 -0.067
 0.710  1.327  0.250  0.018 -0.074 -0.066 -0.066
 0.712  1.327  0.249  0.018 -0.074 -0.066 -0.066
 0.714  1.327  0.248  0.018 -0.074 -0.066 -0.066
 0.716  1.327  0.247  0.018 -0.075 -0.065 -0.065
 0.718  1.327  0.246  0.017 -0.076 -0.065 -0.065
 0.720  1.327  0.245  0.016 -0.076 -0.064 -0.064
 0.722  1.327  0.244  0.016 -0.076 -0.064 -0.064
 0.724  1.328  0.243  0.015 -0.077 -0.063 -0.063
 0.726  1.328  0.242  0.015 -0.077 -0.063 -0.063
 0.728  1.328  0.242  0.015 -0.077 -0.062 -0.062
 0.730  1.328  0.241  0.015 -0.077 -0.061 -0.061
 0.732  1.329  0.241  0.015 -0.077 -0.060 -0.060
 0.734  1.329  0.241  0.015 -0.077 -0.059 -0.059
 0.736  1.329  0.241  0.015 -0.077 -0.059 -0.059
 0.738  1.329  0.241  0.015 -0.077 -0.058 -0.058
 0.740  1.329  0.241  0.015 -0.077 -0.057 -0.057
 0.742  1.329  0.242  0.015 -0.077 -0.055 -0.055
 0.744  1.330  0.243  0.015 -0.076 -0.054 -0.054
 0.746  1.330  0.243  0.015 -0.076 -0.053 -0.053
 0.748  1.330  0.244  0.016 -0.076 -0.052 -0.052
 0.750  1.331  0.245  0.017 -0.075 -0.051 -0.051
 0.752  1.331  0.246  0.017 -0.074 -0.049 -0.049
 0.754  1.331  0.248  0.018 -0.073 -0.048 -0.048
 0.756  1.331  0.249  0.018 -0.072 -0.047 -0.047
 0.758  1.332  0.250  0.019 -0.072 -0.045 -0.045
 0.760  1.332  0.252  0.020 -0.071 -0.043 -0.043
 0.762  1.333  0.254  0.021 -0.069 -0.042 -0.042
 0.764  1.333  0.255  0.022 -0.068 -0.040 -0.040
 0.766  1.334  0.257  0.023 -0.067 -0.039 -0.039
 0.768  1.334  0.260  0.024 -0.066 -0.037 -0.037
 0.770  1.335  0.262  0.025 -0.064 -0.035 -0.035
 0.772  1.336  0.265  0.027 -0.062 -0.033 -0.033
 0.774  1.336  0.267  0.028 -0.061 -0.032 -0.032
 0.776  1.337  0.270  0.030 -0.059 -0.029 -0.029
 0.778  1.339  0.273  0.031 -0.057 -0.028 -0.028
 0.780  1.340  0.276  0.033 -0.055 -0.026 -0.026
 0.782  1.342  0.280  0.035 -0.053 -0.024 -0.024
 0.784  1.343  0.283  0.037 -0.051 -0.022 -0.022
 0.786  1.344  0.286  0.038 -0.049 -0.020 -0.020
 0.788  1.346  0.290  0.041 -0.046 -0.018 -0.018
 0.790  1.348  0.293  0.042 -0.044 -0.016 -0.016
 0.792  1.350  0.296  0.044 -0.042 -0.014 -0.014
 0.794  1.351  0.300  0.046 -0.039 -0.012 -0.012
 0.796  1.354  0.303  0.049 -0.037 -0.010 -0.010
 0.798  1.356  0.306  0.050 -0.035 -0.008 -0.008
 0.800  1.358  0.309  0.052 -0.032 -0.006 -0.006
 0.802  1.361  0.313  0.054 -0.030 -0.004 -0.004
 0.804  1.363  0.315  0.057 -0.028 -0.003 -0.003
 0.806  1.365  0.318  0.059 -0.025 -0.001 -0.001
 0.808  1.369  0.321  0.060 -0.023  0.001  0.001
 0.810  1.371  0.324  0.062 -0.021  0.003  0.003
 0.812  1.375  0.326  0.064 -0.019  0.004  0.004
 0.814  1.378  0.329  0.066 -0.017  0.006  0.006
 0.816  1.382  0.331  0.068 -0.015  0.008  0.008
 0.818  1.385  0.333  0.069 -0.014  0.009  0.009
 0.820  1.389  0.335  0.072 -0.012  0.011  0.011
 0.822  1.392  0.337  0.073 -0.011  0.012  0.012
 0.824  1.397  0.339  0.075 -0.010  0.014  0.014
 0.826  1.400  0.340  0.077 -0.009  0.015  0.015
 0.828  1.405  0.342  0.078 -0.008  0.017  0.017
 0.830  1.408  0.343  0.080 -0.007  0.019  0.019
 0.832  1.412  0.344  0.081 -0.006  0.021  0.021
 0.834  1.416  0.345  0.082 -0.005  0.022  0.022
 0.836  1.419  0.346  0.084 -0.004  0.025  0.025
 0.838  1.423  0.347  0.085 -0.004  0.026  0.026
 0.840  1.426  0.348  0.086 -0.004  0.028  0.028
 0.842  1.428  0.348  0.088 -0.003  0.029  0.029
 0.844  1.430  0.349  0.088 -0.003  0.031  0.031
 0.846  1.431  0.350  0.090 -0.003  0.033  0.033
 0.848  1.431  0.350  0.091 -0.003  0.034  0.034
 0.850  1.430  0.350  0.093 -0.003  0.034  0.034
 0.852  1.428  0.351  0.093 -0.003  0.035  0.035
 0.854  1.426  0.351  0.095 -0.003  0.035  0.035
 0.856  1.422  0.351  0.097 -0.003  0.035  0.035
 0.858  1.418  0.351  0.098 -0.003  0.035  0.035
 0.860  1.412  0.350  0.099 -0.003  0.034  0.034
 0.862  1.405  0.349  0.101 -0.004  0.033  0.033
 0.864  1.398  0.348  0.101 -0.005  0.031  0.031
 0.866  1.391  0.346  0.101 -0.005  0.029  0.029
 0.868  1.382  0.343  0.101 -0.007  0.027  0.027
 0.870  1.372  0.339  0.101 -0.008  0.023  0.023
 0.872  1.362  0.335  0.100 -0.010  0.020  0.020
 0.874  1.351  0.329  0.098 -0.013  0.015  0.015
 0.876  1.340  0.323  0.095 -0.015  0.011  0.011
 0.878  1.328  0.316  0.093 -0.018  0.005  0.005
 0.880  1.315  0.308  0.089 -0.021 -0.000 -0.000
 0.882  1.301  0.299  0.085 -0.025 -0.006 -0.006
 0.884  1.287  0.290  0.080 -0.030 -0.014 -0.014
 0.886  1.272  0.280  0.075 -0.034 -0.021 -0.021
 0.888  1.255  0.269  0.069 -0.039 -0.028 -0.028
 0.890  1.238  0.257  0.062 -0.045 -0.036 -0.036
 0.892  1.219  0.245  0.055 -0.050 -0.045 -0.045
 0.894  1.199  0.232  0.047 -0.057 -0.054 -0.054
 0.896  1.178  0.218  0.038 -0.063 -0.064 -0.064
 0.898  1.157  0.204  0.030 -0.071 -0.073 -0.073
 0.900  1.135  0.189  0.020 -0.078 -0.084 -0.084
 0.902  1.113  0.173  0.010 -0.086 -0.095 -0.095
 0.904  1.090  0.156 -0.002 -0.095 -0.106 -0.106
 0.906  1.066  0.138 -0.013 -0.104 -0.118 -0.118
 0.908  1.044  0.119 -0.026 -0.113 -0.131 -0.131
 0.910  1.020  0.099 -0.039 -0.122 -0.144 -0.144
 0.912  0.997  0.079 -0.053 -0.133 -0.157 -0.157
 0.914  0.976  0.057 -0.068 -0.143 -0.171 -0.171
 0.916  0.954  0.034 -0.083 -0.154 -0.186 -0.186
 0.918  0.932  0.011 -0.099 -0.166 -0.200 -0.200
 0.920  0.911 -0.013 -0.115 -0.178 -0.215 -0.215
 0.922  0.891 -0.038 -0.132 -0.190 -0.230 -0.230
 0.924  0.871 -0.063 -0.150 -0.203 -0.245 -0.245
 0.926  0.851 -0.090 -0.169 -0.216 -0.260 -0.260
 0.928  0.833 -0.116 -0.187 -0.229 -0.275 -0.275
 0.930  0.815 -0.142 -0.206 -0.243 -0.289 -0.289
 0.932  0.797 -0.169 -0.226 -0.258 -0.303 -0.303
 0.934  0.781 -0.195 -0.246 -0.273 -0.316 -0.316
 0.936  0.765 -0.221 -0.267 -0.287 -0.328 -0.328
 0.938  0.750 -0.247 -0.287 -0.303 -0.341 -0.341
 0.940  0.735 -0.273 -0.308 -0.318 -0.352 -0.352
 0.942  0.721 -0.299 -0.328 -0.333 -0.364 -0.364
 0.944  0.708 -0.323 -0.348 -0.348 -0.374 -0.374
 0.946  0.695 -0.347 -0.368 -0.362 -0.384 -0.384
 0.948  0.683 -0.370 -0.386 -0.377 -0.395 -0.395
 0.950  0.671 -0.392 -0.405 -0.391 -0.404 -0.404
 0.952  0.661 -0.413 -0.422 -0.403 -0.413 -0.413
 0.954  0.651 -0.433 -0.439 -0.416 -0.422 -0.422
 0.956  0.641 -0.452 -0.454 -0.428 -0.430 -0.430
 0.958  0.631 -0.470 -0.469 -0.439 -0.438 -0.438
 0.960  0.623 -0.487 -0.483 -0.450 -0.446 -0.446
 0.962  0.615 -0.503 -0.496 -0.460 -0.453 -0.453
 0.964  0.608 -0.519 -0.508 -0.469 -0.460 -0.460
 0.966  0.601 -0.533 -0.520 -0.478 -0.466 -0.466
 0.968  0.595 -0.546 -0.531 -0.486 -0.472 -0.472
 0.970  0.588 -0.559 -0.541 -0.494 -0.477 -0.477
 0.972  0.584 -0.571 -0.552 -0.502 -0.482 -0.482
 0.974  0.580 -0.582 -0.561 -0.509 -0.487 -0.487
 0.976  0.575 -0.592 -0.570 -0.515 -0.490 -0.490
 0.978  0.572 -0.602 -0.578 -0.522 -0.494 -0.494
 0.980  0.569 -0.611 -0.585 -0.527 -0.497 -0.497
 0.982  0.567 -0.619 -0.592 -0.533 -0.500 -0.500
 0.984  0.565 -0.627 -0.598 -0.537 -0.502 -0.502
 0.986  0.563 -0.633 -0.604 -0.542 -0.503 -0.503
 0.988  0.561 -0.639 -0.609 -0.546 -0.505 -0.505
 0.990  0.561 -0.644 -0.613 -0.548 -0.506 -0.506
 0.992  0.560 -0.647 -0.616 -0.551 -0.507 -0.507
 0.994  0.559 -0.650 -0.618 -0.553 -0.508 -0.508
 0.996  0.558 -0.652 -0.619 -0.554 -0.508 -0.508
 0.998  0.558 -0.653 -0.620 -0.554 -0.509 -0.509
