# IsPeriodic    : True
# Period        : 0.561557 days
# Normalization : <g_mag>=0
# 
# Phase u_mag  g_mag  r_mag  i_mag  z_mag  y_mag
 0.000  0.442 -0.714 -0.640 -0.540 -0.467 -0.467
 0.002  0.442 -0.714 -0.640 -0.540 -0.467 -0.467
 0.004  0.444 -0.713 -0.640 -0.540 -0.466 -0.466
 0.006  0.446 -0.712 -0.640 -0.539 -0.466 -0.466
 0.008  0.450 -0.711 -0.639 -0.538 -0.465 -0.465
 0.010  0.454 -0.710 -0.639 -0.538 -0.464 -0.464
 0.012  0.458 -0.709 -0.638 -0.537 -0.462 -0.462
 0.014  0.465 -0.706 -0.637 -0.536 -0.461 -0.461
 0.016  0.470 -0.704 -0.636 -0.535 -0.459 -0.459
 0.018  0.478 -0.702 -0.635 -0.533 -0.457 -0.457
 0.020  0.484 -0.700 -0.634 -0.531 -0.455 -0.455
 0.022  0.492 -0.697 -0.632 -0.530 -0.453 -0.453
 0.024  0.498 -0.694 -0.631 -0.528 -0.452 -0.452
 0.026  0.506 -0.690 -0.628 -0.526 -0.449 -0.449
 0.028  0.514 -0.687 -0.626 -0.523 -0.448 -0.448
 0.030  0.520 -0.684 -0.624 -0.521 -0.446 -0.446
 0.032  0.528 -0.679 -0.622 -0.518 -0.444 -0.444
 0.034  0.534 -0.675 -0.620 -0.515 -0.442 -0.442
 0.036  0.541 -0.670 -0.618 -0.513 -0.441 -0.441
 0.038  0.547 -0.665 -0.614 -0.510 -0.439 -0.439
 0.040  0.554 -0.660 -0.612 -0.506 -0.437 -0.437
 0.042  0.561 -0.654 -0.609 -0.503 -0.436 -0.436
 0.044  0.568 -0.648 -0.605 -0.500 -0.434 -0.434
 0.046  0.574 -0.642 -0.602 -0.496 -0.432 -0.432
 0.048  0.581 -0.636 -0.599 -0.493 -0.431 -0.431
 0.050  0.587 -0.628 -0.595 -0.490 -0.429 -0.429
 0.052  0.594 -0.621 -0.592 -0.486 -0.427 -0.427
 0.054  0.600 -0.614 -0.588 -0.483 -0.425 -0.425
 0.056  0.608 -0.606 -0.584 -0.480 -0.424 -0.424
 0.058  0.614 -0.599 -0.579 -0.477 -0.422 -0.422
 0.060  0.621 -0.592 -0.575 -0.474 -0.420 -0.420
 0.062  0.627 -0.584 -0.570 -0.471 -0.418 -0.418
 0.064  0.634 -0.576 -0.565 -0.468 -0.417 -0.417
 0.066  0.640 -0.568 -0.561 -0.464 -0.415 -0.415
 0.068  0.647 -0.561 -0.555 -0.461 -0.413 -0.413
 0.070  0.653 -0.553 -0.550 -0.459 -0.411 -0.411
 0.072  0.660 -0.545 -0.545 -0.456 -0.409 -0.409
 0.074  0.666 -0.538 -0.541 -0.453 -0.408 -0.408
 0.076  0.673 -0.530 -0.535 -0.451 -0.406 -0.406
 0.078  0.679 -0.523 -0.530 -0.448 -0.404 -0.404
 0.080  0.686 -0.516 -0.525 -0.445 -0.402 -0.402
 0.082  0.691 -0.510 -0.520 -0.443 -0.401 -0.401
 0.084  0.698 -0.502 -0.515 -0.440 -0.399 -0.399
 0.086  0.704 -0.495 -0.510 -0.438 -0.397 -0.397
 0.088  0.711 -0.489 -0.505 -0.436 -0.395 -0.395
 0.090  0.716 -0.482 -0.501 -0.433 -0.394 -0.394
 0.092  0.723 -0.475 -0.496 -0.431 -0.392 -0.392
 0.094  0.729 -0.470 -0.492 -0.429 -0.390 -0.390
 0.096  0.735 -0.463 -0.487 -0.427 -0.388 -0.388
 0.098  0.741 -0.457 -0.483 -0.424 -0.386 -0.386
 0.100  0.747 -0.450 -0.479 -0.423 -0.385 -0.385
 0.102  0.753 -0.445 -0.475 -0.421 -0.383 -0.383
 0.104  0.759 -0.439 -0.471 -0.419 -0.382 -0.382
 0.106  0.764 -0.433 -0.468 -0.417 -0.380 -0.380
 0.108  0.771 -0.428 -0.464 -0.415 -0.378 -0.378
 0.110  0.776 -0.422 -0.460 -0.413 -0.376 -0.376
 0.112  0.781 -0.417 -0.456 -0.411 -0.374 -0.374
 0.114  0.787 -0.412 -0.452 -0.409 -0.373 -0.373
 0.116  0.792 -0.406 -0.449 -0.408 -0.371 -0.371
 0.118  0.798 -0.402 -0.446 -0.406 -0.370 -0.370
 0.120  0.803 -0.396 -0.443 -0.404 -0.368 -0.368
 0.122  0.808 -0.391 -0.439 -0.403 -0.366 -0.366
 0.124  0.813 -0.387 -0.436 -0.401 -0.365 -0.365
 0.126  0.818 -0.382 -0.433 -0.399 -0.363 -0.363
 0.128  0.824 -0.378 -0.430 -0.398 -0.361 -0.361
 0.130  0.828 -0.373 -0.427 -0.396 -0.360 -0.360
 0.132  0.833 -0.369 -0.424 -0.394 -0.358 -0.358
 0.134  0.838 -0.364 -0.422 -0.393 -0.356 -0.356
 0.136  0.843 -0.359 -0.419 -0.391 -0.355 -0.355
 0.138  0.848 -0.355 -0.417 -0.389 -0.353 -0.353
 0.140  0.853 -0.350 -0.414 -0.388 -0.352 -0.352
 0.142  0.857 -0.346 -0.412 -0.386 -0.350 -0.350
 0.144  0.862 -0.342 -0.409 -0.384 -0.349 -0.349
 0.146  0.866 -0.338 -0.407 -0.382 -0.347 -0.347
 0.148  0.870 -0.333 -0.405 -0.380 -0.346 -0.346
 0.150  0.875 -0.329 -0.402 -0.378 -0.344 -0.344
 0.152  0.879 -0.324 -0.400 -0.376 -0.342 -0.342
 0.154  0.883 -0.320 -0.397 -0.374 -0.341 -0.341
 0.156  0.888 -0.315 -0.395 -0.373 -0.340 -0.340
 0.158  0.892 -0.311 -0.392 -0.371 -0.338 -0.338
 0.160  0.896 -0.306 -0.390 -0.369 -0.336 -0.336
 0.162  0.900 -0.301 -0.388 -0.367 -0.335 -0.335
 0.164  0.904 -0.297 -0.385 -0.365 -0.333 -0.333
 0.166  0.908 -0.292 -0.383 -0.363 -0.332 -0.332
 0.168  0.913 -0.288 -0.380 -0.361 -0.330 -0.330
 0.170  0.916 -0.283 -0.377 -0.359 -0.329 -0.329
 0.172  0.920 -0.278 -0.375 -0.357 -0.327 -0.327
 0.174  0.924 -0.273 -0.372 -0.355 -0.326 -0.326
 0.176  0.929 -0.268 -0.370 -0.352 -0.324 -0.324
 0.178  0.932 -0.264 -0.367 -0.351 -0.323 -0.323
 0.180  0.936 -0.259 -0.364 -0.349 -0.321 -0.321
 0.182  0.941 -0.255 -0.362 -0.346 -0.320 -0.320
 0.184  0.944 -0.250 -0.358 -0.344 -0.318 -0.318
 0.186  0.948 -0.246 -0.356 -0.342 -0.317 -0.317
 0.188  0.953 -0.241 -0.353 -0.340 -0.315 -0.315
 0.190  0.956 -0.237 -0.350 -0.338 -0.314 -0.314
 0.192  0.960 -0.231 -0.347 -0.336 -0.312 -0.312
 0.194  0.964 -0.226 -0.345 -0.334 -0.311 -0.311
 0.196  0.968 -0.222 -0.341 -0.332 -0.309 -0.309
 0.198  0.972 -0.217 -0.338 -0.330 -0.308 -0.308
 0.200  0.975 -0.213 -0.336 -0.328 -0.307 -0.307
 0.202  0.980 -0.207 -0.333 -0.326 -0.305 -0.305
 0.204  0.983 -0.202 -0.329 -0.324 -0.304 -0.304
 0.206  0.987 -0.198 -0.327 -0.322 -0.302 -0.302
 0.208  0.992 -0.193 -0.324 -0.321 -0.301 -0.301
 0.210  0.995 -0.189 -0.320 -0.319 -0.300 -0.300
 0.212  0.999 -0.184 -0.317 -0.317 -0.299 -0.299
 0.214  1.003 -0.180 -0.314 -0.315 -0.297 -0.297
 0.216  1.007 -0.175 -0.311 -0.314 -0.296 -0.296
 0.218  1.010 -0.171 -0.308 -0.312 -0.294 -0.294
 0.220  1.014 -0.166 -0.305 -0.310 -0.293 -0.293
 0.222  1.018 -0.161 -0.302 -0.309 -0.291 -0.291
 0.224  1.022 -0.157 -0.298 -0.307 -0.290 -0.290
 0.226  1.025 -0.154 -0.296 -0.306 -0.289 -0.289
 0.228  1.030 -0.149 -0.293 -0.304 -0.288 -0.288
 0.230  1.033 -0.144 -0.290 -0.302 -0.286 -0.286
 0.232  1.037 -0.141 -0.287 -0.301 -0.285 -0.285
 0.234  1.040 -0.136 -0.285 -0.299 -0.283 -0.283
 0.236  1.044 -0.133 -0.281 -0.297 -0.282 -0.282
 0.238  1.048 -0.129 -0.279 -0.296 -0.280 -0.280
 0.240  1.051 -0.125 -0.276 -0.295 -0.279 -0.279
 0.242  1.055 -0.121 -0.273 -0.294 -0.278 -0.278
 0.244  1.059 -0.117 -0.271 -0.292 -0.277 -0.277
 0.246  1.062 -0.113 -0.269 -0.291 -0.276 -0.276
 0.248  1.065 -0.109 -0.266 -0.289 -0.274 -0.274
 0.250  1.069 -0.106 -0.263 -0.289 -0.273 -0.273
 0.252  1.072 -0.102 -0.260 -0.287 -0.272 -0.272
 0.254  1.075 -0.099 -0.258 -0.286 -0.270 -0.270
 0.256  1.078 -0.096 -0.256 -0.285 -0.269 -0.269
 0.258  1.082 -0.091 -0.253 -0.284 -0.268 -0.268
 0.260  1.085 -0.088 -0.251 -0.282 -0.266 -0.266
 0.262  1.088 -0.084 -0.248 -0.281 -0.265 -0.265
 0.264  1.091 -0.082 -0.247 -0.280 -0.264 -0.264
 0.266  1.095 -0.078 -0.244 -0.279 -0.262 -0.262
 0.268  1.098 -0.075 -0.242 -0.277 -0.261 -0.261
 0.270  1.100 -0.072 -0.239 -0.276 -0.260 -0.260
 0.272  1.103 -0.068 -0.238 -0.275 -0.259 -0.259
 0.274  1.107 -0.065 -0.235 -0.274 -0.258 -0.258
 0.276  1.110 -0.063 -0.234 -0.272 -0.256 -0.256
 0.278  1.112 -0.059 -0.231 -0.271 -0.255 -0.255
 0.280  1.115 -0.056 -0.230 -0.269 -0.254 -0.254
 0.282  1.117 -0.052 -0.227 -0.267 -0.253 -0.253
 0.284  1.121 -0.050 -0.226 -0.266 -0.252 -0.252
 0.286  1.124 -0.047 -0.223 -0.264 -0.250 -0.250
 0.288  1.126 -0.043 -0.222 -0.263 -0.249 -0.249
 0.290  1.128 -0.040 -0.220 -0.261 -0.248 -0.248
 0.292  1.132 -0.037 -0.218 -0.259 -0.247 -0.247
 0.294  1.134 -0.034 -0.216 -0.257 -0.246 -0.246
 0.296  1.136 -0.031 -0.213 -0.256 -0.244 -0.244
 0.298  1.139 -0.027 -0.212 -0.254 -0.243 -0.243
 0.300  1.141 -0.024 -0.210 -0.252 -0.242 -0.242
 0.302  1.143 -0.020 -0.208 -0.251 -0.241 -0.241
 0.304  1.147 -0.017 -0.206 -0.249 -0.240 -0.240
 0.306  1.149 -0.015 -0.204 -0.247 -0.238 -0.238
 0.308  1.151 -0.011 -0.202 -0.245 -0.237 -0.237
 0.310  1.153 -0.008 -0.200 -0.242 -0.236 -0.236
 0.312  1.156 -0.005 -0.198 -0.241 -0.235 -0.235
 0.314  1.159 -0.001 -0.196 -0.239 -0.234 -0.234
 0.316  1.161  0.002 -0.193 -0.236 -0.232 -0.232
 0.318  1.164  0.006 -0.192 -0.234 -0.231 -0.231
 0.320  1.166  0.009 -0.189 -0.232 -0.230 -0.230
 0.322  1.168  0.013 -0.187 -0.230 -0.228 -0.228
 0.324  1.172  0.016 -0.185 -0.227 -0.227 -0.227
 0.326  1.174  0.019 -0.183 -0.225 -0.225 -0.225
 0.328  1.177  0.023 -0.180 -0.223 -0.224 -0.224
 0.330  1.179  0.026 -0.179 -0.221 -0.223 -0.223
 0.332  1.183  0.030 -0.176 -0.219 -0.221 -0.221
 0.334  1.185  0.033 -0.174 -0.216 -0.220 -0.220
 0.336  1.187  0.036 -0.171 -0.214 -0.219 -0.219
 0.338  1.190  0.040 -0.170 -0.212 -0.218 -0.218
 0.340  1.193  0.043 -0.167 -0.210 -0.216 -0.216
 0.342  1.196  0.048 -0.165 -0.207 -0.215 -0.215
 0.344  1.199  0.051 -0.162 -0.205 -0.213 -0.213
 0.346  1.201  0.055 -0.160 -0.203 -0.212 -0.212
 0.348  1.204  0.058 -0.158 -0.201 -0.211 -0.211
 0.350  1.206  0.061 -0.155 -0.199 -0.209 -0.209
 0.352  1.210  0.065 -0.154 -0.197 -0.207 -0.207
 0.354  1.213  0.068 -0.151 -0.195 -0.206 -0.206
 0.356  1.215  0.072 -0.149 -0.193 -0.205 -0.205
 0.358  1.218  0.075 -0.146 -0.191 -0.203 -0.203
 0.360  1.222  0.079 -0.144 -0.189 -0.202 -0.202
 0.362  1.225  0.082 -0.141 -0.187 -0.200 -0.200
 0.364  1.227  0.085 -0.139 -0.185 -0.199 -0.199
 0.366  1.230  0.089 -0.137 -0.184 -0.197 -0.197
 0.368  1.233  0.092 -0.134 -0.182 -0.196 -0.196
 0.370  1.237  0.096 -0.132 -0.180 -0.194 -0.194
 0.372  1.239  0.099 -0.129 -0.179 -0.193 -0.193
 0.374  1.242  0.102 -0.127 -0.177 -0.191 -0.191
 0.376  1.245  0.106 -0.124 -0.175 -0.190 -0.190
 0.378  1.249  0.109 -0.123 -0.174 -0.188 -0.188
 0.380  1.252  0.112 -0.120 -0.172 -0.187 -0.187
 0.382  1.254  0.115 -0.118 -0.170 -0.185 -0.185
 0.384  1.257  0.118 -0.115 -0.169 -0.184 -0.184
 0.386  1.261  0.122 -0.114 -0.167 -0.182 -0.182
 0.388  1.263  0.125 -0.111 -0.165 -0.181 -0.181
 0.390  1.266  0.127 -0.109 -0.164 -0.179 -0.179
 0.392  1.269  0.131 -0.107 -0.163 -0.178 -0.178
 0.394  1.271  0.134 -0.105 -0.161 -0.176 -0.176
 0.396  1.275  0.138 -0.103 -0.160 -0.175 -0.175
 0.398  1.277  0.140 -0.100 -0.159 -0.173 -0.173
 0.400  1.280  0.143 -0.098 -0.157 -0.172 -0.172
 0.402  1.282  0.147 -0.096 -0.156 -0.171 -0.171
 0.404  1.285  0.149 -0.094 -0.155 -0.169 -0.169
 0.406  1.288  0.152 -0.092 -0.154 -0.168 -0.168
 0.408  1.291  0.156 -0.090 -0.152 -0.166 -0.166
 0.410  1.293  0.158 -0.087 -0.150 -0.165 -0.165
 0.412  1.296  0.162 -0.086 -0.149 -0.164 -0.164
 0.414  1.298  0.164 -0.083 -0.148 -0.162 -0.162
 0.416  1.301  0.167 -0.081 -0.147 -0.161 -0.161
 0.418  1.304  0.170 -0.079 -0.145 -0.160 -0.160
 0.420  1.306  0.173 -0.077 -0.144 -0.158 -0.158
 0.422  1.308  0.175 -0.075 -0.142 -0.157 -0.157
 0.424  1.310  0.179 -0.073 -0.141 -0.155 -0.155
 0.426  1.314  0.181 -0.071 -0.140 -0.154 -0.154
 0.428  1.316  0.184 -0.069 -0.138 -0.153 -0.153
 0.430  1.318  0.187 -0.067 -0.137 -0.152 -0.152
 0.432  1.320  0.189 -0.065 -0.135 -0.150 -0.150
 0.434  1.322  0.192 -0.064 -0.134 -0.149 -0.149
 0.436  1.325  0.195 -0.061 -0.132 -0.148 -0.148
 0.438  1.327  0.197 -0.060 -0.131 -0.147 -0.147
 0.440  1.329  0.199 -0.058 -0.130 -0.145 -0.145
 0.442  1.331  0.201 -0.056 -0.128 -0.144 -0.144
 0.444  1.333  0.205 -0.054 -0.127 -0.143 -0.143
 0.446  1.335  0.207 -0.052 -0.125 -0.141 -0.141
 0.448  1.338  0.209 -0.051 -0.124 -0.140 -0.140
 0.450  1.340  0.212 -0.049 -0.122 -0.139 -0.139
 0.452  1.342  0.214 -0.047 -0.120 -0.137 -0.137
 0.454  1.344  0.216 -0.046 -0.119 -0.136 -0.136
 0.456  1.346  0.218 -0.044 -0.117 -0.135 -0.135
 0.458  1.348  0.221 -0.043 -0.116 -0.134 -0.134
 0.460  1.351  0.222 -0.041 -0.114 -0.132 -0.132
 0.462  1.353  0.224 -0.039 -0.113 -0.131 -0.131
 0.464  1.354  0.226 -0.038 -0.111 -0.130 -0.130
 0.466  1.356  0.229 -0.036 -0.110 -0.129 -0.129
 0.468  1.358  0.231 -0.034 -0.108 -0.128 -0.128
 0.470  1.360  0.232 -0.034 -0.107 -0.126 -0.126
 0.472  1.361  0.234 -0.032 -0.105 -0.125 -0.125
 0.474  1.364  0.237 -0.030 -0.103 -0.124 -0.124
 0.476  1.366  0.238 -0.029 -0.102 -0.123 -0.123
 0.478  1.368  0.240 -0.028 -0.100 -0.122 -0.122
 0.480  1.369  0.241 -0.026 -0.099 -0.121 -0.121
 0.482  1.371  0.244 -0.025 -0.097 -0.119 -0.119
 0.484  1.373  0.245 -0.024 -0.096 -0.118 -0.118
 0.486  1.374  0.247 -0.022 -0.095 -0.117 -0.117
 0.488  1.377  0.248 -0.022 -0.093 -0.116 -0.116
 0.490  1.378  0.250 -0.020 -0.092 -0.115 -0.115
 0.492  1.380  0.251 -0.019 -0.090 -0.114 -0.114
 0.494  1.381  0.253 -0.018 -0.089 -0.113 -0.113
 0.496  1.383  0.255 -0.017 -0.088 -0.112 -0.112
 0.498  1.385  0.256 -0.016 -0.087 -0.111 -0.111
 0.500  1.386  0.257 -0.015 -0.085 -0.109 -0.109
 0.502  1.388  0.258 -0.013 -0.084 -0.108 -0.108
 0.504  1.390  0.261 -0.013 -0.083 -0.107 -0.107
 0.506  1.391  0.262 -0.012 -0.082 -0.106 -0.106
 0.508  1.393  0.263 -0.010 -0.081 -0.105 -0.105
 0.510  1.394  0.264 -0.009 -0.080 -0.104 -0.104
 0.512  1.396  0.265 -0.009 -0.078 -0.103 -0.103
 0.514  1.397  0.266 -0.008 -0.077 -0.102 -0.102
 0.516  1.398  0.267 -0.006 -0.077 -0.101 -0.101
 0.518  1.400  0.269 -0.005 -0.075 -0.100 -0.100
 0.520  1.401  0.270 -0.005 -0.075 -0.099 -0.099
 0.522  1.403  0.271 -0.004 -0.073 -0.097 -0.097
 0.524  1.404  0.272 -0.003 -0.073 -0.096 -0.096
 0.526  1.406  0.273 -0.001 -0.072 -0.096 -0.096
 0.528  1.407  0.274 -0.000 -0.071 -0.095 -0.095
 0.530  1.408  0.275  0.000 -0.070 -0.094 -0.094
 0.532  1.409  0.276  0.001 -0.070 -0.093 -0.093
 0.534  1.410  0.276  0.002 -0.068 -0.091 -0.091
 0.536  1.410  0.278  0.003 -0.068 -0.091 -0.091
 0.538  1.411  0.279  0.004 -0.067 -0.090 -0.090
 0.540  1.412  0.280  0.005 -0.067 -0.089 -0.089
 0.542  1.413  0.280  0.006 -0.066 -0.088 -0.088
 0.544  1.413  0.281  0.007 -0.065 -0.087 -0.087
 0.546  1.414  0.282  0.008 -0.065 -0.086 -0.086
 0.548  1.416  0.282  0.008 -0.064 -0.085 -0.085
 0.550  1.416  0.283  0.009 -0.063 -0.084 -0.084
 0.552  1.417  0.283  0.011 -0.063 -0.084 -0.084
 0.554  1.417  0.284  0.012 -0.062 -0.083 -0.083
 0.556  1.417  0.284  0.012 -0.062 -0.082 -0.082
 0.558  1.418  0.286  0.013 -0.061 -0.081 -0.081
 0.560  1.418  0.286  0.014 -0.060 -0.081 -0.081
 0.562  1.418  0.287  0.015 -0.060 -0.079 -0.079
 0.564  1.419  0.287  0.016 -0.059 -0.079 -0.079
 0.566  1.419  0.288  0.017 -0.058 -0.078 -0.078
 0.568  1.419  0.288  0.017 -0.058 -0.077 -0.077
 0.570  1.419  0.288  0.018 -0.057 -0.076 -0.076
 0.572  1.419  0.289  0.019 -0.057 -0.076 -0.076
 0.574  1.419  0.289  0.020 -0.056 -0.075 -0.075
 0.576  1.419  0.290  0.021 -0.055 -0.074 -0.074
 0.578  1.418  0.290  0.021 -0.055 -0.073 -0.073
 0.580  1.418  0.290  0.022 -0.054 -0.073 -0.073
 0.582  1.418  0.291  0.023 -0.053 -0.072 -0.072
 0.584  1.418  0.291  0.024 -0.052 -0.071 -0.071
 0.586  1.417  0.291  0.025 -0.052 -0.071 -0.071
 0.588  1.417  0.292  0.025 -0.051 -0.070 -0.070
 0.590  1.417  0.292  0.026 -0.050 -0.069 -0.069
 0.592  1.416  0.292  0.026 -0.050 -0.068 -0.068
 0.594  1.416  0.292  0.027 -0.049 -0.068 -0.068
 0.596  1.416  0.294  0.028 -0.048 -0.067 -0.067
 0.598  1.414  0.294  0.029 -0.048 -0.066 -0.066
 0.600  1.414  0.294  0.029 -0.047 -0.066 -0.066
 0.602  1.414  0.294  0.029 -0.047 -0.065 -0.065
 0.604  1.413  0.295  0.030 -0.046 -0.065 -0.065
 0.606  1.413  0.295  0.030 -0.045 -0.064 -0.064
 0.608  1.413  0.295  0.031 -0.044 -0.063 -0.063
 0.610  1.412  0.295  0.032 -0.043 -0.062 -0.062
 0.612  1.412  0.296  0.032 -0.043 -0.062 -0.062
 0.614  1.412  0.296  0.033 -0.042 -0.061 -0.061
 0.616  1.412  0.296  0.033 -0.042 -0.060 -0.060
 0.618  1.411  0.296  0.034 -0.041 -0.060 -0.060
 0.620  1.411  0.296  0.034 -0.040 -0.059 -0.059
 0.622  1.411  0.296  0.034 -0.040 -0.058 -0.058
 0.624  1.411  0.297  0.034 -0.039 -0.058 -0.058
 0.626  1.411  0.297  0.035 -0.038 -0.057 -0.057
 0.628  1.410  0.297  0.035 -0.038 -0.056 -0.056
 0.630  1.410  0.297  0.035 -0.037 -0.055 -0.055
 0.632  1.410  0.297  0.036 -0.037 -0.055 -0.055
 0.634  1.410  0.297  0.036 -0.036 -0.054 -0.054
 0.636  1.410  0.297  0.036 -0.035 -0.053 -0.053
 0.638  1.410  0.297  0.037 -0.035 -0.053 -0.053
 0.640  1.410  0.297  0.037 -0.034 -0.052 -0.052
 0.642  1.410  0.297  0.037 -0.034 -0.051 -0.051
 0.644  1.410  0.297  0.038 -0.033 -0.050 -0.050
 0.646  1.409  0.297  0.038 -0.033 -0.050 -0.050
 0.648  1.409  0.297  0.038 -0.032 -0.049 -0.049
 0.650  1.409  0.296  0.038 -0.032 -0.048 -0.048
 0.652  1.409  0.296  0.038 -0.032 -0.048 -0.048
 0.654  1.409  0.296  0.038 -0.031 -0.047 -0.047
 0.656  1.409  0.295  0.038 -0.031 -0.046 -0.046
 0.658  1.409  0.295  0.038 -0.030 -0.046 -0.046
 0.660  1.409  0.294  0.038 -0.030 -0.044 -0.044
 0.662  1.409  0.294  0.038 -0.030 -0.044 -0.044
 0.664  1.410  0.292  0.038 -0.029 -0.043 -0.043
 0.666  1.410  0.292  0.038 -0.029 -0.042 -0.042
 0.668  1.410  0.291  0.038 -0.029 -0.042 -0.042
 0.670  1.409  0.291  0.038 -0.028 -0.041 -0.041
 0.672  1.409  0.290  0.038 -0.028 -0.040 -0.040
 0.674  1.409  0.289  0.038 -0.028 -0.039 -0.039
 0.676  1.409  0.289  0.038 -0.028 -0.038 -0.038
 0.678  1.409  0.288  0.037 -0.028 -0.037 -0.037
 0.680  1.409  0.287  0.037 -0.028 -0.037 -0.037
 0.682  1.409  0.286  0.037 -0.027 -0.036 -0.036
 0.684  1.409  0.284  0.037 -0.027 -0.035 -0.035
 0.686  1.409  0.283  0.036 -0.027 -0.034 -0.034
 0.688  1.408  0.282  0.036 -0.027 -0.033 -0.033
 0.690  1.408  0.281  0.036 -0.027 -0.032 -0.032
 0.692  1.408  0.280  0.035 -0.027 -0.031 -0.031
 0.694  1.408  0.279  0.035 -0.026 -0.030 -0.030
 0.696  1.408  0.278  0.034 -0.026 -0.029 -0.029
 0.698  1.408  0.276  0.034 -0.025 -0.028 -0.028
 0.700  1.407  0.274  0.034 -0.025 -0.027 -0.027
 0.702  1.407  0.273  0.034 -0.025 -0.026 -0.026
 0.704  1.407  0.272  0.033 -0.024 -0.025 -0.025
 0.706  1.407  0.271  0.033 -0.024 -0.024 -0.024
 0.708  1.406  0.270  0.032 -0.023 -0.023 -0.023
 0.710  1.406  0.269  0.031 -0.023 -0.022 -0.022
 0.712  1.406  0.267  0.031 -0.022 -0.021 -0.021
 0.714  1.405  0.267  0.030 -0.022 -0.020 -0.020
 0.716  1.405  0.266  0.030 -0.021 -0.019 -0.019
 0.718  1.404  0.266  0.029 -0.020 -0.018 -0.018
 0.720  1.404  0.265  0.029 -0.019 -0.017 -0.017
 0.722  1.404  0.265  0.029 -0.018 -0.015 -0.015
 0.724  1.403  0.265  0.029 -0.018 -0.014 -0.014
 0.726  1.403  0.265  0.029 -0.017 -0.013 -0.013
 0.728  1.403  0.265  0.029 -0.016 -0.012 -0.012
 0.730  1.401  0.265  0.029 -0.015 -0.011 -0.011
 0.732  1.401  0.266  0.029 -0.014 -0.009 -0.009
 0.734  1.401  0.266  0.030 -0.013 -0.008 -0.008
 0.736  1.401  0.267  0.031 -0.012 -0.006 -0.006
 0.738  1.401  0.267  0.031 -0.010 -0.005 -0.005
 0.740  1.401  0.269  0.033 -0.009 -0.003 -0.003
 0.742  1.401  0.270  0.034 -0.008 -0.002 -0.002
 0.744  1.403  0.271  0.034 -0.007 -0.000 -0.000
 0.746  1.404  0.272  0.036 -0.005  0.001  0.001
 0.748  1.404  0.273  0.037 -0.004  0.003  0.003
 0.750  1.405  0.275  0.038 -0.003  0.005  0.005
 0.752  1.406  0.276  0.040 -0.002  0.007  0.007
 0.754  1.408  0.279  0.042 -0.000  0.009  0.009
 0.756  1.409  0.281  0.043  0.002  0.011  0.011
 0.758  1.411  0.282  0.045  0.003  0.013  0.013
 0.760  1.413  0.284  0.046  0.004  0.015  0.015
 0.762  1.416  0.288  0.049  0.006  0.017  0.017
 0.764  1.418  0.290  0.051  0.008  0.019  0.019
 0.766  1.420  0.292  0.053  0.009  0.022  0.022
 0.768  1.423  0.295  0.055  0.011  0.024  0.024
 0.770  1.426  0.298  0.058  0.013  0.026  0.026
 0.772  1.429  0.300  0.060  0.015  0.028  0.028
 0.774  1.432  0.304  0.063  0.017  0.031  0.031
 0.776  1.435  0.306  0.067  0.019  0.034  0.034
 0.778  1.438  0.309  0.069  0.020  0.036  0.036
 0.780  1.442  0.313  0.072  0.022  0.039  0.039
 0.782  1.446  0.315  0.076  0.024  0.041  0.041
 0.784  1.450  0.319  0.079  0.027  0.044  0.044
 0.786  1.454  0.322  0.082  0.029  0.047  0.047
 0.788  1.458  0.325  0.085  0.030  0.050  0.050
 0.790  1.463  0.329  0.089  0.032  0.053  0.053
 0.792  1.468  0.331  0.092  0.035  0.056  0.056
 0.794  1.473  0.335  0.095  0.037  0.059  0.059
 0.796  1.478  0.338  0.098  0.039  0.062  0.062
 0.798  1.484  0.341  0.102  0.040  0.064  0.064
 0.800  1.488  0.345  0.105  0.043  0.067  0.067
 0.802  1.494  0.348  0.108  0.045  0.070  0.070
 0.804  1.499  0.352  0.110  0.047  0.072  0.072
 0.806  1.503  0.355  0.114  0.049  0.074  0.074
 0.808  1.508  0.358  0.116  0.052  0.076  0.076
 0.810  1.512  0.361  0.119  0.054  0.077  0.077
 0.812  1.515  0.364  0.122  0.057  0.078  0.078
 0.814  1.519  0.368  0.125  0.060  0.079  0.079
 0.816  1.521  0.370  0.127  0.063  0.080  0.080
 0.818  1.523  0.373  0.130  0.066  0.080  0.080
 0.820  1.524  0.375  0.132  0.069  0.079  0.079
 0.822  1.525  0.379  0.135  0.072  0.078  0.078
 0.824  1.526  0.382  0.137  0.074  0.077  0.077
 0.826  1.526  0.386  0.140  0.077  0.076  0.076
 0.828  1.526  0.389  0.142  0.079  0.074  0.074
 0.830  1.525  0.393  0.144  0.081  0.072  0.072
 0.832  1.524  0.396  0.146  0.083  0.070  0.070
 0.834  1.522  0.400  0.149  0.084  0.067  0.067
 0.836  1.520  0.404  0.150  0.085  0.064  0.064
 0.838  1.517  0.407  0.153  0.086  0.061  0.061
 0.840  1.514  0.412  0.154  0.086  0.057  0.057
 0.842  1.511  0.415  0.157  0.085  0.053  0.053
 0.844  1.507  0.418  0.158  0.085  0.050  0.050
 0.846  1.502  0.420  0.160  0.084  0.045  0.045
 0.848  1.497  0.422  0.161  0.082  0.040  0.040
 0.850  1.491  0.423  0.163  0.079  0.034  0.034
 0.852  1.486  0.423  0.165  0.076  0.029  0.029
 0.854  1.480  0.422  0.166  0.072  0.023  0.023
 0.856  1.473  0.421  0.168  0.067  0.016  0.016
 0.858  1.465  0.419  0.169  0.062  0.009  0.009
 0.860  1.458  0.414  0.170  0.057  0.002  0.002
 0.862  1.449  0.410  0.170  0.050 -0.005 -0.005
 0.864  1.441  0.405  0.170  0.044 -0.013 -0.013
 0.866  1.431  0.398  0.168  0.036 -0.020 -0.020
 0.868  1.421  0.390  0.167  0.029 -0.029 -0.029
 0.870  1.411  0.382  0.165  0.020 -0.037 -0.037
 0.872  1.401  0.373  0.161  0.011 -0.045 -0.045
 0.874  1.391  0.363  0.157  0.001 -0.054 -0.054
 0.876  1.379  0.352  0.153 -0.009 -0.062 -0.062
 0.878  1.368  0.339  0.147 -0.019 -0.071 -0.071
 0.880  1.355  0.325  0.140 -0.030 -0.079 -0.079
 0.882  1.343  0.311  0.133 -0.042 -0.088 -0.088
 0.884  1.330  0.295  0.126 -0.054 -0.097 -0.097
 0.886  1.317  0.279  0.117 -0.067 -0.106 -0.106
 0.888  1.303  0.261  0.108 -0.080 -0.114 -0.114
 0.890  1.290  0.242  0.098 -0.095 -0.123 -0.123
 0.892  1.275  0.222  0.089 -0.109 -0.131 -0.131
 0.894  1.261  0.201  0.077 -0.125 -0.140 -0.140
 0.896  1.245  0.180  0.066 -0.140 -0.149 -0.149
 0.898  1.229  0.156  0.055 -0.157 -0.158 -0.158
 0.900  1.214  0.132  0.042 -0.173 -0.166 -0.166
 0.902  1.198  0.107  0.029 -0.189 -0.174 -0.174
 0.904  1.181  0.082  0.014 -0.206 -0.183 -0.183
 0.906  1.164  0.055 -0.000 -0.222 -0.191 -0.191
 0.908  1.147  0.027 -0.017 -0.239 -0.200 -0.200
 0.910  1.129 -0.001 -0.033 -0.254 -0.208 -0.208
 0.912  1.112 -0.031 -0.051 -0.270 -0.217 -0.217
 0.914  1.094 -0.060 -0.069 -0.284 -0.226 -0.226
 0.916  1.076 -0.090 -0.089 -0.299 -0.234 -0.234
 0.918  1.057 -0.121 -0.109 -0.312 -0.243 -0.243
 0.920  1.038 -0.151 -0.129 -0.326 -0.252 -0.252
 0.922  1.019 -0.182 -0.150 -0.339 -0.260 -0.260
 0.924  0.999 -0.213 -0.172 -0.351 -0.268 -0.268
 0.926  0.979 -0.242 -0.194 -0.363 -0.277 -0.277
 0.928  0.958 -0.271 -0.216 -0.374 -0.286 -0.286
 0.930  0.936 -0.299 -0.237 -0.385 -0.294 -0.294
 0.932  0.915 -0.326 -0.259 -0.396 -0.303 -0.303
 0.934  0.892 -0.353 -0.280 -0.406 -0.312 -0.312
 0.936  0.869 -0.377 -0.301 -0.416 -0.320 -0.320
 0.938  0.846 -0.400 -0.322 -0.426 -0.329 -0.329
 0.940  0.823 -0.422 -0.342 -0.435 -0.337 -0.337
 0.942  0.800 -0.444 -0.362 -0.444 -0.346 -0.346
 0.944  0.777 -0.464 -0.380 -0.453 -0.354 -0.354
 0.946  0.754 -0.483 -0.399 -0.461 -0.362 -0.362
 0.948  0.732 -0.503 -0.417 -0.468 -0.370 -0.370
 0.950  0.710 -0.521 -0.435 -0.475 -0.377 -0.377
 0.952  0.689 -0.538 -0.451 -0.482 -0.384 -0.384
 0.954  0.669 -0.555 -0.466 -0.488 -0.391 -0.391
 0.956  0.649 -0.571 -0.481 -0.494 -0.397 -0.397
 0.958  0.631 -0.586 -0.495 -0.499 -0.403 -0.403
 0.960  0.613 -0.601 -0.508 -0.504 -0.409 -0.409
 0.962  0.596 -0.614 -0.521 -0.508 -0.415 -0.415
 0.964  0.581 -0.627 -0.533 -0.512 -0.420 -0.420
 0.966  0.566 -0.639 -0.544 -0.516 -0.425 -0.425
 0.968  0.552 -0.650 -0.555 -0.519 -0.430 -0.430
 0.970  0.537 -0.660 -0.565 -0.522 -0.435 -0.435
 0.972  0.526 -0.669 -0.575 -0.525 -0.438 -0.438
 0.974  0.514 -0.677 -0.583 -0.527 -0.443 -0.443
 0.976  0.503 -0.684 -0.592 -0.529 -0.446 -0.446
 0.978  0.493 -0.689 -0.599 -0.531 -0.449 -0.449
 0.980  0.483 -0.695 -0.606 -0.533 -0.453 -0.453
 0.982  0.476 -0.700 -0.613 -0.534 -0.455 -0.455
 0.984  0.468 -0.703 -0.618 -0.535 -0.458 -0.458
 0.986  0.462 -0.706 -0.623 -0.536 -0.460 -0.460
 0.988  0.456 -0.709 -0.627 -0.537 -0.462 -0.462
 0.990  0.452 -0.710 -0.631 -0.538 -0.464 -0.464
 0.992  0.449 -0.712 -0.635 -0.538 -0.465 -0.465
 0.994  0.445 -0.713 -0.637 -0.539 -0.466 -0.466
 0.996  0.444 -0.713 -0.639 -0.540 -0.466 -0.466
 0.998  0.443 -0.714 -0.640 -0.540 -0.467 -0.467
