# IsPeriodic    : True
# Period        : 0.622378 days
# Normalization : <g_mag>=0
# 
# Phase u_mag  g_mag  r_mag  i_mag  z_mag  y_mag
 0.000  0.589 -0.615 -0.606 -0.558 -0.516 -0.516
 0.002  0.589 -0.615 -0.606 -0.558 -0.516 -0.516
 0.004  0.589 -0.615 -0.606 -0.557 -0.516 -0.516
 0.006  0.590 -0.615 -0.605 -0.556 -0.515 -0.515
 0.008  0.591 -0.613 -0.604 -0.555 -0.515 -0.515
 0.010  0.593 -0.611 -0.602 -0.552 -0.514 -0.514
 0.012  0.594 -0.610 -0.601 -0.550 -0.513 -0.513
 0.014  0.596 -0.607 -0.599 -0.547 -0.512 -0.512
 0.016  0.598 -0.605 -0.596 -0.544 -0.510 -0.510
 0.018  0.600 -0.602 -0.594 -0.540 -0.510 -0.510
 0.020  0.603 -0.599 -0.591 -0.537 -0.508 -0.508
 0.022  0.605 -0.597 -0.589 -0.533 -0.507 -0.507
 0.024  0.608 -0.594 -0.586 -0.529 -0.505 -0.505
 0.026  0.611 -0.591 -0.584 -0.525 -0.504 -0.504
 0.028  0.613 -0.587 -0.581 -0.521 -0.502 -0.502
 0.030  0.616 -0.584 -0.579 -0.518 -0.501 -0.501
 0.032  0.619 -0.580 -0.576 -0.515 -0.499 -0.499
 0.034  0.622 -0.578 -0.573 -0.511 -0.498 -0.498
 0.036  0.625 -0.574 -0.571 -0.508 -0.496 -0.496
 0.038  0.627 -0.570 -0.568 -0.504 -0.494 -0.494
 0.040  0.631 -0.566 -0.565 -0.501 -0.493 -0.493
 0.042  0.633 -0.562 -0.562 -0.498 -0.491 -0.491
 0.044  0.637 -0.558 -0.559 -0.495 -0.489 -0.489
 0.046  0.640 -0.554 -0.557 -0.492 -0.488 -0.488
 0.048  0.644 -0.549 -0.553 -0.489 -0.486 -0.486
 0.050  0.648 -0.544 -0.550 -0.486 -0.484 -0.484
 0.052  0.651 -0.540 -0.547 -0.483 -0.482 -0.482
 0.054  0.655 -0.535 -0.544 -0.479 -0.480 -0.480
 0.056  0.659 -0.529 -0.540 -0.477 -0.477 -0.477
 0.058  0.663 -0.524 -0.537 -0.474 -0.475 -0.475
 0.060  0.666 -0.519 -0.533 -0.471 -0.473 -0.473
 0.062  0.671 -0.513 -0.530 -0.468 -0.471 -0.471
 0.064  0.675 -0.507 -0.525 -0.465 -0.468 -0.468
 0.066  0.680 -0.502 -0.522 -0.463 -0.466 -0.466
 0.068  0.684 -0.495 -0.518 -0.460 -0.463 -0.463
 0.070  0.688 -0.489 -0.514 -0.457 -0.461 -0.461
 0.072  0.693 -0.483 -0.510 -0.455 -0.458 -0.458
 0.074  0.699 -0.477 -0.506 -0.452 -0.456 -0.456
 0.076  0.703 -0.470 -0.502 -0.450 -0.453 -0.453
 0.078  0.708 -0.464 -0.498 -0.448 -0.451 -0.451
 0.080  0.713 -0.458 -0.494 -0.446 -0.448 -0.448
 0.082  0.718 -0.451 -0.490 -0.443 -0.446 -0.446
 0.084  0.722 -0.445 -0.486 -0.441 -0.443 -0.443
 0.086  0.727 -0.439 -0.482 -0.439 -0.441 -0.441
 0.088  0.732 -0.433 -0.478 -0.437 -0.438 -0.438
 0.090  0.737 -0.427 -0.474 -0.434 -0.436 -0.436
 0.092  0.742 -0.421 -0.470 -0.432 -0.434 -0.434
 0.094  0.747 -0.415 -0.466 -0.430 -0.431 -0.431
 0.096  0.751 -0.410 -0.463 -0.428 -0.429 -0.429
 0.098  0.756 -0.404 -0.459 -0.426 -0.426 -0.426
 0.100  0.760 -0.398 -0.455 -0.424 -0.425 -0.425
 0.102  0.765 -0.394 -0.452 -0.422 -0.422 -0.422
 0.104  0.770 -0.388 -0.448 -0.420 -0.420 -0.420
 0.106  0.774 -0.383 -0.445 -0.417 -0.418 -0.418
 0.108  0.778 -0.378 -0.441 -0.416 -0.416 -0.416
 0.110  0.782 -0.373 -0.438 -0.413 -0.414 -0.414
 0.112  0.787 -0.368 -0.434 -0.411 -0.412 -0.412
 0.114  0.791 -0.362 -0.431 -0.409 -0.410 -0.410
 0.116  0.795 -0.358 -0.428 -0.407 -0.408 -0.408
 0.118  0.799 -0.353 -0.424 -0.405 -0.406 -0.406
 0.120  0.803 -0.348 -0.421 -0.403 -0.404 -0.404
 0.122  0.807 -0.344 -0.418 -0.401 -0.402 -0.402
 0.124  0.810 -0.340 -0.415 -0.399 -0.400 -0.400
 0.126  0.815 -0.335 -0.412 -0.397 -0.398 -0.398
 0.128  0.818 -0.331 -0.409 -0.395 -0.397 -0.397
 0.130  0.821 -0.326 -0.406 -0.393 -0.395 -0.395
 0.132  0.826 -0.323 -0.403 -0.391 -0.393 -0.393
 0.134  0.829 -0.319 -0.400 -0.389 -0.392 -0.392
 0.136  0.832 -0.315 -0.397 -0.387 -0.390 -0.390
 0.138  0.836 -0.311 -0.394 -0.385 -0.388 -0.388
 0.140  0.839 -0.307 -0.391 -0.383 -0.387 -0.387
 0.142  0.842 -0.304 -0.389 -0.381 -0.386 -0.386
 0.144  0.845 -0.300 -0.386 -0.379 -0.384 -0.384
 0.146  0.848 -0.296 -0.384 -0.377 -0.383 -0.383
 0.148  0.852 -0.293 -0.381 -0.376 -0.381 -0.381
 0.150  0.854 -0.289 -0.379 -0.373 -0.380 -0.380
 0.152  0.858 -0.286 -0.376 -0.372 -0.378 -0.378
 0.154  0.860 -0.282 -0.373 -0.369 -0.377 -0.377
 0.156  0.864 -0.279 -0.371 -0.368 -0.376 -0.376
 0.158  0.866 -0.275 -0.368 -0.366 -0.374 -0.374
 0.160  0.870 -0.271 -0.366 -0.364 -0.373 -0.373
 0.162  0.872 -0.268 -0.364 -0.362 -0.371 -0.371
 0.164  0.875 -0.265 -0.361 -0.360 -0.370 -0.370
 0.166  0.878 -0.261 -0.359 -0.358 -0.368 -0.368
 0.168  0.881 -0.257 -0.356 -0.356 -0.367 -0.367
 0.170  0.884 -0.254 -0.354 -0.355 -0.366 -0.366
 0.172  0.886 -0.250 -0.351 -0.353 -0.364 -0.364
 0.174  0.890 -0.247 -0.349 -0.351 -0.363 -0.363
 0.176  0.892 -0.243 -0.347 -0.349 -0.361 -0.361
 0.178  0.896 -0.239 -0.344 -0.347 -0.360 -0.360
 0.180  0.898 -0.235 -0.342 -0.346 -0.358 -0.358
 0.182  0.902 -0.232 -0.339 -0.344 -0.357 -0.357
 0.184  0.905 -0.228 -0.337 -0.342 -0.356 -0.356
 0.186  0.908 -0.224 -0.334 -0.340 -0.354 -0.354
 0.188  0.911 -0.220 -0.332 -0.339 -0.353 -0.353
 0.190  0.914 -0.216 -0.330 -0.337 -0.351 -0.351
 0.192  0.917 -0.213 -0.327 -0.335 -0.350 -0.350
 0.194  0.920 -0.209 -0.325 -0.334 -0.349 -0.349
 0.196  0.923 -0.205 -0.323 -0.332 -0.348 -0.348
 0.198  0.926 -0.201 -0.320 -0.330 -0.346 -0.346
 0.200  0.929 -0.197 -0.318 -0.329 -0.345 -0.345
 0.202  0.932 -0.194 -0.316 -0.327 -0.343 -0.343
 0.204  0.936 -0.190 -0.314 -0.326 -0.342 -0.342
 0.206  0.938 -0.185 -0.312 -0.324 -0.340 -0.340
 0.208  0.941 -0.181 -0.310 -0.322 -0.339 -0.339
 0.210  0.945 -0.177 -0.307 -0.321 -0.338 -0.338
 0.212  0.947 -0.174 -0.305 -0.320 -0.336 -0.336
 0.214  0.951 -0.170 -0.302 -0.318 -0.335 -0.335
 0.216  0.954 -0.165 -0.300 -0.316 -0.333 -0.333
 0.218  0.958 -0.161 -0.298 -0.315 -0.332 -0.332
 0.220  0.960 -0.158 -0.296 -0.313 -0.330 -0.330
 0.222  0.963 -0.154 -0.294 -0.312 -0.329 -0.329
 0.224  0.967 -0.150 -0.292 -0.311 -0.328 -0.328
 0.226  0.970 -0.145 -0.290 -0.309 -0.326 -0.326
 0.228  0.973 -0.141 -0.288 -0.308 -0.325 -0.325
 0.230  0.976 -0.138 -0.285 -0.306 -0.324 -0.324
 0.232  0.980 -0.134 -0.283 -0.305 -0.322 -0.322
 0.234  0.982 -0.130 -0.281 -0.303 -0.321 -0.321
 0.236  0.985 -0.126 -0.279 -0.302 -0.320 -0.320
 0.238  0.989 -0.123 -0.277 -0.300 -0.318 -0.318
 0.240  0.991 -0.120 -0.275 -0.299 -0.317 -0.317
 0.242  0.995 -0.116 -0.273 -0.298 -0.316 -0.316
 0.244  0.997 -0.112 -0.270 -0.296 -0.314 -0.314
 0.246  1.001 -0.108 -0.268 -0.295 -0.313 -0.313
 0.248  1.003 -0.105 -0.266 -0.294 -0.312 -0.312
 0.250  1.007 -0.102 -0.264 -0.292 -0.311 -0.311
 0.252  1.009 -0.099 -0.262 -0.291 -0.309 -0.309
 0.254  1.013 -0.095 -0.260 -0.290 -0.308 -0.308
 0.256  1.015 -0.091 -0.258 -0.288 -0.307 -0.307
 0.258  1.018 -0.088 -0.255 -0.287 -0.305 -0.305
 0.260  1.021 -0.085 -0.253 -0.285 -0.304 -0.304
 0.262  1.024 -0.082 -0.251 -0.284 -0.303 -0.303
 0.264  1.027 -0.079 -0.249 -0.282 -0.302 -0.302
 0.266  1.029 -0.075 -0.247 -0.281 -0.301 -0.301
 0.268  1.033 -0.072 -0.245 -0.279 -0.300 -0.300
 0.270  1.035 -0.069 -0.243 -0.278 -0.298 -0.298
 0.272  1.038 -0.067 -0.241 -0.277 -0.297 -0.297
 0.274  1.041 -0.064 -0.239 -0.275 -0.296 -0.296
 0.276  1.044 -0.060 -0.237 -0.274 -0.295 -0.295
 0.278  1.046 -0.057 -0.235 -0.273 -0.293 -0.293
 0.280  1.049 -0.054 -0.233 -0.272 -0.292 -0.292
 0.282  1.051 -0.051 -0.231 -0.270 -0.291 -0.291
 0.284  1.055 -0.049 -0.228 -0.269 -0.290 -0.290
 0.286  1.057 -0.047 -0.227 -0.268 -0.289 -0.289
 0.288  1.060 -0.044 -0.225 -0.266 -0.288 -0.288
 0.290  1.062 -0.041 -0.223 -0.265 -0.287 -0.287
 0.292  1.065 -0.038 -0.221 -0.263 -0.285 -0.285
 0.294  1.068 -0.035 -0.218 -0.262 -0.284 -0.284
 0.296  1.070 -0.032 -0.216 -0.261 -0.283 -0.283
 0.298  1.073 -0.030 -0.214 -0.259 -0.282 -0.282
 0.300  1.075 -0.028 -0.213 -0.258 -0.281 -0.281
 0.302  1.078 -0.025 -0.211 -0.256 -0.280 -0.280
 0.304  1.080 -0.022 -0.209 -0.255 -0.279 -0.279
 0.306  1.083 -0.019 -0.206 -0.253 -0.278 -0.278
 0.308  1.085 -0.016 -0.204 -0.252 -0.277 -0.277
 0.310  1.088 -0.013 -0.203 -0.251 -0.275 -0.275
 0.312  1.090 -0.012 -0.201 -0.250 -0.274 -0.274
 0.314  1.093 -0.009 -0.199 -0.248 -0.273 -0.273
 0.316  1.095 -0.006 -0.196 -0.247 -0.272 -0.272
 0.318  1.098 -0.003 -0.194 -0.246 -0.271 -0.271
 0.320  1.101 -0.000 -0.193 -0.244 -0.270 -0.270
 0.322  1.102  0.003 -0.191 -0.243 -0.269 -0.269
 0.324  1.105  0.006 -0.189 -0.242 -0.268 -0.268
 0.326  1.107  0.007 -0.186 -0.240 -0.267 -0.267
 0.328  1.110  0.010 -0.184 -0.239 -0.265 -0.265
 0.330  1.112  0.013 -0.183 -0.237 -0.264 -0.264
 0.332  1.114  0.016 -0.181 -0.236 -0.264 -0.264
 0.334  1.117  0.019 -0.179 -0.234 -0.263 -0.263
 0.336  1.119  0.022 -0.176 -0.233 -0.261 -0.261
 0.338  1.121  0.024 -0.175 -0.231 -0.260 -0.260
 0.340  1.123  0.027 -0.173 -0.230 -0.259 -0.259
 0.342  1.126  0.029 -0.171 -0.229 -0.258 -0.258
 0.344  1.128  0.032 -0.169 -0.227 -0.257 -0.257
 0.346  1.130  0.035 -0.167 -0.226 -0.256 -0.256
 0.348  1.133  0.038 -0.165 -0.225 -0.254 -0.254
 0.350  1.134  0.041 -0.163 -0.224 -0.254 -0.254
 0.352  1.137  0.043 -0.162 -0.222 -0.253 -0.253
 0.354  1.139  0.046 -0.159 -0.221 -0.251 -0.251
 0.356  1.141  0.049 -0.157 -0.219 -0.250 -0.250
 0.358  1.143  0.052 -0.155 -0.218 -0.249 -0.249
 0.360  1.145  0.054 -0.154 -0.216 -0.248 -0.248
 0.362  1.147  0.057 -0.152 -0.215 -0.247 -0.247
 0.364  1.150  0.060 -0.149 -0.213 -0.246 -0.246
 0.366  1.151  0.062 -0.148 -0.212 -0.245 -0.245
 0.368  1.154  0.065 -0.146 -0.211 -0.244 -0.244
 0.370  1.156  0.068 -0.144 -0.209 -0.243 -0.243
 0.372  1.158  0.071 -0.142 -0.208 -0.242 -0.242
 0.374  1.160  0.074 -0.140 -0.207 -0.240 -0.240
 0.376  1.162  0.076 -0.138 -0.205 -0.239 -0.239
 0.378  1.164  0.079 -0.137 -0.203 -0.238 -0.238
 0.380  1.167  0.081 -0.134 -0.202 -0.237 -0.237
 0.382  1.168  0.084 -0.132 -0.200 -0.236 -0.236
 0.384  1.171  0.087 -0.131 -0.199 -0.235 -0.235
 0.386  1.173  0.090 -0.129 -0.198 -0.234 -0.234
 0.388  1.175  0.092 -0.127 -0.196 -0.232 -0.232
 0.390  1.177  0.095 -0.125 -0.195 -0.231 -0.231
 0.392  1.179  0.097 -0.123 -0.194 -0.230 -0.230
 0.394  1.181  0.100 -0.121 -0.192 -0.229 -0.229
 0.396  1.184  0.102 -0.120 -0.191 -0.227 -0.227
 0.398  1.185  0.105 -0.117 -0.190 -0.226 -0.226
 0.400  1.188  0.108 -0.116 -0.188 -0.225 -0.225
 0.402  1.190  0.111 -0.114 -0.187 -0.224 -0.224
 0.404  1.192  0.113 -0.112 -0.186 -0.223 -0.223
 0.406  1.195  0.115 -0.110 -0.184 -0.222 -0.222
 0.408  1.196  0.118 -0.108 -0.183 -0.220 -0.220
 0.410  1.199  0.120 -0.107 -0.182 -0.219 -0.219
 0.412  1.201  0.123 -0.105 -0.180 -0.218 -0.218
 0.414  1.203  0.126 -0.103 -0.179 -0.216 -0.216
 0.416  1.206  0.129 -0.101 -0.178 -0.216 -0.216
 0.418  1.208  0.131 -0.099 -0.176 -0.214 -0.214
 0.420  1.210  0.134 -0.097 -0.175 -0.213 -0.213
 0.422  1.212  0.136 -0.095 -0.174 -0.212 -0.212
 0.424  1.215  0.138 -0.094 -0.172 -0.210 -0.210
 0.426  1.217  0.141 -0.092 -0.171 -0.209 -0.209
 0.428  1.219  0.143 -0.090 -0.170 -0.208 -0.208
 0.430  1.222  0.146 -0.088 -0.169 -0.207 -0.207
 0.432  1.224  0.149 -0.087 -0.167 -0.205 -0.205
 0.434  1.226  0.151 -0.085 -0.166 -0.204 -0.204
 0.436  1.228  0.153 -0.083 -0.165 -0.203 -0.203
 0.438  1.231  0.155 -0.081 -0.164 -0.201 -0.201
 0.440  1.233  0.158 -0.080 -0.162 -0.200 -0.200
 0.442  1.235  0.160 -0.078 -0.161 -0.199 -0.199
 0.444  1.238  0.163 -0.076 -0.160 -0.197 -0.197
 0.446  1.239  0.165 -0.074 -0.159 -0.197 -0.197
 0.448  1.242  0.167 -0.073 -0.157 -0.195 -0.195
 0.450  1.244  0.170 -0.071 -0.156 -0.194 -0.194
 0.452  1.246  0.171 -0.069 -0.155 -0.193 -0.193
 0.454  1.248  0.173 -0.068 -0.153 -0.192 -0.192
 0.456  1.250  0.175 -0.066 -0.152 -0.190 -0.190
 0.458  1.252  0.177 -0.065 -0.151 -0.189 -0.189
 0.460  1.254  0.179 -0.063 -0.150 -0.188 -0.188
 0.462  1.256  0.181 -0.062 -0.149 -0.187 -0.187
 0.464  1.258  0.183 -0.060 -0.147 -0.186 -0.186
 0.466  1.260  0.185 -0.058 -0.146 -0.185 -0.185
 0.468  1.261  0.187 -0.057 -0.145 -0.184 -0.184
 0.470  1.263  0.188 -0.055 -0.144 -0.183 -0.183
 0.472  1.265  0.190 -0.054 -0.143 -0.181 -0.181
 0.474  1.266  0.192 -0.053 -0.142 -0.180 -0.180
 0.476  1.268  0.194 -0.051 -0.140 -0.179 -0.179
 0.478  1.270  0.195 -0.050 -0.139 -0.178 -0.178
 0.480  1.272  0.197 -0.049 -0.138 -0.177 -0.177
 0.482  1.273  0.199 -0.048 -0.137 -0.176 -0.176
 0.484  1.274  0.200 -0.046 -0.135 -0.175 -0.175
 0.486  1.276  0.202 -0.045 -0.134 -0.174 -0.174
 0.488  1.277  0.204 -0.043 -0.133 -0.173 -0.173
 0.490  1.278  0.205 -0.043 -0.132 -0.172 -0.172
 0.492  1.280  0.207 -0.041 -0.131 -0.171 -0.171
 0.494  1.281  0.207 -0.040 -0.130 -0.170 -0.170
 0.496  1.283  0.208 -0.039 -0.129 -0.169 -0.169
 0.498  1.283  0.210 -0.038 -0.127 -0.169 -0.169
 0.500  1.285  0.211 -0.036 -0.126 -0.168 -0.168
 0.502  1.286  0.212 -0.036 -0.125 -0.167 -0.167
 0.504  1.287  0.214 -0.034 -0.124 -0.166 -0.166
 0.506  1.288  0.215 -0.033 -0.123 -0.165 -0.165
 0.508  1.289  0.216 -0.032 -0.122 -0.164 -0.164
 0.510  1.290  0.217 -0.031 -0.121 -0.163 -0.163
 0.512  1.291  0.219 -0.030 -0.120 -0.162 -0.162
 0.514  1.292  0.220 -0.029 -0.118 -0.161 -0.161
 0.516  1.293  0.221 -0.028 -0.117 -0.160 -0.160
 0.518  1.294  0.222 -0.027 -0.116 -0.159 -0.159
 0.520  1.294  0.223 -0.026 -0.115 -0.159 -0.159
 0.522  1.295  0.224 -0.025 -0.114 -0.158 -0.158
 0.524  1.296  0.225 -0.024 -0.113 -0.157 -0.157
 0.526  1.297  0.225 -0.023 -0.112 -0.157 -0.157
 0.528  1.298  0.226 -0.023 -0.111 -0.156 -0.156
 0.530  1.299  0.227 -0.021 -0.111 -0.155 -0.155
 0.532  1.299  0.228 -0.021 -0.109 -0.154 -0.154
 0.534  1.300  0.229 -0.020 -0.109 -0.153 -0.153
 0.536  1.301  0.230 -0.018 -0.108 -0.153 -0.153
 0.538  1.302  0.231 -0.018 -0.107 -0.152 -0.152
 0.540  1.302  0.232 -0.017 -0.107 -0.151 -0.151
 0.542  1.303  0.233 -0.016 -0.105 -0.150 -0.150
 0.544  1.304  0.233 -0.016 -0.105 -0.150 -0.150
 0.546  1.305  0.234 -0.014 -0.104 -0.150 -0.150
 0.548  1.305  0.235 -0.013 -0.104 -0.149 -0.149
 0.550  1.305  0.236 -0.013 -0.103 -0.148 -0.148
 0.552  1.306  0.237 -0.012 -0.103 -0.147 -0.147
 0.554  1.307  0.237 -0.011 -0.102 -0.147 -0.147
 0.556  1.307  0.238 -0.011 -0.101 -0.146 -0.146
 0.558  1.308  0.239 -0.010 -0.101 -0.146 -0.146
 0.560  1.308  0.239 -0.009 -0.100 -0.145 -0.145
 0.562  1.309  0.240 -0.008 -0.100 -0.144 -0.144
 0.564  1.310  0.241 -0.008 -0.100 -0.144 -0.144
 0.566  1.310  0.241 -0.007 -0.099 -0.143 -0.143
 0.568  1.310  0.242 -0.006 -0.099 -0.143 -0.143
 0.570  1.310  0.242 -0.006 -0.099 -0.142 -0.142
 0.572  1.311  0.243 -0.005 -0.099 -0.141 -0.141
 0.574  1.311  0.243 -0.004 -0.099 -0.141 -0.141
 0.576  1.312  0.243 -0.004 -0.098 -0.140 -0.140
 0.578  1.312  0.243 -0.003 -0.098 -0.140 -0.140
 0.580  1.312  0.244 -0.002 -0.098 -0.140 -0.140
 0.582  1.313  0.244 -0.001 -0.098 -0.139 -0.139
 0.584  1.313  0.245 -0.001 -0.098 -0.139 -0.139
 0.586  1.314  0.245 -0.001 -0.098 -0.138 -0.138
 0.588  1.314  0.245  0.000 -0.098 -0.138 -0.138
 0.590  1.314  0.246  0.001 -0.098 -0.137 -0.137
 0.592  1.315  0.246  0.001 -0.098 -0.137 -0.137
 0.594  1.315  0.247  0.001 -0.098 -0.136 -0.136
 0.596  1.316  0.247  0.002 -0.098 -0.136 -0.136
 0.598  1.316  0.247  0.003 -0.098 -0.136 -0.136
 0.600  1.316  0.248  0.003 -0.098 -0.135 -0.135
 0.602  1.316  0.248  0.004 -0.098 -0.135 -0.135
 0.604  1.316  0.248  0.004 -0.098 -0.134 -0.134
 0.606  1.317  0.248  0.004 -0.098 -0.134 -0.134
 0.608  1.317  0.249  0.005 -0.098 -0.134 -0.134
 0.610  1.317  0.249  0.005 -0.098 -0.133 -0.133
 0.612  1.318  0.249  0.006 -0.097 -0.133 -0.133
 0.614  1.318  0.249  0.006 -0.097 -0.132 -0.132
 0.616  1.319  0.250  0.006 -0.097 -0.132 -0.132
 0.618  1.319  0.250  0.006 -0.097 -0.132 -0.132
 0.620  1.320  0.250  0.007 -0.096 -0.131 -0.131
 0.622  1.320  0.250  0.007 -0.096 -0.131 -0.131
 0.624  1.321  0.250  0.007 -0.096 -0.131 -0.131
 0.626  1.321  0.250  0.008 -0.096 -0.131 -0.131
 0.628  1.321  0.251  0.008 -0.096 -0.131 -0.131
 0.630  1.321  0.251  0.008 -0.095 -0.130 -0.130
 0.632  1.321  0.251  0.009 -0.095 -0.130 -0.130
 0.634  1.322  0.251  0.009 -0.095 -0.130 -0.130
 0.636  1.322  0.251  0.009 -0.095 -0.129 -0.129
 0.638  1.323  0.251  0.009 -0.094 -0.129 -0.129
 0.640  1.323  0.251  0.009 -0.094 -0.129 -0.129
 0.642  1.324  0.251  0.009 -0.094 -0.129 -0.129
 0.644  1.324  0.251  0.009 -0.093 -0.128 -0.128
 0.646  1.325  0.251  0.009 -0.093 -0.128 -0.128
 0.648  1.325  0.251  0.009 -0.092 -0.128 -0.128
 0.650  1.325  0.251  0.009 -0.092 -0.128 -0.128
 0.652  1.326  0.251  0.009 -0.091 -0.127 -0.127
 0.654  1.326  0.251  0.009 -0.091 -0.127 -0.127
 0.656  1.327  0.251  0.009 -0.091 -0.127 -0.127
 0.658  1.327  0.250  0.009 -0.090 -0.127 -0.127
 0.660  1.327  0.250  0.009 -0.090 -0.127 -0.127
 0.662  1.328  0.250  0.009 -0.090 -0.126 -0.126
 0.664  1.328  0.250  0.009 -0.089 -0.126 -0.126
 0.666  1.329  0.249  0.009 -0.088 -0.126 -0.126
 0.668  1.329  0.249  0.009 -0.088 -0.126 -0.126
 0.670  1.330  0.249  0.009 -0.088 -0.126 -0.126
 0.672  1.330  0.248  0.009 -0.087 -0.125 -0.125
 0.674  1.331  0.248  0.009 -0.087 -0.125 -0.125
 0.676  1.332  0.247  0.008 -0.087 -0.125 -0.125
 0.678  1.332  0.247  0.008 -0.087 -0.125 -0.125
 0.680  1.332  0.246  0.008 -0.087 -0.124 -0.124
 0.682  1.332  0.246  0.007 -0.087 -0.124 -0.124
 0.684  1.333  0.245  0.007 -0.087 -0.124 -0.124
 0.686  1.334  0.245  0.006 -0.086 -0.124 -0.124
 0.688  1.335  0.244  0.006 -0.086 -0.124 -0.124
 0.690  1.335  0.243  0.006 -0.086 -0.123 -0.123
 0.692  1.336  0.243  0.006 -0.086 -0.123 -0.123
 0.694  1.337  0.243  0.005 -0.086 -0.123 -0.123
 0.696  1.337  0.242  0.005 -0.086 -0.123 -0.123
 0.698  1.338  0.241  0.004 -0.086 -0.122 -0.122
 0.700  1.338  0.240  0.004 -0.086 -0.122 -0.122
 0.702  1.339  0.240  0.004 -0.086 -0.122 -0.122
 0.704  1.340  0.239  0.003 -0.087 -0.122 -0.122
 0.706  1.340  0.238  0.003 -0.087 -0.122 -0.122
 0.708  1.341  0.237  0.002 -0.087 -0.121 -0.121
 0.710  1.342  0.236  0.001 -0.087 -0.121 -0.121
 0.712  1.343  0.235  0.001 -0.087 -0.121 -0.121
 0.714  1.343  0.234  0.000 -0.088 -0.121 -0.121
 0.716  1.343  0.233 -0.001 -0.088 -0.121 -0.121
 0.718  1.344  0.232 -0.001 -0.088 -0.121 -0.121
 0.720  1.345  0.231 -0.001 -0.089 -0.121 -0.121
 0.722  1.346  0.230 -0.002 -0.090 -0.120 -0.120
 0.724  1.347  0.229 -0.003 -0.090 -0.120 -0.120
 0.726  1.348  0.228 -0.004 -0.091 -0.120 -0.120
 0.728  1.349  0.228 -0.004 -0.091 -0.119 -0.119
 0.730  1.349  0.227 -0.004 -0.091 -0.119 -0.119
 0.732  1.351  0.227 -0.004 -0.091 -0.119 -0.119
 0.734  1.352  0.227 -0.004 -0.092 -0.118 -0.118
 0.736  1.353  0.227 -0.004 -0.092 -0.118 -0.118
 0.738  1.354  0.227 -0.003 -0.092 -0.117 -0.117
 0.740  1.355  0.227 -0.003 -0.092 -0.117 -0.117
 0.742  1.357  0.228 -0.002 -0.092 -0.116 -0.116
 0.744  1.359  0.229 -0.001 -0.092 -0.115 -0.115
 0.746  1.360  0.229 -0.001 -0.091 -0.115 -0.115
 0.748  1.362  0.230  0.001 -0.091 -0.114 -0.114
 0.750  1.364  0.231  0.001 -0.091 -0.113 -0.113
 0.752  1.365  0.232  0.003 -0.090 -0.113 -0.113
 0.754  1.367  0.234  0.004 -0.089 -0.112 -0.112
 0.756  1.369  0.235  0.005 -0.088 -0.112 -0.112
 0.758  1.371  0.236  0.006 -0.086 -0.111 -0.111
 0.760  1.373  0.238  0.009 -0.085 -0.110 -0.110
 0.762  1.375  0.240  0.010 -0.083 -0.109 -0.109
 0.764  1.377  0.241  0.012 -0.082 -0.108 -0.108
 0.766  1.380  0.243  0.014 -0.080 -0.107 -0.107
 0.768  1.382  0.245  0.016 -0.078 -0.106 -0.106
 0.770  1.384  0.247  0.019 -0.077 -0.105 -0.105
 0.772  1.387  0.250  0.021 -0.074 -0.104 -0.104
 0.774  1.390  0.252  0.024 -0.072 -0.103 -0.103
 0.776  1.393  0.255  0.026 -0.070 -0.102 -0.102
 0.778  1.395  0.258  0.029 -0.068 -0.101 -0.101
 0.780  1.398  0.261  0.032 -0.065 -0.100 -0.100
 0.782  1.401  0.264  0.035 -0.062 -0.099 -0.099
 0.784  1.404  0.267  0.038 -0.059 -0.098 -0.098
 0.786  1.408  0.270  0.041 -0.056 -0.096 -0.096
 0.788  1.410  0.274  0.044 -0.053 -0.095 -0.095
 0.790  1.414  0.277  0.048 -0.050 -0.094 -0.094
 0.792  1.417  0.280  0.051 -0.046 -0.093 -0.093
 0.794  1.420  0.283  0.054 -0.043 -0.092 -0.092
 0.796  1.423  0.286  0.058 -0.039 -0.090 -0.090
 0.798  1.426  0.289  0.061 -0.035 -0.089 -0.089
 0.800  1.428  0.292  0.064 -0.031 -0.088 -0.088
 0.802  1.431  0.296  0.067 -0.027 -0.086 -0.086
 0.804  1.432  0.298  0.070 -0.023 -0.085 -0.085
 0.806  1.434  0.300  0.073 -0.020 -0.084 -0.084
 0.808  1.435  0.303  0.076 -0.017 -0.083 -0.083
 0.810  1.436  0.306  0.078 -0.013 -0.081 -0.081
 0.812  1.436  0.308  0.081 -0.011 -0.080 -0.080
 0.814  1.435  0.311  0.083 -0.008 -0.078 -0.078
 0.816  1.434  0.313  0.085 -0.005 -0.077 -0.077
 0.818  1.432  0.315  0.088 -0.003 -0.075 -0.075
 0.820  1.430  0.316  0.090 -0.000 -0.074 -0.074
 0.822  1.427  0.318  0.092  0.001 -0.073 -0.073
 0.824  1.424  0.320  0.093  0.002 -0.071 -0.071
 0.826  1.420  0.321  0.095  0.004 -0.070 -0.070
 0.828  1.416  0.323  0.096  0.005 -0.068 -0.068
 0.830  1.412  0.324  0.098  0.006 -0.067 -0.067
 0.832  1.407  0.325  0.099  0.006 -0.066 -0.066
 0.834  1.401  0.326  0.100  0.007 -0.064 -0.064
 0.836  1.396  0.327  0.100  0.007 -0.063 -0.063
 0.838  1.389  0.328  0.102  0.007 -0.062 -0.062
 0.840  1.382  0.329  0.102  0.006 -0.060 -0.060
 0.842  1.376  0.329  0.103  0.006 -0.059 -0.059
 0.844  1.368  0.330  0.103  0.005 -0.057 -0.057
 0.846  1.360  0.331  0.104  0.004 -0.056 -0.056
 0.848  1.351  0.331  0.104  0.003 -0.055 -0.055
 0.850  1.342  0.331  0.104  0.001 -0.053 -0.053
 0.852  1.332  0.332  0.105 -0.000 -0.051 -0.051
 0.854  1.321  0.332  0.105 -0.003 -0.050 -0.050
 0.856  1.310  0.332  0.105 -0.005 -0.048 -0.048
 0.858  1.299  0.332  0.105 -0.007 -0.046 -0.046
 0.860  1.288  0.331  0.104 -0.010 -0.045 -0.045
 0.862  1.275  0.330  0.103 -0.013 -0.044 -0.044
 0.864  1.263  0.329  0.103 -0.016 -0.043 -0.043
 0.866  1.250  0.327  0.101 -0.020 -0.042 -0.042
 0.868  1.237  0.324  0.099 -0.023 -0.042 -0.042
 0.870  1.224  0.320  0.097 -0.027 -0.042 -0.042
 0.872  1.211  0.316  0.094 -0.031 -0.042 -0.042
 0.874  1.197  0.311  0.090 -0.036 -0.044 -0.044
 0.876  1.184  0.305  0.087 -0.040 -0.045 -0.045
 0.878  1.171  0.298  0.082 -0.045 -0.047 -0.047
 0.880  1.157  0.291  0.077 -0.050 -0.050 -0.050
 0.882  1.144  0.282  0.071 -0.056 -0.053 -0.053
 0.884  1.130  0.274  0.065 -0.061 -0.056 -0.056
 0.886  1.117  0.264  0.058 -0.068 -0.060 -0.060
 0.888  1.104  0.254  0.051 -0.074 -0.064 -0.064
 0.890  1.090  0.243  0.043 -0.080 -0.069 -0.069
 0.892  1.077  0.231  0.035 -0.087 -0.074 -0.074
 0.894  1.064  0.219  0.026 -0.094 -0.080 -0.080
 0.896  1.051  0.206  0.017 -0.101 -0.085 -0.085
 0.898  1.038  0.192  0.007 -0.109 -0.092 -0.092
 0.900  1.025  0.178 -0.003 -0.117 -0.098 -0.098
 0.902  1.013  0.163 -0.014 -0.125 -0.105 -0.105
 0.904  1.000  0.147 -0.026 -0.134 -0.113 -0.113
 0.906  0.986  0.131 -0.038 -0.142 -0.121 -0.121
 0.908  0.974  0.113 -0.050 -0.151 -0.130 -0.130
 0.910  0.961  0.094 -0.064 -0.161 -0.139 -0.139
 0.912  0.948  0.075 -0.078 -0.170 -0.149 -0.149
 0.914  0.936  0.054 -0.092 -0.179 -0.159 -0.159
 0.916  0.923  0.032 -0.108 -0.190 -0.170 -0.170
 0.918  0.910  0.010 -0.124 -0.199 -0.181 -0.181
 0.920  0.897 -0.013 -0.140 -0.210 -0.193 -0.193
 0.922  0.885 -0.036 -0.157 -0.221 -0.205 -0.205
 0.924  0.872 -0.060 -0.174 -0.231 -0.218 -0.218
 0.926  0.859 -0.085 -0.192 -0.243 -0.231 -0.231
 0.928  0.847 -0.109 -0.211 -0.255 -0.244 -0.244
 0.930  0.834 -0.134 -0.229 -0.266 -0.256 -0.256
 0.932  0.821 -0.159 -0.248 -0.279 -0.270 -0.270
 0.934  0.809 -0.184 -0.267 -0.291 -0.283 -0.283
 0.936  0.797 -0.209 -0.285 -0.305 -0.296 -0.296
 0.938  0.785 -0.233 -0.305 -0.318 -0.310 -0.310
 0.940  0.773 -0.258 -0.324 -0.331 -0.323 -0.323
 0.942  0.761 -0.282 -0.342 -0.345 -0.336 -0.336
 0.944  0.749 -0.305 -0.360 -0.359 -0.348 -0.348
 0.946  0.738 -0.327 -0.379 -0.372 -0.360 -0.360
 0.948  0.727 -0.349 -0.396 -0.385 -0.372 -0.372
 0.950  0.717 -0.370 -0.412 -0.398 -0.384 -0.384
 0.952  0.707 -0.390 -0.428 -0.409 -0.395 -0.395
 0.954  0.698 -0.409 -0.443 -0.421 -0.405 -0.405
 0.956  0.688 -0.427 -0.457 -0.433 -0.414 -0.414
 0.958  0.680 -0.444 -0.470 -0.444 -0.424 -0.424
 0.960  0.671 -0.460 -0.483 -0.454 -0.432 -0.432
 0.962  0.664 -0.475 -0.495 -0.464 -0.440 -0.440
 0.964  0.656 -0.489 -0.506 -0.474 -0.448 -0.448
 0.966  0.649 -0.503 -0.517 -0.482 -0.455 -0.455
 0.968  0.643 -0.515 -0.527 -0.491 -0.462 -0.462
 0.970  0.637 -0.527 -0.536 -0.499 -0.468 -0.468
 0.972  0.631 -0.539 -0.544 -0.507 -0.474 -0.474
 0.974  0.625 -0.549 -0.553 -0.513 -0.480 -0.480
 0.976  0.620 -0.559 -0.561 -0.520 -0.485 -0.485
 0.978  0.615 -0.568 -0.569 -0.526 -0.491 -0.491
 0.980  0.611 -0.577 -0.576 -0.531 -0.495 -0.495
 0.982  0.606 -0.584 -0.581 -0.537 -0.500 -0.500
 0.984  0.603 -0.592 -0.587 -0.541 -0.503 -0.503
 0.986  0.600 -0.597 -0.592 -0.545 -0.507 -0.507
 0.988  0.597 -0.603 -0.596 -0.548 -0.510 -0.510
 0.990  0.594 -0.608 -0.600 -0.551 -0.512 -0.512
 0.992  0.593 -0.611 -0.603 -0.553 -0.514 -0.514
 0.994  0.591 -0.614 -0.605 -0.555 -0.515 -0.515
 0.996  0.590 -0.615 -0.606 -0.556 -0.516 -0.516
 0.998  0.589 -0.616 -0.607 -0.557 -0.517 -0.517
