# IsPeriodic    : True
# Period        : 0.475828 days
# Normalization : <g_mag>=0
# 
# Phase u_mag  g_mag  r_mag  i_mag  z_mag  y_mag
 0.000  0.440 -0.804 -0.670 -0.524 -0.416 -0.416
 0.002  0.441 -0.804 -0.670 -0.524 -0.416 -0.416
 0.004  0.441 -0.802 -0.669 -0.524 -0.415 -0.415
 0.006  0.442 -0.801 -0.669 -0.523 -0.415 -0.415
 0.008  0.443 -0.798 -0.668 -0.522 -0.414 -0.414
 0.010  0.444 -0.795 -0.667 -0.521 -0.413 -0.413
 0.012  0.446 -0.791 -0.665 -0.520 -0.413 -0.413
 0.014  0.448 -0.786 -0.664 -0.518 -0.412 -0.412
 0.016  0.450 -0.781 -0.662 -0.517 -0.411 -0.411
 0.018  0.452 -0.776 -0.661 -0.515 -0.411 -0.411
 0.020  0.454 -0.769 -0.659 -0.513 -0.410 -0.410
 0.022  0.458 -0.764 -0.656 -0.511 -0.408 -0.408
 0.024  0.460 -0.758 -0.655 -0.509 -0.407 -0.407
 0.026  0.462 -0.750 -0.652 -0.507 -0.406 -0.406
 0.028  0.466 -0.744 -0.650 -0.505 -0.404 -0.404
 0.030  0.468 -0.737 -0.647 -0.502 -0.403 -0.403
 0.032  0.472 -0.731 -0.644 -0.500 -0.401 -0.401
 0.034  0.475 -0.725 -0.640 -0.498 -0.399 -0.399
 0.036  0.477 -0.718 -0.638 -0.496 -0.397 -0.397
 0.038  0.481 -0.712 -0.634 -0.493 -0.395 -0.395
 0.040  0.484 -0.704 -0.631 -0.491 -0.392 -0.392
 0.042  0.488 -0.698 -0.626 -0.488 -0.390 -0.390
 0.044  0.491 -0.692 -0.622 -0.486 -0.387 -0.387
 0.046  0.496 -0.685 -0.619 -0.483 -0.385 -0.385
 0.048  0.499 -0.679 -0.614 -0.480 -0.382 -0.382
 0.050  0.502 -0.671 -0.609 -0.477 -0.379 -0.379
 0.052  0.507 -0.665 -0.604 -0.474 -0.376 -0.376
 0.054  0.512 -0.658 -0.600 -0.471 -0.373 -0.373
 0.056  0.516 -0.652 -0.595 -0.468 -0.369 -0.369
 0.058  0.521 -0.644 -0.589 -0.464 -0.366 -0.366
 0.060  0.525 -0.638 -0.584 -0.461 -0.362 -0.362
 0.062  0.530 -0.632 -0.578 -0.457 -0.359 -0.359
 0.064  0.535 -0.625 -0.572 -0.453 -0.355 -0.355
 0.066  0.540 -0.618 -0.567 -0.450 -0.352 -0.352
 0.068  0.545 -0.611 -0.561 -0.446 -0.348 -0.348
 0.070  0.551 -0.605 -0.554 -0.442 -0.345 -0.345
 0.072  0.556 -0.597 -0.549 -0.437 -0.341 -0.341
 0.074  0.561 -0.591 -0.542 -0.434 -0.338 -0.338
 0.076  0.567 -0.583 -0.536 -0.430 -0.334 -0.334
 0.078  0.572 -0.577 -0.530 -0.426 -0.331 -0.331
 0.080  0.578 -0.571 -0.524 -0.422 -0.327 -0.327
 0.082  0.584 -0.563 -0.518 -0.418 -0.324 -0.324
 0.084  0.589 -0.557 -0.512 -0.414 -0.321 -0.321
 0.086  0.594 -0.549 -0.506 -0.410 -0.318 -0.318
 0.088  0.600 -0.543 -0.500 -0.406 -0.315 -0.315
 0.090  0.605 -0.535 -0.494 -0.402 -0.312 -0.312
 0.092  0.611 -0.529 -0.489 -0.399 -0.309 -0.309
 0.094  0.617 -0.522 -0.484 -0.395 -0.306 -0.306
 0.096  0.623 -0.515 -0.478 -0.391 -0.303 -0.303
 0.098  0.628 -0.508 -0.473 -0.388 -0.300 -0.300
 0.100  0.634 -0.502 -0.468 -0.385 -0.298 -0.298
 0.102  0.639 -0.494 -0.463 -0.381 -0.295 -0.295
 0.104  0.644 -0.488 -0.458 -0.378 -0.292 -0.292
 0.106  0.650 -0.482 -0.452 -0.375 -0.290 -0.290
 0.108  0.656 -0.475 -0.448 -0.371 -0.287 -0.287
 0.110  0.662 -0.469 -0.443 -0.368 -0.285 -0.285
 0.112  0.666 -0.462 -0.438 -0.365 -0.283 -0.283
 0.114  0.672 -0.456 -0.434 -0.362 -0.280 -0.280
 0.116  0.678 -0.450 -0.430 -0.359 -0.278 -0.278
 0.118  0.683 -0.443 -0.425 -0.356 -0.276 -0.276
 0.120  0.688 -0.438 -0.420 -0.354 -0.274 -0.274
 0.122  0.694 -0.432 -0.417 -0.350 -0.272 -0.272
 0.124  0.699 -0.426 -0.412 -0.347 -0.270 -0.270
 0.126  0.705 -0.420 -0.408 -0.345 -0.268 -0.268
 0.128  0.710 -0.414 -0.404 -0.342 -0.266 -0.266
 0.130  0.715 -0.408 -0.401 -0.340 -0.264 -0.264
 0.132  0.721 -0.403 -0.397 -0.338 -0.263 -0.263
 0.134  0.726 -0.396 -0.393 -0.335 -0.261 -0.261
 0.136  0.731 -0.391 -0.389 -0.333 -0.259 -0.259
 0.138  0.737 -0.385 -0.385 -0.331 -0.257 -0.257
 0.140  0.743 -0.380 -0.383 -0.329 -0.256 -0.256
 0.142  0.747 -0.375 -0.379 -0.326 -0.254 -0.254
 0.144  0.753 -0.370 -0.375 -0.324 -0.252 -0.252
 0.146  0.759 -0.363 -0.372 -0.323 -0.251 -0.251
 0.148  0.763 -0.358 -0.368 -0.320 -0.249 -0.249
 0.150  0.769 -0.353 -0.366 -0.318 -0.248 -0.248
 0.152  0.774 -0.348 -0.362 -0.316 -0.246 -0.246
 0.154  0.779 -0.343 -0.359 -0.314 -0.244 -0.244
 0.156  0.785 -0.338 -0.356 -0.312 -0.243 -0.243
 0.158  0.790 -0.333 -0.352 -0.310 -0.241 -0.241
 0.160  0.795 -0.329 -0.350 -0.308 -0.239 -0.239
 0.162  0.800 -0.324 -0.346 -0.306 -0.238 -0.238
 0.164  0.806 -0.319 -0.343 -0.304 -0.236 -0.236
 0.166  0.810 -0.314 -0.340 -0.302 -0.234 -0.234
 0.168  0.816 -0.308 -0.336 -0.301 -0.232 -0.232
 0.170  0.821 -0.303 -0.333 -0.298 -0.231 -0.231
 0.172  0.826 -0.300 -0.330 -0.296 -0.229 -0.229
 0.174  0.831 -0.294 -0.327 -0.294 -0.227 -0.227
 0.176  0.837 -0.289 -0.323 -0.292 -0.226 -0.226
 0.178  0.841 -0.284 -0.320 -0.290 -0.224 -0.224
 0.180  0.846 -0.279 -0.317 -0.288 -0.222 -0.222
 0.182  0.852 -0.274 -0.314 -0.285 -0.220 -0.220
 0.184  0.856 -0.269 -0.311 -0.284 -0.219 -0.219
 0.186  0.862 -0.265 -0.307 -0.282 -0.217 -0.217
 0.188  0.866 -0.260 -0.304 -0.279 -0.215 -0.215
 0.190  0.871 -0.255 -0.301 -0.277 -0.213 -0.213
 0.192  0.876 -0.250 -0.298 -0.276 -0.212 -0.212
 0.194  0.881 -0.245 -0.295 -0.273 -0.210 -0.210
 0.196  0.886 -0.240 -0.292 -0.271 -0.208 -0.208
 0.198  0.890 -0.235 -0.288 -0.269 -0.206 -0.206
 0.200  0.895 -0.230 -0.285 -0.267 -0.204 -0.204
 0.202  0.901 -0.224 -0.282 -0.265 -0.202 -0.202
 0.204  0.905 -0.219 -0.279 -0.263 -0.201 -0.201
 0.206  0.910 -0.214 -0.276 -0.261 -0.199 -0.199
 0.208  0.914 -0.209 -0.272 -0.258 -0.197 -0.197
 0.210  0.919 -0.204 -0.269 -0.257 -0.195 -0.195
 0.212  0.925 -0.199 -0.266 -0.254 -0.193 -0.193
 0.214  0.929 -0.194 -0.263 -0.252 -0.191 -0.191
 0.216  0.934 -0.189 -0.260 -0.250 -0.190 -0.190
 0.218  0.938 -0.184 -0.257 -0.248 -0.188 -0.188
 0.220  0.943 -0.179 -0.254 -0.245 -0.186 -0.186
 0.222  0.948 -0.174 -0.250 -0.243 -0.184 -0.184
 0.224  0.952 -0.168 -0.248 -0.242 -0.182 -0.182
 0.226  0.957 -0.163 -0.245 -0.239 -0.181 -0.181
 0.228  0.961 -0.157 -0.242 -0.237 -0.179 -0.179
 0.230  0.966 -0.152 -0.238 -0.235 -0.177 -0.177
 0.232  0.971 -0.147 -0.235 -0.233 -0.175 -0.175
 0.234  0.975 -0.142 -0.232 -0.230 -0.174 -0.174
 0.236  0.980 -0.137 -0.230 -0.229 -0.172 -0.172
 0.238  0.983 -0.132 -0.227 -0.227 -0.170 -0.170
 0.240  0.988 -0.126 -0.224 -0.224 -0.168 -0.168
 0.242  0.992 -0.121 -0.221 -0.222 -0.167 -0.167
 0.244  0.997 -0.116 -0.218 -0.220 -0.165 -0.165
 0.246  1.001 -0.111 -0.215 -0.218 -0.163 -0.163
 0.248  1.005 -0.106 -0.213 -0.216 -0.161 -0.161
 0.250  1.009 -0.102 -0.210 -0.214 -0.159 -0.159
 0.252  1.014 -0.097 -0.207 -0.212 -0.157 -0.157
 0.254  1.017 -0.092 -0.204 -0.210 -0.156 -0.156
 0.256  1.022 -0.088 -0.201 -0.208 -0.154 -0.154
 0.258  1.027 -0.083 -0.199 -0.206 -0.152 -0.152
 0.260  1.030 -0.078 -0.197 -0.204 -0.150 -0.150
 0.262  1.035 -0.074 -0.194 -0.202 -0.148 -0.148
 0.264  1.038 -0.069 -0.191 -0.199 -0.146 -0.146
 0.266  1.043 -0.065 -0.188 -0.198 -0.145 -0.145
 0.268  1.047 -0.060 -0.186 -0.196 -0.143 -0.143
 0.270  1.051 -0.056 -0.183 -0.194 -0.141 -0.141
 0.272  1.054 -0.053 -0.180 -0.192 -0.139 -0.139
 0.274  1.059 -0.048 -0.179 -0.189 -0.137 -0.137
 0.276  1.062 -0.044 -0.176 -0.188 -0.136 -0.136
 0.278  1.067 -0.040 -0.173 -0.186 -0.134 -0.134
 0.280  1.070 -0.036 -0.171 -0.183 -0.132 -0.132
 0.282  1.074 -0.032 -0.168 -0.182 -0.130 -0.130
 0.284  1.078 -0.027 -0.166 -0.180 -0.128 -0.128
 0.286  1.082 -0.023 -0.163 -0.178 -0.127 -0.127
 0.288  1.085 -0.020 -0.161 -0.176 -0.125 -0.125
 0.290  1.090 -0.016 -0.159 -0.174 -0.123 -0.123
 0.292  1.093 -0.013 -0.156 -0.172 -0.122 -0.122
 0.294  1.096 -0.009 -0.154 -0.170 -0.120 -0.120
 0.296  1.100 -0.006 -0.151 -0.168 -0.118 -0.118
 0.298  1.104 -0.002 -0.149 -0.166 -0.117 -0.117
 0.300  1.108  0.002 -0.146 -0.165 -0.115 -0.115
 0.302  1.111  0.005 -0.144 -0.162 -0.113 -0.113
 0.304  1.115  0.008 -0.142 -0.161 -0.112 -0.112
 0.306  1.118  0.012 -0.139 -0.158 -0.110 -0.110
 0.308  1.123  0.016 -0.137 -0.156 -0.109 -0.109
 0.310  1.126  0.019 -0.134 -0.155 -0.107 -0.107
 0.312  1.130  0.022 -0.131 -0.152 -0.105 -0.105
 0.314  1.133  0.026 -0.129 -0.151 -0.104 -0.104
 0.316  1.138  0.029 -0.127 -0.149 -0.102 -0.102
 0.318  1.141  0.033 -0.124 -0.147 -0.100 -0.100
 0.320  1.144  0.036 -0.121 -0.145 -0.099 -0.099
 0.322  1.148  0.040 -0.119 -0.143 -0.098 -0.098
 0.324  1.151  0.043 -0.116 -0.141 -0.096 -0.096
 0.326  1.156  0.047 -0.113 -0.139 -0.095 -0.095
 0.328  1.159  0.050 -0.111 -0.137 -0.093 -0.093
 0.330  1.163  0.054 -0.109 -0.135 -0.091 -0.091
 0.332  1.166  0.058 -0.106 -0.133 -0.090 -0.090
 0.334  1.170  0.061 -0.103 -0.131 -0.089 -0.089
 0.336  1.173  0.064 -0.100 -0.129 -0.087 -0.087
 0.338  1.178  0.068 -0.097 -0.127 -0.086 -0.086
 0.340  1.181  0.072 -0.095 -0.125 -0.084 -0.084
 0.342  1.185  0.076 -0.093 -0.123 -0.083 -0.083
 0.344  1.188  0.080 -0.090 -0.121 -0.082 -0.082
 0.346  1.191  0.084 -0.087 -0.119 -0.081 -0.081
 0.348  1.195  0.087 -0.084 -0.117 -0.079 -0.079
 0.350  1.199  0.091 -0.081 -0.115 -0.077 -0.077
 0.352  1.203  0.095 -0.078 -0.113 -0.076 -0.076
 0.354  1.206  0.099 -0.076 -0.111 -0.075 -0.075
 0.356  1.210  0.103 -0.073 -0.109 -0.074 -0.074
 0.358  1.213  0.106 -0.070 -0.107 -0.072 -0.072
 0.360  1.217  0.110 -0.068 -0.105 -0.070 -0.070
 0.362  1.220  0.114 -0.065 -0.103 -0.069 -0.069
 0.364  1.225  0.118 -0.062 -0.101 -0.068 -0.068
 0.366  1.228  0.122 -0.060 -0.100 -0.067 -0.067
 0.368  1.231  0.126 -0.057 -0.097 -0.065 -0.065
 0.370  1.235  0.129 -0.054 -0.095 -0.063 -0.063
 0.372  1.238  0.133 -0.051 -0.093 -0.062 -0.062
 0.374  1.242  0.137 -0.049 -0.091 -0.060 -0.060
 0.376  1.244  0.141 -0.046 -0.089 -0.059 -0.059
 0.378  1.247  0.145 -0.044 -0.087 -0.057 -0.057
 0.380  1.251  0.148 -0.041 -0.085 -0.056 -0.056
 0.382  1.254  0.152 -0.039 -0.083 -0.054 -0.054
 0.384  1.258  0.156 -0.036 -0.081 -0.053 -0.053
 0.386  1.260  0.160 -0.033 -0.079 -0.051 -0.051
 0.388  1.263  0.164 -0.030 -0.077 -0.049 -0.049
 0.390  1.267  0.168 -0.028 -0.075 -0.048 -0.048
 0.392  1.269  0.171 -0.026 -0.073 -0.046 -0.046
 0.394  1.273  0.175 -0.024 -0.071 -0.044 -0.044
 0.396  1.275  0.179 -0.021 -0.069 -0.042 -0.042
 0.398  1.278  0.182 -0.018 -0.067 -0.041 -0.041
 0.400  1.281  0.185 -0.016 -0.065 -0.039 -0.039
 0.402  1.284  0.189 -0.013 -0.063 -0.037 -0.037
 0.404  1.286  0.192 -0.011 -0.061 -0.035 -0.035
 0.406  1.290  0.196 -0.009 -0.059 -0.034 -0.034
 0.408  1.292  0.198 -0.007 -0.057 -0.032 -0.032
 0.410  1.294  0.202 -0.004 -0.055 -0.030 -0.030
 0.412  1.297  0.204 -0.002 -0.053 -0.028 -0.028
 0.414  1.300  0.208 -0.000 -0.051 -0.027 -0.027
 0.416  1.302  0.211  0.003 -0.049 -0.025 -0.025
 0.418  1.305  0.215  0.005 -0.047 -0.023 -0.023
 0.420  1.307  0.217  0.007 -0.045 -0.021 -0.021
 0.422  1.309  0.220  0.009 -0.043 -0.020 -0.020
 0.424  1.312  0.222  0.011 -0.041 -0.018 -0.018
 0.426  1.314  0.226  0.014 -0.039 -0.016 -0.016
 0.428  1.316  0.229  0.016 -0.037 -0.014 -0.014
 0.430  1.318  0.231  0.018 -0.035 -0.012 -0.012
 0.432  1.321  0.234  0.020 -0.033 -0.010 -0.010
 0.434  1.323  0.236  0.023 -0.031 -0.009 -0.009
 0.436  1.325  0.239  0.024 -0.028 -0.007 -0.007
 0.438  1.328  0.241  0.026 -0.027 -0.005 -0.005
 0.440  1.330  0.244  0.028 -0.025 -0.004 -0.004
 0.442  1.332  0.246  0.031 -0.023 -0.002 -0.002
 0.444  1.334  0.249  0.033 -0.021 -0.000 -0.000
 0.446  1.337  0.252  0.035 -0.019  0.001  0.001
 0.448  1.339  0.254  0.037 -0.017  0.003  0.003
 0.450  1.341  0.255  0.039 -0.016  0.005  0.005
 0.452  1.344  0.258  0.041 -0.014  0.006  0.006
 0.454  1.346  0.260  0.043 -0.012  0.008  0.008
 0.456  1.348  0.262  0.045 -0.010  0.009  0.009
 0.458  1.350  0.264  0.047 -0.009  0.010  0.010
 0.460  1.353  0.267  0.050 -0.007  0.012  0.012
 0.462  1.355  0.268  0.052 -0.006  0.014  0.014
 0.464  1.357  0.271  0.054 -0.004  0.015  0.015
 0.466  1.360  0.272  0.056 -0.002  0.016  0.016
 0.468  1.363  0.274  0.058 -0.000  0.017  0.017
 0.470  1.365  0.276  0.059  0.001  0.019  0.019
 0.472  1.368  0.278  0.062  0.003  0.020  0.020
 0.474  1.370  0.280  0.064  0.004  0.021  0.021
 0.476  1.372  0.282  0.066  0.005  0.022  0.022
 0.478  1.374  0.283  0.068  0.006  0.024  0.024
 0.480  1.378  0.286  0.070  0.008  0.025  0.025
 0.482  1.380  0.287  0.072  0.009  0.026  0.026
 0.484  1.382  0.288  0.075  0.011  0.028  0.028
 0.486  1.385  0.290  0.076  0.012  0.028  0.028
 0.488  1.388  0.292  0.078  0.013  0.029  0.029
 0.490  1.390  0.294  0.080  0.015  0.031  0.031
 0.492  1.393  0.295  0.082  0.015  0.032  0.032
 0.494  1.396  0.296  0.084  0.017  0.033  0.033
 0.496  1.398  0.297  0.086  0.018  0.034  0.034
 0.498  1.402  0.299  0.088  0.019  0.035  0.035
 0.500  1.404  0.300  0.091  0.020  0.036  0.036
 0.502  1.408  0.302  0.092  0.021  0.037  0.037
 0.504  1.410  0.304  0.094  0.022  0.038  0.038
 0.506  1.412  0.305  0.096  0.024  0.039  0.039
 0.508  1.416  0.306  0.097  0.024  0.040  0.040
 0.510  1.418  0.306  0.099  0.025  0.041  0.041
 0.512  1.420  0.308  0.101  0.027  0.042  0.042
 0.514  1.423  0.309  0.103  0.027  0.043  0.043
 0.516  1.425  0.310  0.105  0.028  0.043  0.043
 0.518  1.427  0.311  0.106  0.030  0.045  0.045
 0.520  1.429  0.313  0.108  0.031  0.045  0.045
 0.522  1.432  0.313  0.109  0.031  0.047  0.047
 0.524  1.433  0.314  0.110  0.032  0.047  0.047
 0.526  1.435  0.315  0.111  0.033  0.049  0.049
 0.528  1.436  0.316  0.113  0.034  0.049  0.049
 0.530  1.439  0.316  0.114  0.035  0.050  0.050
 0.532  1.440  0.318  0.116  0.036  0.051  0.051
 0.534  1.442  0.319  0.117  0.037  0.052  0.052
 0.536  1.443  0.319  0.118  0.037  0.053  0.053
 0.538  1.444  0.320  0.119  0.038  0.054  0.054
 0.540  1.445  0.320  0.120  0.040  0.054  0.054
 0.542  1.447  0.322  0.121  0.040  0.056  0.056
 0.544  1.448  0.322  0.122  0.041  0.056  0.056
 0.546  1.449  0.323  0.123  0.042  0.057  0.057
 0.548  1.449  0.323  0.124  0.043  0.058  0.058
 0.550  1.450  0.324  0.125  0.043  0.059  0.059
 0.552  1.450  0.324  0.126  0.044  0.059  0.059
 0.554  1.451  0.324  0.126  0.045  0.060  0.060
 0.556  1.451  0.325  0.126  0.046  0.061  0.061
 0.558  1.452  0.325  0.127  0.046  0.062  0.062
 0.560  1.452  0.327  0.127  0.047  0.063  0.063
 0.562  1.452  0.327  0.128  0.048  0.063  0.063
 0.564  1.452  0.327  0.128  0.049  0.064  0.064
 0.566  1.452  0.327  0.129  0.049  0.065  0.065
 0.568  1.452  0.328  0.129  0.050  0.066  0.066
 0.570  1.452  0.328  0.130  0.050  0.066  0.066
 0.572  1.451  0.328  0.130  0.051  0.067  0.067
 0.574  1.451  0.328  0.130  0.052  0.068  0.068
 0.576  1.451  0.328  0.131  0.052  0.069  0.069
 0.578  1.450  0.328  0.131  0.053  0.070  0.070
 0.580  1.450  0.328  0.131  0.054  0.070  0.070
 0.582  1.450  0.328  0.131  0.055  0.071  0.071
 0.584  1.449  0.328  0.131  0.055  0.071  0.071
 0.586  1.449  0.328  0.132  0.055  0.072  0.072
 0.588  1.449  0.328  0.132  0.056  0.073  0.073
 0.590  1.448  0.328  0.132  0.057  0.073  0.073
 0.592  1.448  0.328  0.132  0.058  0.074  0.074
 0.594  1.448  0.328  0.132  0.058  0.075  0.075
 0.596  1.447  0.328  0.132  0.059  0.075  0.075
 0.598  1.447  0.328  0.132  0.060  0.076  0.076
 0.600  1.447  0.328  0.133  0.061  0.077  0.077
 0.602  1.447  0.328  0.133  0.062  0.077  0.077
 0.604  1.447  0.328  0.133  0.062  0.078  0.078
 0.606  1.447  0.328  0.133  0.062  0.078  0.078
 0.608  1.445  0.328  0.133  0.063  0.079  0.079
 0.610  1.445  0.327  0.133  0.064  0.080  0.080
 0.612  1.445  0.327  0.133  0.065  0.080  0.080
 0.614  1.445  0.327  0.133  0.065  0.081  0.081
 0.616  1.445  0.327  0.133  0.066  0.082  0.082
 0.618  1.445  0.327  0.133  0.067  0.082  0.082
 0.620  1.445  0.327  0.133  0.068  0.083  0.083
 0.622  1.445  0.327  0.133  0.068  0.084  0.084
 0.624  1.445  0.327  0.133  0.069  0.084  0.084
 0.626  1.445  0.327  0.133  0.070  0.085  0.085
 0.628  1.445  0.327  0.133  0.071  0.085  0.085
 0.630  1.445  0.325  0.132  0.071  0.086  0.086
 0.632  1.445  0.325  0.132  0.072  0.087  0.087
 0.634  1.445  0.325  0.132  0.073  0.087  0.087
 0.636  1.447  0.325  0.132  0.074  0.087  0.087
 0.638  1.447  0.325  0.132  0.074  0.088  0.088
 0.640  1.447  0.325  0.132  0.075  0.089  0.089
 0.642  1.447  0.325  0.131  0.076  0.089  0.089
 0.644  1.447  0.325  0.131  0.077  0.090  0.090
 0.646  1.448  0.324  0.131  0.077  0.090  0.090
 0.648  1.448  0.324  0.131  0.078  0.091  0.091
 0.650  1.448  0.324  0.131  0.079  0.091  0.091
 0.652  1.449  0.324  0.131  0.080  0.092  0.092
 0.654  1.449  0.324  0.130  0.080  0.092  0.092
 0.656  1.449  0.324  0.130  0.081  0.092  0.092
 0.658  1.450  0.323  0.130  0.081  0.093  0.093
 0.660  1.450  0.323  0.130  0.082  0.093  0.093
 0.662  1.450  0.323  0.130  0.083  0.094  0.094
 0.664  1.451  0.323  0.130  0.083  0.094  0.094
 0.666  1.451  0.323  0.129  0.083  0.094  0.094
 0.668  1.451  0.323  0.129  0.084  0.095  0.095
 0.670  1.452  0.323  0.129  0.085  0.095  0.095
 0.672  1.452  0.323  0.129  0.085  0.096  0.096
 0.674  1.453  0.323  0.129  0.086  0.096  0.096
 0.676  1.453  0.323  0.129  0.086  0.096  0.096
 0.678  1.453  0.323  0.129  0.086  0.097  0.097
 0.680  1.455  0.324  0.129  0.086  0.097  0.097
 0.682  1.455  0.324  0.129  0.087  0.098  0.098
 0.684  1.456  0.324  0.129  0.087  0.098  0.098
 0.686  1.456  0.325  0.128  0.087  0.098  0.098
 0.688  1.457  0.325  0.128  0.088  0.098  0.098
 0.690  1.457  0.327  0.128  0.088  0.099  0.099
 0.692  1.458  0.327  0.128  0.088  0.099  0.099
 0.694  1.458  0.328  0.128  0.088  0.099  0.099
 0.696  1.459  0.329  0.128  0.089  0.099  0.099
 0.698  1.460  0.329  0.128  0.089  0.099  0.099
 0.700  1.460  0.330  0.128  0.089  0.100  0.100
 0.702  1.461  0.332  0.128  0.089  0.100  0.100
 0.704  1.461  0.333  0.128  0.089  0.100  0.100
 0.706  1.463  0.334  0.128  0.089  0.101  0.101
 0.708  1.464  0.336  0.128  0.089  0.101  0.101
 0.710  1.464  0.337  0.128  0.089  0.101  0.101
 0.712  1.465  0.338  0.128  0.088  0.101  0.101
 0.714  1.465  0.339  0.128  0.088  0.102  0.102
 0.716  1.466  0.341  0.128  0.088  0.103  0.103
 0.718  1.467  0.342  0.128  0.088  0.103  0.103
 0.720  1.467  0.344  0.128  0.088  0.104  0.104
 0.722  1.468  0.346  0.129  0.088  0.105  0.105
 0.724  1.469  0.347  0.129  0.088  0.105  0.105
 0.726  1.471  0.350  0.129  0.088  0.106  0.106
 0.728  1.472  0.351  0.130  0.088  0.106  0.106
 0.730  1.473  0.353  0.130  0.088  0.108  0.108
 0.732  1.475  0.355  0.131  0.089  0.108  0.108
 0.734  1.476  0.357  0.132  0.089  0.110  0.110
 0.736  1.479  0.360  0.133  0.090  0.110  0.110
 0.738  1.480  0.361  0.134  0.091  0.112  0.112
 0.740  1.482  0.364  0.135  0.092  0.113  0.113
 0.742  1.484  0.366  0.136  0.092  0.114  0.114
 0.744  1.487  0.367  0.137  0.094  0.115  0.115
 0.746  1.489  0.370  0.139  0.095  0.117  0.117
 0.748  1.491  0.372  0.140  0.096  0.118  0.118
 0.750  1.493  0.375  0.141  0.098  0.120  0.120
 0.752  1.496  0.378  0.143  0.099  0.121  0.121
 0.754  1.498  0.380  0.144  0.101  0.123  0.123
 0.756  1.500  0.383  0.145  0.102  0.124  0.124
 0.758  1.503  0.385  0.147  0.105  0.126  0.126
 0.760  1.506  0.389  0.149  0.106  0.128  0.128
 0.762  1.508  0.392  0.151  0.108  0.130  0.130
 0.764  1.512  0.394  0.153  0.110  0.132  0.132
 0.766  1.515  0.397  0.155  0.112  0.134  0.134
 0.768  1.519  0.399  0.157  0.115  0.136  0.136
 0.770  1.522  0.403  0.160  0.117  0.138  0.138
 0.772  1.526  0.406  0.161  0.120  0.140  0.140
 0.774  1.530  0.408  0.164  0.123  0.142  0.142
 0.776  1.534  0.411  0.166  0.126  0.145  0.145
 0.778  1.538  0.414  0.169  0.129  0.147  0.147
 0.780  1.543  0.417  0.172  0.132  0.149  0.149
 0.782  1.547  0.420  0.175  0.135  0.151  0.151
 0.784  1.551  0.423  0.177  0.138  0.154  0.154
 0.786  1.555  0.426  0.179  0.142  0.155  0.155
 0.788  1.559  0.430  0.182  0.145  0.158  0.158
 0.790  1.563  0.434  0.185  0.148  0.161  0.161
 0.792  1.567  0.437  0.188  0.151  0.162  0.162
 0.794  1.570  0.441  0.191  0.154  0.165  0.165
 0.796  1.574  0.445  0.194  0.158  0.167  0.167
 0.798  1.576  0.449  0.196  0.161  0.169  0.169
 0.800  1.578  0.453  0.199  0.165  0.171  0.171
 0.802  1.580  0.456  0.202  0.168  0.174  0.174
 0.804  1.582  0.460  0.205  0.171  0.176  0.176
 0.806  1.583  0.463  0.208  0.174  0.178  0.178
 0.808  1.584  0.465  0.211  0.177  0.180  0.180
 0.810  1.584  0.467  0.213  0.180  0.182  0.182
 0.812  1.584  0.468  0.215  0.183  0.184  0.184
 0.814  1.583  0.469  0.218  0.186  0.186  0.186
 0.816  1.580  0.469  0.221  0.189  0.188  0.188
 0.818  1.578  0.468  0.224  0.192  0.190  0.190
 0.820  1.576  0.467  0.226  0.194  0.192  0.192
 0.822  1.572  0.465  0.228  0.197  0.193  0.193
 0.824  1.569  0.463  0.231  0.199  0.195  0.195
 0.826  1.564  0.459  0.234  0.201  0.197  0.197
 0.828  1.560  0.455  0.236  0.204  0.199  0.199
 0.830  1.555  0.450  0.239  0.206  0.201  0.201
 0.832  1.550  0.445  0.242  0.208  0.203  0.203
 0.834  1.544  0.439  0.245  0.210  0.205  0.205
 0.836  1.537  0.432  0.246  0.212  0.208  0.208
 0.838  1.530  0.425  0.249  0.213  0.209  0.209
 0.840  1.522  0.417  0.252  0.216  0.211  0.211
 0.842  1.515  0.408  0.255  0.217  0.213  0.213
 0.844  1.506  0.398  0.257  0.219  0.215  0.215
 0.846  1.497  0.388  0.260  0.220  0.217  0.217
 0.848  1.488  0.376  0.262  0.223  0.218  0.218
 0.850  1.479  0.365  0.264  0.224  0.219  0.219
 0.852  1.468  0.352  0.267  0.226  0.220  0.220
 0.854  1.457  0.339  0.269  0.227  0.220  0.220
 0.856  1.445  0.325  0.271  0.229  0.220  0.220
 0.858  1.434  0.310  0.273  0.230  0.220  0.220
 0.860  1.421  0.295  0.274  0.232  0.219  0.219
 0.862  1.409  0.280  0.275  0.232  0.217  0.217
 0.864  1.396  0.263  0.275  0.232  0.215  0.215
 0.866  1.382  0.245  0.274  0.232  0.213  0.213
 0.868  1.369  0.227  0.273  0.232  0.210  0.210
 0.870  1.355  0.210  0.270  0.230  0.206  0.206
 0.872  1.340  0.190  0.267  0.229  0.202  0.202
 0.874  1.326  0.170  0.262  0.226  0.197  0.197
 0.876  1.312  0.151  0.257  0.222  0.192  0.192
 0.878  1.297  0.131  0.251  0.218  0.185  0.185
 0.880  1.282  0.110  0.244  0.213  0.178  0.178
 0.882  1.266  0.089  0.235  0.207  0.171  0.171
 0.884  1.251  0.068  0.226  0.201  0.163  0.163
 0.886  1.235  0.048  0.216  0.195  0.155  0.155
 0.888  1.219  0.026  0.206  0.187  0.146  0.146
 0.890  1.203  0.006  0.194  0.179  0.136  0.136
 0.892  1.187 -0.016  0.182  0.171  0.126  0.126
 0.894  1.170 -0.036  0.170  0.162  0.116  0.116
 0.896  1.154 -0.056  0.157  0.152  0.105  0.105
 0.898  1.136 -0.077  0.143  0.142  0.093  0.093
 0.900  1.119 -0.097  0.128  0.131  0.081  0.081
 0.902  1.101 -0.116  0.112  0.120  0.068  0.068
 0.904  1.084 -0.137  0.095  0.107  0.055  0.055
 0.906  1.065 -0.157  0.078  0.094  0.041  0.041
 0.908  1.047 -0.176  0.059  0.080  0.026  0.026
 0.910  1.028 -0.196  0.040  0.065  0.011  0.011
 0.912  1.009 -0.216  0.019  0.050 -0.005 -0.005
 0.914  0.990 -0.235 -0.004  0.034 -0.021 -0.021
 0.916  0.971 -0.255 -0.027  0.017 -0.038 -0.038
 0.918  0.950 -0.274 -0.050 -0.001 -0.055 -0.055
 0.920  0.929 -0.293 -0.075 -0.019 -0.072 -0.072
 0.922  0.909 -0.314 -0.100 -0.038 -0.090 -0.090
 0.924  0.889 -0.333 -0.126 -0.057 -0.108 -0.108
 0.926  0.869 -0.352 -0.151 -0.078 -0.125 -0.125
 0.928  0.848 -0.371 -0.178 -0.097 -0.142 -0.142
 0.930  0.827 -0.391 -0.203 -0.118 -0.159 -0.159
 0.932  0.807 -0.410 -0.229 -0.138 -0.175 -0.175
 0.934  0.786 -0.429 -0.253 -0.158 -0.190 -0.190
 0.936  0.766 -0.450 -0.278 -0.179 -0.205 -0.205
 0.938  0.746 -0.469 -0.302 -0.200 -0.219 -0.219
 0.940  0.727 -0.488 -0.326 -0.220 -0.233 -0.233
 0.942  0.707 -0.507 -0.349 -0.240 -0.246 -0.246
 0.944  0.689 -0.526 -0.371 -0.259 -0.258 -0.258
 0.946  0.671 -0.544 -0.393 -0.278 -0.270 -0.270
 0.948  0.654 -0.562 -0.414 -0.297 -0.282 -0.282
 0.950  0.636 -0.580 -0.434 -0.314 -0.293 -0.293
 0.952  0.620 -0.597 -0.452 -0.331 -0.304 -0.304
 0.954  0.605 -0.614 -0.470 -0.347 -0.314 -0.314
 0.956  0.592 -0.629 -0.487 -0.362 -0.324 -0.324
 0.958  0.578 -0.644 -0.504 -0.376 -0.333 -0.333
 0.960  0.565 -0.658 -0.519 -0.389 -0.342 -0.342
 0.962  0.553 -0.672 -0.535 -0.402 -0.350 -0.350
 0.964  0.541 -0.686 -0.549 -0.414 -0.359 -0.359
 0.966  0.530 -0.699 -0.561 -0.425 -0.366 -0.366
 0.968  0.520 -0.711 -0.574 -0.436 -0.373 -0.373
 0.970  0.511 -0.722 -0.586 -0.446 -0.379 -0.379
 0.972  0.501 -0.732 -0.596 -0.456 -0.385 -0.385
 0.974  0.493 -0.742 -0.606 -0.465 -0.390 -0.390
 0.976  0.485 -0.751 -0.616 -0.473 -0.394 -0.394
 0.978  0.477 -0.759 -0.624 -0.481 -0.398 -0.398
 0.980  0.470 -0.767 -0.633 -0.488 -0.402 -0.402
 0.982  0.465 -0.774 -0.639 -0.495 -0.405 -0.405
 0.984  0.459 -0.779 -0.646 -0.501 -0.408 -0.408
 0.986  0.454 -0.786 -0.652 -0.506 -0.410 -0.410
 0.988  0.450 -0.790 -0.656 -0.512 -0.411 -0.411
 0.990  0.446 -0.793 -0.661 -0.515 -0.413 -0.413
 0.992  0.443 -0.797 -0.664 -0.518 -0.414 -0.414
 0.994  0.442 -0.800 -0.667 -0.521 -0.415 -0.415
 0.996  0.441 -0.801 -0.669 -0.523 -0.415 -0.415
 0.998  0.440 -0.802 -0.670 -0.524 -0.416 -0.416
