# IsPeriodic    : True
# Period        : 0.554514 days
# Normalization : <g_mag>=0
# 
# Phase u_mag  g_mag  r_mag  i_mag  z_mag  y_mag
 0.000  0.639 -0.549 -0.522 -0.458 -0.401 -0.401
 0.002  0.640 -0.548 -0.522 -0.458 -0.401 -0.401
 0.004  0.640 -0.547 -0.522 -0.457 -0.401 -0.401
 0.006  0.641 -0.546 -0.521 -0.457 -0.400 -0.400
 0.008  0.642 -0.544 -0.521 -0.457 -0.400 -0.400
 0.010  0.642 -0.542 -0.520 -0.456 -0.399 -0.399
 0.012  0.644 -0.540 -0.518 -0.456 -0.399 -0.399
 0.014  0.645 -0.538 -0.517 -0.456 -0.399 -0.399
 0.016  0.646 -0.535 -0.516 -0.455 -0.399 -0.399
 0.018  0.648 -0.531 -0.515 -0.454 -0.398 -0.398
 0.020  0.649 -0.529 -0.513 -0.454 -0.398 -0.398
 0.022  0.652 -0.525 -0.512 -0.453 -0.397 -0.397
 0.024  0.653 -0.522 -0.510 -0.452 -0.396 -0.396
 0.026  0.655 -0.519 -0.508 -0.451 -0.396 -0.396
 0.028  0.657 -0.515 -0.507 -0.450 -0.395 -0.395
 0.030  0.659 -0.512 -0.505 -0.449 -0.394 -0.394
 0.032  0.661 -0.509 -0.502 -0.447 -0.393 -0.393
 0.034  0.663 -0.505 -0.501 -0.446 -0.392 -0.392
 0.036  0.665 -0.502 -0.498 -0.445 -0.392 -0.392
 0.038  0.667 -0.499 -0.496 -0.443 -0.390 -0.390
 0.040  0.669 -0.495 -0.494 -0.442 -0.389 -0.389
 0.042  0.672 -0.492 -0.491 -0.440 -0.388 -0.388
 0.044  0.674 -0.489 -0.489 -0.439 -0.387 -0.387
 0.046  0.677 -0.485 -0.486 -0.437 -0.385 -0.385
 0.048  0.679 -0.481 -0.483 -0.435 -0.384 -0.384
 0.050  0.682 -0.477 -0.480 -0.433 -0.383 -0.383
 0.052  0.685 -0.474 -0.478 -0.431 -0.381 -0.381
 0.054  0.688 -0.470 -0.475 -0.428 -0.379 -0.379
 0.056  0.691 -0.466 -0.471 -0.427 -0.378 -0.378
 0.058  0.694 -0.462 -0.468 -0.424 -0.377 -0.377
 0.060  0.697 -0.457 -0.464 -0.422 -0.375 -0.375
 0.062  0.700 -0.453 -0.461 -0.419 -0.373 -0.373
 0.064  0.703 -0.448 -0.457 -0.417 -0.372 -0.372
 0.066  0.707 -0.444 -0.454 -0.414 -0.370 -0.370
 0.068  0.710 -0.440 -0.450 -0.412 -0.368 -0.368
 0.070  0.714 -0.436 -0.446 -0.409 -0.366 -0.366
 0.072  0.718 -0.431 -0.443 -0.407 -0.365 -0.365
 0.074  0.721 -0.427 -0.438 -0.404 -0.363 -0.363
 0.076  0.725 -0.421 -0.435 -0.401 -0.361 -0.361
 0.078  0.729 -0.417 -0.431 -0.399 -0.359 -0.359
 0.080  0.732 -0.412 -0.427 -0.396 -0.358 -0.358
 0.082  0.736 -0.408 -0.423 -0.394 -0.356 -0.356
 0.084  0.740 -0.403 -0.419 -0.391 -0.354 -0.354
 0.086  0.743 -0.399 -0.415 -0.388 -0.352 -0.352
 0.088  0.747 -0.394 -0.412 -0.386 -0.351 -0.351
 0.090  0.751 -0.390 -0.408 -0.384 -0.349 -0.349
 0.092  0.755 -0.385 -0.405 -0.381 -0.348 -0.348
 0.094  0.759 -0.380 -0.401 -0.379 -0.346 -0.346
 0.096  0.762 -0.375 -0.398 -0.377 -0.344 -0.344
 0.098  0.766 -0.371 -0.394 -0.374 -0.343 -0.343
 0.100  0.770 -0.366 -0.390 -0.372 -0.341 -0.341
 0.102  0.773 -0.362 -0.387 -0.371 -0.340 -0.340
 0.104  0.777 -0.357 -0.384 -0.368 -0.339 -0.339
 0.106  0.781 -0.354 -0.381 -0.366 -0.337 -0.337
 0.108  0.785 -0.349 -0.378 -0.364 -0.336 -0.336
 0.110  0.789 -0.345 -0.374 -0.362 -0.334 -0.334
 0.112  0.792 -0.340 -0.371 -0.360 -0.333 -0.333
 0.114  0.796 -0.336 -0.368 -0.358 -0.332 -0.332
 0.116  0.799 -0.332 -0.366 -0.356 -0.330 -0.330
 0.118  0.803 -0.327 -0.363 -0.354 -0.329 -0.329
 0.120  0.806 -0.323 -0.360 -0.352 -0.328 -0.328
 0.122  0.810 -0.319 -0.357 -0.351 -0.327 -0.327
 0.124  0.814 -0.315 -0.354 -0.349 -0.325 -0.325
 0.126  0.818 -0.311 -0.351 -0.347 -0.324 -0.324
 0.128  0.821 -0.307 -0.348 -0.345 -0.323 -0.323
 0.130  0.825 -0.303 -0.346 -0.343 -0.322 -0.322
 0.132  0.829 -0.299 -0.344 -0.342 -0.320 -0.320
 0.134  0.832 -0.295 -0.341 -0.341 -0.319 -0.319
 0.136  0.835 -0.290 -0.338 -0.339 -0.318 -0.318
 0.138  0.839 -0.287 -0.336 -0.338 -0.317 -0.317
 0.140  0.843 -0.283 -0.333 -0.336 -0.316 -0.316
 0.142  0.846 -0.279 -0.332 -0.334 -0.315 -0.315
 0.144  0.850 -0.275 -0.329 -0.333 -0.314 -0.314
 0.146  0.854 -0.272 -0.327 -0.331 -0.312 -0.312
 0.148  0.857 -0.267 -0.325 -0.330 -0.312 -0.312
 0.150  0.861 -0.263 -0.322 -0.328 -0.310 -0.310
 0.152  0.864 -0.260 -0.320 -0.328 -0.309 -0.309
 0.154  0.868 -0.256 -0.318 -0.326 -0.308 -0.308
 0.156  0.872 -0.253 -0.316 -0.325 -0.307 -0.307
 0.158  0.875 -0.249 -0.314 -0.323 -0.306 -0.306
 0.160  0.879 -0.245 -0.312 -0.322 -0.305 -0.305
 0.162  0.882 -0.241 -0.309 -0.320 -0.303 -0.303
 0.164  0.885 -0.237 -0.307 -0.319 -0.302 -0.302
 0.166  0.889 -0.234 -0.305 -0.317 -0.301 -0.301
 0.168  0.892 -0.230 -0.303 -0.316 -0.300 -0.300
 0.170  0.895 -0.226 -0.301 -0.314 -0.299 -0.299
 0.172  0.899 -0.223 -0.299 -0.313 -0.298 -0.298
 0.174  0.902 -0.219 -0.297 -0.312 -0.296 -0.296
 0.176  0.906 -0.216 -0.294 -0.311 -0.295 -0.295
 0.178  0.909 -0.212 -0.293 -0.309 -0.294 -0.294
 0.180  0.912 -0.208 -0.290 -0.308 -0.293 -0.293
 0.182  0.916 -0.206 -0.288 -0.306 -0.291 -0.291
 0.184  0.919 -0.202 -0.286 -0.305 -0.290 -0.290
 0.186  0.923 -0.198 -0.284 -0.304 -0.289 -0.289
 0.188  0.926 -0.195 -0.282 -0.302 -0.288 -0.288
 0.190  0.929 -0.191 -0.280 -0.301 -0.286 -0.286
 0.192  0.932 -0.188 -0.278 -0.299 -0.285 -0.285
 0.194  0.936 -0.184 -0.275 -0.299 -0.284 -0.284
 0.196  0.939 -0.180 -0.274 -0.297 -0.283 -0.283
 0.198  0.942 -0.178 -0.272 -0.296 -0.281 -0.281
 0.200  0.945 -0.174 -0.269 -0.294 -0.280 -0.280
 0.202  0.949 -0.170 -0.268 -0.293 -0.279 -0.279
 0.204  0.952 -0.167 -0.265 -0.292 -0.278 -0.278
 0.206  0.955 -0.164 -0.264 -0.290 -0.276 -0.276
 0.208  0.959 -0.161 -0.262 -0.289 -0.275 -0.275
 0.210  0.962 -0.157 -0.259 -0.288 -0.274 -0.274
 0.212  0.965 -0.154 -0.258 -0.286 -0.273 -0.273
 0.214  0.969 -0.151 -0.255 -0.285 -0.271 -0.271
 0.216  0.972 -0.147 -0.253 -0.284 -0.270 -0.270
 0.218  0.975 -0.144 -0.252 -0.283 -0.269 -0.269
 0.220  0.978 -0.141 -0.249 -0.281 -0.268 -0.268
 0.222  0.981 -0.137 -0.248 -0.280 -0.267 -0.267
 0.224  0.984 -0.134 -0.246 -0.279 -0.265 -0.265
 0.226  0.987 -0.131 -0.244 -0.277 -0.264 -0.264
 0.228  0.990 -0.128 -0.242 -0.276 -0.263 -0.263
 0.230  0.993 -0.124 -0.240 -0.275 -0.262 -0.262
 0.232  0.996 -0.121 -0.238 -0.273 -0.260 -0.260
 0.234  0.999 -0.118 -0.236 -0.272 -0.259 -0.259
 0.236  1.002 -0.115 -0.235 -0.271 -0.258 -0.258
 0.238  1.005 -0.112 -0.233 -0.270 -0.257 -0.257
 0.240  1.008 -0.109 -0.231 -0.268 -0.256 -0.256
 0.242  1.011 -0.105 -0.229 -0.267 -0.255 -0.255
 0.244  1.014 -0.103 -0.227 -0.265 -0.254 -0.254
 0.246  1.017 -0.099 -0.225 -0.264 -0.252 -0.252
 0.248  1.019 -0.096 -0.223 -0.263 -0.251 -0.251
 0.250  1.022 -0.094 -0.221 -0.261 -0.250 -0.250
 0.252  1.025 -0.090 -0.220 -0.260 -0.249 -0.249
 0.254  1.028 -0.087 -0.218 -0.258 -0.248 -0.248
 0.256  1.031 -0.085 -0.217 -0.257 -0.247 -0.247
 0.258  1.034 -0.081 -0.215 -0.256 -0.246 -0.246
 0.260  1.036 -0.078 -0.213 -0.255 -0.245 -0.245
 0.262  1.039 -0.076 -0.211 -0.253 -0.244 -0.244
 0.264  1.042 -0.072 -0.210 -0.252 -0.243 -0.243
 0.266  1.045 -0.069 -0.208 -0.250 -0.242 -0.242
 0.268  1.048 -0.067 -0.206 -0.249 -0.241 -0.241
 0.270  1.050 -0.064 -0.205 -0.248 -0.240 -0.240
 0.272  1.052 -0.061 -0.203 -0.246 -0.239 -0.239
 0.274  1.055 -0.058 -0.201 -0.245 -0.238 -0.238
 0.276  1.058 -0.055 -0.200 -0.243 -0.237 -0.237
 0.278  1.061 -0.052 -0.198 -0.242 -0.236 -0.236
 0.280  1.063 -0.050 -0.197 -0.241 -0.235 -0.235
 0.282  1.065 -0.047 -0.195 -0.239 -0.234 -0.234
 0.284  1.068 -0.044 -0.194 -0.238 -0.233 -0.233
 0.286  1.071 -0.041 -0.192 -0.236 -0.232 -0.232
 0.288  1.073 -0.039 -0.190 -0.235 -0.231 -0.231
 0.290  1.076 -0.036 -0.189 -0.233 -0.231 -0.231
 0.292  1.078 -0.033 -0.187 -0.232 -0.230 -0.230
 0.294  1.081 -0.031 -0.186 -0.231 -0.228 -0.228
 0.296  1.083 -0.028 -0.184 -0.229 -0.228 -0.228
 0.298  1.086 -0.025 -0.183 -0.228 -0.227 -0.227
 0.300  1.088 -0.022 -0.181 -0.227 -0.226 -0.226
 0.302  1.091 -0.020 -0.179 -0.226 -0.225 -0.225
 0.304  1.093 -0.017 -0.178 -0.224 -0.224 -0.224
 0.306  1.095 -0.014 -0.176 -0.223 -0.223 -0.223
 0.308  1.098 -0.012 -0.175 -0.221 -0.222 -0.222
 0.310  1.101 -0.009 -0.173 -0.220 -0.221 -0.221
 0.312  1.103 -0.006 -0.172 -0.219 -0.220 -0.220
 0.314  1.105 -0.004 -0.171 -0.218 -0.219 -0.219
 0.316  1.108 -0.001 -0.169 -0.216 -0.218 -0.218
 0.318  1.111  0.001 -0.168 -0.215 -0.217 -0.217
 0.320  1.113  0.004 -0.166 -0.214 -0.216 -0.216
 0.322  1.115  0.006 -0.165 -0.213 -0.215 -0.215
 0.324  1.118  0.009 -0.163 -0.212 -0.214 -0.214
 0.326  1.121  0.012 -0.161 -0.210 -0.213 -0.213
 0.328  1.123  0.015 -0.160 -0.209 -0.212 -0.212
 0.330  1.125  0.016 -0.158 -0.208 -0.211 -0.211
 0.332  1.128  0.019 -0.157 -0.207 -0.210 -0.210
 0.334  1.130  0.022 -0.155 -0.206 -0.209 -0.209
 0.336  1.132  0.024 -0.154 -0.204 -0.208 -0.208
 0.338  1.135  0.026 -0.152 -0.203 -0.207 -0.207
 0.340  1.138  0.029 -0.151 -0.202 -0.206 -0.206
 0.342  1.140  0.032 -0.149 -0.201 -0.205 -0.205
 0.344  1.142  0.034 -0.147 -0.200 -0.204 -0.204
 0.346  1.145  0.036 -0.146 -0.199 -0.203 -0.203
 0.348  1.147  0.039 -0.144 -0.198 -0.202 -0.202
 0.350  1.150  0.042 -0.143 -0.197 -0.201 -0.201
 0.352  1.152  0.043 -0.141 -0.196 -0.199 -0.199
 0.354  1.155  0.046 -0.140 -0.195 -0.199 -0.199
 0.356  1.157  0.049 -0.138 -0.194 -0.197 -0.197
 0.358  1.159  0.051 -0.137 -0.193 -0.197 -0.197
 0.360  1.162  0.053 -0.136 -0.191 -0.195 -0.195
 0.362  1.164  0.056 -0.134 -0.190 -0.195 -0.195
 0.364  1.167  0.058 -0.133 -0.189 -0.193 -0.193
 0.366  1.169  0.061 -0.131 -0.188 -0.192 -0.192
 0.368  1.172  0.062 -0.130 -0.187 -0.191 -0.191
 0.370  1.174  0.065 -0.128 -0.186 -0.190 -0.190
 0.372  1.176  0.068 -0.127 -0.185 -0.189 -0.189
 0.374  1.178  0.070 -0.125 -0.184 -0.188 -0.188
 0.376  1.180  0.072 -0.124 -0.183 -0.187 -0.187
 0.378  1.182  0.074 -0.122 -0.182 -0.186 -0.186
 0.380  1.185  0.077 -0.121 -0.181 -0.185 -0.185
 0.382  1.187  0.079 -0.119 -0.180 -0.184 -0.184
 0.384  1.189  0.081 -0.118 -0.179 -0.183 -0.183
 0.386  1.191  0.083 -0.116 -0.177 -0.182 -0.182
 0.388  1.193  0.085 -0.115 -0.176 -0.180 -0.180
 0.390  1.195  0.088 -0.113 -0.175 -0.179 -0.179
 0.392  1.197  0.089 -0.112 -0.174 -0.178 -0.178
 0.394  1.199  0.092 -0.110 -0.173 -0.177 -0.177
 0.396  1.201  0.094 -0.109 -0.172 -0.176 -0.176
 0.398  1.203  0.096 -0.107 -0.171 -0.175 -0.175
 0.400  1.205  0.098 -0.106 -0.170 -0.174 -0.174
 0.402  1.207  0.100 -0.104 -0.168 -0.173 -0.173
 0.404  1.208  0.102 -0.103 -0.167 -0.171 -0.171
 0.406  1.211  0.104 -0.101 -0.166 -0.171 -0.171
 0.408  1.212  0.107 -0.100 -0.165 -0.169 -0.169
 0.410  1.214  0.108 -0.098 -0.164 -0.168 -0.168
 0.412  1.215  0.110 -0.097 -0.162 -0.167 -0.167
 0.414  1.218  0.112 -0.095 -0.161 -0.166 -0.166
 0.416  1.219  0.114 -0.094 -0.160 -0.165 -0.165
 0.418  1.221  0.117 -0.093 -0.159 -0.163 -0.163
 0.420  1.222  0.118 -0.091 -0.157 -0.162 -0.162
 0.422  1.224  0.120 -0.090 -0.157 -0.161 -0.161
 0.424  1.225  0.122 -0.088 -0.155 -0.160 -0.160
 0.426  1.227  0.124 -0.087 -0.154 -0.159 -0.159
 0.428  1.228  0.126 -0.085 -0.153 -0.158 -0.158
 0.430  1.230  0.127 -0.084 -0.152 -0.156 -0.156
 0.432  1.231  0.129 -0.083 -0.150 -0.156 -0.156
 0.434  1.233  0.131 -0.081 -0.149 -0.154 -0.154
 0.436  1.235  0.133 -0.080 -0.148 -0.153 -0.153
 0.438  1.236  0.135 -0.078 -0.147 -0.152 -0.152
 0.440  1.238  0.136 -0.077 -0.145 -0.151 -0.151
 0.442  1.239  0.138 -0.076 -0.144 -0.150 -0.150
 0.444  1.241  0.140 -0.074 -0.143 -0.149 -0.149
 0.446  1.242  0.142 -0.073 -0.142 -0.148 -0.148
 0.448  1.244  0.144 -0.072 -0.141 -0.147 -0.147
 0.450  1.245  0.145 -0.070 -0.140 -0.146 -0.146
 0.452  1.247  0.147 -0.069 -0.138 -0.144 -0.144
 0.454  1.248  0.148 -0.067 -0.137 -0.144 -0.144
 0.456  1.250  0.150 -0.066 -0.136 -0.142 -0.142
 0.458  1.251  0.152 -0.065 -0.135 -0.142 -0.142
 0.460  1.253  0.154 -0.063 -0.134 -0.140 -0.140
 0.462  1.255  0.155 -0.062 -0.132 -0.139 -0.139
 0.464  1.256  0.156 -0.061 -0.131 -0.138 -0.138
 0.466  1.258  0.158 -0.060 -0.130 -0.137 -0.137
 0.468  1.260  0.160 -0.058 -0.129 -0.136 -0.136
 0.470  1.261  0.161 -0.057 -0.128 -0.135 -0.135
 0.472  1.263  0.163 -0.056 -0.127 -0.134 -0.134
 0.474  1.265  0.164 -0.054 -0.126 -0.133 -0.133
 0.476  1.266  0.165 -0.053 -0.125 -0.132 -0.132
 0.478  1.268  0.167 -0.052 -0.123 -0.131 -0.131
 0.480  1.270  0.169 -0.051 -0.122 -0.130 -0.130
 0.482  1.271  0.170 -0.050 -0.121 -0.130 -0.130
 0.484  1.273  0.172 -0.048 -0.120 -0.129 -0.129
 0.486  1.275  0.172 -0.047 -0.119 -0.127 -0.127
 0.488  1.277  0.174 -0.046 -0.118 -0.127 -0.127
 0.490  1.278  0.175 -0.045 -0.117 -0.126 -0.126
 0.492  1.280  0.177 -0.044 -0.115 -0.125 -0.125
 0.494  1.282  0.178 -0.042 -0.114 -0.124 -0.124
 0.496  1.284  0.180 -0.041 -0.114 -0.123 -0.123
 0.498  1.286  0.181 -0.040 -0.113 -0.122 -0.122
 0.500  1.288  0.181 -0.039 -0.111 -0.121 -0.121
 0.502  1.290  0.183 -0.038 -0.110 -0.120 -0.120
 0.504  1.291  0.184 -0.037 -0.109 -0.120 -0.120
 0.506  1.293  0.186 -0.035 -0.108 -0.119 -0.119
 0.508  1.295  0.187 -0.035 -0.107 -0.118 -0.118
 0.510  1.297  0.188 -0.034 -0.106 -0.117 -0.117
 0.512  1.298  0.189 -0.032 -0.105 -0.116 -0.116
 0.514  1.300  0.191 -0.031 -0.104 -0.115 -0.115
 0.516  1.301  0.191 -0.031 -0.103 -0.114 -0.114
 0.518  1.303  0.192 -0.029 -0.102 -0.113 -0.113
 0.520  1.305  0.193 -0.028 -0.102 -0.113 -0.113
 0.522  1.306  0.194 -0.028 -0.101 -0.112 -0.112
 0.524  1.307  0.196 -0.026 -0.100 -0.111 -0.111
 0.526  1.308  0.197 -0.026 -0.100 -0.111 -0.111
 0.528  1.309  0.198 -0.025 -0.099 -0.110 -0.110
 0.530  1.311  0.199 -0.024 -0.098 -0.109 -0.109
 0.532  1.311  0.200 -0.023 -0.097 -0.108 -0.108
 0.534  1.313  0.200 -0.022 -0.096 -0.107 -0.107
 0.536  1.314  0.201 -0.021 -0.096 -0.106 -0.106
 0.538  1.315  0.202 -0.021 -0.095 -0.106 -0.106
 0.540  1.315  0.203 -0.020 -0.094 -0.105 -0.105
 0.542  1.316  0.203 -0.019 -0.094 -0.104 -0.104
 0.544  1.317  0.204 -0.018 -0.093 -0.103 -0.103
 0.546  1.318  0.205 -0.018 -0.093 -0.103 -0.103
 0.548  1.318  0.206 -0.017 -0.092 -0.102 -0.102
 0.550  1.318  0.207 -0.016 -0.091 -0.101 -0.101
 0.552  1.318  0.207 -0.015 -0.091 -0.101 -0.101
 0.554  1.319  0.208 -0.015 -0.090 -0.100 -0.100
 0.556  1.319  0.209 -0.014 -0.090 -0.099 -0.099
 0.558  1.320  0.209 -0.013 -0.090 -0.099 -0.099
 0.560  1.320  0.209 -0.013 -0.089 -0.098 -0.098
 0.562  1.320  0.210 -0.012 -0.089 -0.097 -0.097
 0.564  1.320  0.210 -0.012 -0.088 -0.096 -0.096
 0.566  1.320  0.211 -0.011 -0.088 -0.096 -0.096
 0.568  1.320  0.212 -0.010 -0.088 -0.095 -0.095
 0.570  1.320  0.212 -0.010 -0.087 -0.094 -0.094
 0.572  1.319  0.213 -0.010 -0.087 -0.094 -0.094
 0.574  1.319  0.213 -0.009 -0.087 -0.093 -0.093
 0.576  1.319  0.213 -0.009 -0.086 -0.092 -0.092
 0.578  1.318  0.214 -0.009 -0.086 -0.091 -0.091
 0.580  1.318  0.214 -0.008 -0.086 -0.091 -0.091
 0.582  1.318  0.215 -0.008 -0.086 -0.090 -0.090
 0.584  1.318  0.215 -0.008 -0.085 -0.090 -0.090
 0.586  1.318  0.215 -0.007 -0.085 -0.089 -0.089
 0.588  1.318  0.216 -0.007 -0.085 -0.088 -0.088
 0.590  1.317  0.216 -0.006 -0.084 -0.088 -0.088
 0.592  1.317  0.216 -0.006 -0.084 -0.087 -0.087
 0.594  1.317  0.217 -0.006 -0.084 -0.087 -0.087
 0.596  1.316  0.217 -0.006 -0.083 -0.086 -0.086
 0.598  1.316  0.217 -0.005 -0.083 -0.085 -0.085
 0.600  1.316  0.218 -0.005 -0.083 -0.084 -0.084
 0.602  1.316  0.218 -0.005 -0.082 -0.084 -0.084
 0.604  1.316  0.218 -0.005 -0.082 -0.083 -0.083
 0.606  1.316  0.218 -0.005 -0.082 -0.082 -0.082
 0.608  1.315  0.218 -0.005 -0.081 -0.082 -0.082
 0.610  1.315  0.218 -0.005 -0.081 -0.081 -0.081
 0.612  1.315  0.219 -0.005 -0.081 -0.080 -0.080
 0.614  1.315  0.219 -0.005 -0.080 -0.080 -0.080
 0.616  1.315  0.219 -0.005 -0.080 -0.079 -0.079
 0.618  1.315  0.220 -0.005 -0.080 -0.079 -0.079
 0.620  1.315  0.220 -0.005 -0.079 -0.078 -0.078
 0.622  1.315  0.220 -0.005 -0.079 -0.077 -0.077
 0.624  1.315  0.221 -0.005 -0.078 -0.077 -0.077
 0.626  1.315  0.221 -0.005 -0.078 -0.076 -0.076
 0.628  1.315  0.221 -0.005 -0.078 -0.075 -0.075
 0.630  1.315  0.221 -0.005 -0.077 -0.075 -0.075
 0.632  1.315  0.222 -0.005 -0.077 -0.074 -0.074
 0.634  1.315  0.222 -0.006 -0.077 -0.073 -0.073
 0.636  1.316  0.222 -0.006 -0.076 -0.072 -0.072
 0.638  1.316  0.222 -0.006 -0.076 -0.072 -0.072
 0.640  1.316  0.223 -0.006 -0.075 -0.071 -0.071
 0.642  1.316  0.223 -0.006 -0.075 -0.071 -0.071
 0.644  1.316  0.223 -0.007 -0.075 -0.070 -0.070
 0.646  1.317  0.223 -0.007 -0.074 -0.070 -0.070
 0.648  1.317  0.224 -0.008 -0.074 -0.069 -0.069
 0.650  1.317  0.224 -0.008 -0.074 -0.068 -0.068
 0.652  1.318  0.224 -0.008 -0.073 -0.068 -0.068
 0.654  1.318  0.224 -0.008 -0.073 -0.067 -0.067
 0.656  1.318  0.225 -0.009 -0.073 -0.067 -0.067
 0.658  1.318  0.225 -0.009 -0.072 -0.067 -0.067
 0.660  1.318  0.225 -0.009 -0.072 -0.066 -0.066
 0.662  1.318  0.225 -0.009 -0.072 -0.066 -0.066
 0.664  1.319  0.225 -0.009 -0.072 -0.065 -0.065
 0.666  1.319  0.226 -0.010 -0.072 -0.065 -0.065
 0.668  1.319  0.226 -0.010 -0.072 -0.065 -0.065
 0.670  1.320  0.226 -0.010 -0.072 -0.065 -0.065
 0.672  1.320  0.226 -0.010 -0.072 -0.064 -0.064
 0.674  1.321  0.226 -0.010 -0.071 -0.064 -0.064
 0.676  1.321  0.227 -0.011 -0.071 -0.064 -0.064
 0.678  1.321  0.227 -0.011 -0.071 -0.064 -0.064
 0.680  1.321  0.227 -0.011 -0.071 -0.063 -0.063
 0.682  1.321  0.227 -0.012 -0.071 -0.063 -0.063
 0.684  1.322  0.227 -0.012 -0.071 -0.063 -0.063
 0.686  1.322  0.227 -0.012 -0.071 -0.063 -0.063
 0.688  1.323  0.228 -0.012 -0.071 -0.063 -0.063
 0.690  1.323  0.228 -0.012 -0.071 -0.063 -0.063
 0.692  1.324  0.228 -0.012 -0.071 -0.063 -0.063
 0.694  1.324  0.228 -0.012 -0.071 -0.063 -0.063
 0.696  1.325  0.228 -0.012 -0.071 -0.063 -0.063
 0.698  1.325  0.228 -0.012 -0.071 -0.063 -0.063
 0.700  1.325  0.228 -0.013 -0.071 -0.063 -0.063
 0.702  1.326  0.228 -0.013 -0.071 -0.063 -0.063
 0.704  1.326  0.228 -0.013 -0.071 -0.063 -0.063
 0.706  1.327  0.228 -0.013 -0.071 -0.063 -0.063
 0.708  1.328  0.228 -0.013 -0.072 -0.063 -0.063
 0.710  1.328  0.228 -0.013 -0.072 -0.063 -0.063
 0.712  1.328  0.228 -0.013 -0.072 -0.063 -0.063
 0.714  1.328  0.228 -0.013 -0.072 -0.063 -0.063
 0.716  1.329  0.228 -0.013 -0.072 -0.063 -0.063
 0.718  1.330  0.228 -0.013 -0.072 -0.063 -0.063
 0.720  1.330  0.229 -0.013 -0.072 -0.063 -0.063
 0.722  1.331  0.229 -0.013 -0.072 -0.063 -0.063
 0.724  1.331  0.229 -0.013 -0.072 -0.062 -0.062
 0.726  1.332  0.229 -0.013 -0.072 -0.062 -0.062
 0.728  1.333  0.230 -0.013 -0.072 -0.061 -0.061
 0.730  1.334  0.230 -0.013 -0.072 -0.060 -0.060
 0.732  1.335  0.231 -0.013 -0.072 -0.060 -0.060
 0.734  1.336  0.232 -0.013 -0.071 -0.059 -0.059
 0.736  1.338  0.233 -0.013 -0.071 -0.058 -0.058
 0.738  1.338  0.235 -0.013 -0.071 -0.058 -0.058
 0.740  1.340  0.236 -0.013 -0.070 -0.057 -0.057
 0.742  1.341  0.237 -0.014 -0.070 -0.056 -0.056
 0.744  1.343  0.238 -0.014 -0.069 -0.055 -0.055
 0.746  1.345  0.240 -0.014 -0.069 -0.054 -0.054
 0.748  1.346  0.242 -0.014 -0.068 -0.053 -0.053
 0.750  1.348  0.244 -0.014 -0.068 -0.051 -0.051
 0.752  1.349  0.246 -0.014 -0.067 -0.050 -0.050
 0.754  1.351  0.248 -0.014 -0.066 -0.048 -0.048
 0.756  1.352  0.250 -0.014 -0.066 -0.047 -0.047
 0.758  1.354  0.253 -0.014 -0.065 -0.046 -0.046
 0.760  1.356  0.255 -0.014 -0.064 -0.044 -0.044
 0.762  1.358  0.257 -0.014 -0.063 -0.042 -0.042
 0.764  1.360  0.261 -0.014 -0.062 -0.041 -0.041
 0.766  1.362  0.264 -0.014 -0.061 -0.039 -0.039
 0.768  1.365  0.266 -0.014 -0.060 -0.037 -0.037
 0.770  1.367  0.270 -0.014 -0.059 -0.035 -0.035
 0.772  1.369  0.274 -0.014 -0.058 -0.033 -0.033
 0.774  1.372  0.277 -0.014 -0.058 -0.031 -0.031
 0.776  1.375  0.282 -0.014 -0.056 -0.029 -0.029
 0.778  1.378  0.285 -0.014 -0.055 -0.027 -0.027
 0.780  1.381  0.290 -0.015 -0.054 -0.025 -0.025
 0.782  1.384  0.293 -0.015 -0.053 -0.022 -0.022
 0.784  1.386  0.298 -0.015 -0.051 -0.020 -0.020
 0.786  1.389  0.302 -0.014 -0.050 -0.018 -0.018
 0.788  1.391  0.307 -0.014 -0.049 -0.016 -0.016
 0.790  1.394  0.311 -0.014 -0.047 -0.014 -0.014
 0.792  1.397  0.316 -0.014 -0.046 -0.012 -0.012
 0.794  1.399  0.320 -0.013 -0.044 -0.010 -0.010
 0.796  1.401  0.325 -0.013 -0.043 -0.009 -0.009
 0.798  1.403  0.329 -0.013 -0.042 -0.007 -0.007
 0.800  1.404  0.333 -0.012 -0.040 -0.005 -0.005
 0.802  1.406  0.337 -0.011 -0.038 -0.004 -0.004
 0.804  1.407  0.340 -0.010 -0.036 -0.002 -0.002
 0.806  1.408  0.343 -0.009 -0.035 -0.001 -0.001
 0.808  1.408  0.346 -0.009 -0.033  0.000  0.000
 0.810  1.408  0.348 -0.008 -0.031  0.002  0.002
 0.812  1.408  0.350 -0.006 -0.029  0.003  0.003
 0.814  1.408  0.352 -0.005 -0.028  0.004  0.004
 0.816  1.406  0.353 -0.003 -0.026  0.005  0.005
 0.818  1.404  0.354 -0.002 -0.024  0.006  0.006
 0.820  1.403  0.354  0.000 -0.022  0.007  0.007
 0.822  1.401  0.354  0.002 -0.020  0.007  0.007
 0.824  1.398  0.353  0.004 -0.018  0.008  0.008
 0.826  1.395  0.352  0.006 -0.016  0.009  0.009
 0.828  1.392  0.350  0.008 -0.014  0.009  0.009
 0.830  1.389  0.349  0.011 -0.012  0.010  0.010
 0.832  1.385  0.347  0.013 -0.010  0.011  0.011
 0.834  1.381  0.345  0.016 -0.008  0.011  0.011
 0.836  1.377  0.342  0.019 -0.005  0.012  0.012
 0.838  1.372  0.339  0.021 -0.003  0.012  0.012
 0.840  1.367  0.335  0.024 -0.001  0.012  0.012
 0.842  1.362  0.331  0.027  0.002  0.013  0.013
 0.844  1.356  0.328  0.030  0.004  0.013  0.013
 0.846  1.350  0.323  0.033  0.007  0.013  0.013
 0.848  1.344  0.318  0.037  0.009  0.013  0.013
 0.850  1.338  0.312  0.041  0.012  0.012  0.012
 0.852  1.331  0.307  0.044  0.014  0.012  0.012
 0.854  1.323  0.301  0.048  0.016  0.011  0.011
 0.856  1.315  0.294  0.051  0.018  0.010  0.010
 0.858  1.308  0.287  0.055  0.020  0.009  0.009
 0.860  1.299  0.280  0.058  0.022  0.008  0.008
 0.862  1.291  0.273  0.062  0.023  0.006  0.006
 0.864  1.282  0.265  0.064  0.025  0.004  0.004
 0.866  1.273  0.256  0.067  0.025  0.002  0.002
 0.868  1.264  0.247  0.068  0.025 -0.000 -0.000
 0.870  1.255  0.238  0.070  0.025 -0.003 -0.003
 0.872  1.245  0.229  0.070  0.024 -0.007 -0.007
 0.874  1.235  0.219  0.070  0.022 -0.010 -0.010
 0.876  1.225  0.209  0.068  0.020 -0.015 -0.015
 0.878  1.215  0.200  0.067  0.017 -0.019 -0.019
 0.880  1.205  0.189  0.064  0.014 -0.023 -0.023
 0.882  1.195  0.178  0.061  0.010 -0.028 -0.028
 0.884  1.185  0.167  0.057  0.006 -0.034 -0.034
 0.886  1.174  0.155  0.053  0.001 -0.039 -0.039
 0.888  1.163  0.144  0.048 -0.004 -0.045 -0.045
 0.890  1.152  0.131  0.042 -0.010 -0.051 -0.051
 0.892  1.142  0.119  0.036 -0.016 -0.058 -0.058
 0.894  1.130  0.107  0.030 -0.022 -0.064 -0.064
 0.896  1.119  0.093  0.023 -0.029 -0.071 -0.071
 0.898  1.108  0.080  0.015 -0.036 -0.079 -0.079
 0.900  1.096  0.067  0.007 -0.044 -0.086 -0.086
 0.902  1.084  0.052 -0.002 -0.052 -0.094 -0.094
 0.904  1.072  0.039 -0.012 -0.060 -0.102 -0.102
 0.906  1.060  0.024 -0.022 -0.070 -0.111 -0.111
 0.908  1.048  0.009 -0.033 -0.080 -0.120 -0.120
 0.910  1.035 -0.006 -0.045 -0.090 -0.129 -0.129
 0.912  1.022 -0.022 -0.058 -0.101 -0.139 -0.139
 0.914  1.009 -0.038 -0.071 -0.113 -0.149 -0.149
 0.916  0.996 -0.054 -0.086 -0.125 -0.159 -0.159
 0.918  0.982 -0.071 -0.101 -0.138 -0.170 -0.170
 0.920  0.969 -0.088 -0.116 -0.151 -0.181 -0.181
 0.922  0.955 -0.105 -0.132 -0.164 -0.192 -0.192
 0.924  0.942 -0.123 -0.149 -0.178 -0.203 -0.203
 0.926  0.928 -0.141 -0.165 -0.192 -0.214 -0.214
 0.928  0.914 -0.159 -0.182 -0.205 -0.224 -0.224
 0.930  0.900 -0.177 -0.199 -0.219 -0.235 -0.235
 0.932  0.886 -0.196 -0.216 -0.232 -0.245 -0.245
 0.934  0.872 -0.214 -0.233 -0.245 -0.255 -0.255
 0.936  0.859 -0.233 -0.250 -0.258 -0.264 -0.264
 0.938  0.845 -0.252 -0.267 -0.271 -0.273 -0.273
 0.940  0.832 -0.270 -0.283 -0.283 -0.282 -0.282
 0.942  0.819 -0.288 -0.299 -0.295 -0.291 -0.291
 0.944  0.807 -0.306 -0.315 -0.306 -0.298 -0.298
 0.946  0.795 -0.324 -0.329 -0.317 -0.306 -0.306
 0.948  0.783 -0.340 -0.344 -0.328 -0.314 -0.314
 0.950  0.772 -0.356 -0.358 -0.338 -0.321 -0.321
 0.952  0.761 -0.372 -0.371 -0.348 -0.328 -0.328
 0.954  0.751 -0.387 -0.384 -0.357 -0.334 -0.334
 0.956  0.742 -0.401 -0.396 -0.366 -0.341 -0.341
 0.958  0.732 -0.414 -0.408 -0.375 -0.347 -0.347
 0.960  0.724 -0.427 -0.418 -0.383 -0.353 -0.353
 0.962  0.716 -0.438 -0.428 -0.390 -0.358 -0.358
 0.964  0.708 -0.449 -0.438 -0.398 -0.363 -0.363
 0.966  0.700 -0.460 -0.447 -0.404 -0.367 -0.367
 0.968  0.693 -0.470 -0.456 -0.411 -0.372 -0.372
 0.970  0.687 -0.479 -0.463 -0.416 -0.376 -0.376
 0.972  0.681 -0.488 -0.471 -0.422 -0.380 -0.380
 0.974  0.676 -0.496 -0.478 -0.427 -0.383 -0.383
 0.976  0.670 -0.504 -0.485 -0.432 -0.386 -0.386
 0.978  0.665 -0.512 -0.491 -0.436 -0.389 -0.389
 0.980  0.660 -0.518 -0.496 -0.440 -0.392 -0.392
 0.982  0.656 -0.524 -0.501 -0.443 -0.394 -0.394
 0.984  0.652 -0.530 -0.506 -0.447 -0.395 -0.395
 0.986  0.649 -0.535 -0.510 -0.449 -0.397 -0.397
 0.988  0.646 -0.539 -0.514 -0.452 -0.398 -0.398
 0.990  0.644 -0.542 -0.517 -0.454 -0.399 -0.399
 0.992  0.642 -0.545 -0.519 -0.456 -0.400 -0.400
 0.994  0.641 -0.547 -0.521 -0.456 -0.401 -0.401
 0.996  0.640 -0.548 -0.522 -0.457 -0.401 -0.401
 0.998  0.639 -0.549 -0.523 -0.458 -0.401 -0.401
