# IsPeriodic    : True
# Period        : 0.581710 days
# Normalization : <g_mag>=0
# 
# Phase u_mag  g_mag  r_mag  i_mag  z_mag  y_mag
 0.000  0.636 -0.536 -0.514 -0.465 -0.420 -0.420
 0.002  0.636 -0.535 -0.514 -0.465 -0.420 -0.420
 0.004  0.637 -0.534 -0.514 -0.464 -0.420 -0.420
 0.006  0.638 -0.533 -0.513 -0.464 -0.420 -0.420
 0.008  0.640 -0.532 -0.513 -0.463 -0.420 -0.420
 0.010  0.641 -0.530 -0.512 -0.462 -0.420 -0.420
 0.012  0.643 -0.528 -0.511 -0.461 -0.419 -0.419
 0.014  0.645 -0.525 -0.510 -0.460 -0.419 -0.419
 0.016  0.647 -0.523 -0.510 -0.459 -0.418 -0.418
 0.018  0.650 -0.519 -0.509 -0.458 -0.418 -0.418
 0.020  0.652 -0.517 -0.507 -0.457 -0.417 -0.417
 0.022  0.655 -0.513 -0.506 -0.455 -0.417 -0.417
 0.024  0.657 -0.509 -0.505 -0.454 -0.416 -0.416
 0.026  0.661 -0.507 -0.503 -0.452 -0.415 -0.415
 0.028  0.663 -0.503 -0.502 -0.451 -0.415 -0.415
 0.030  0.666 -0.500 -0.500 -0.450 -0.414 -0.414
 0.032  0.669 -0.497 -0.499 -0.449 -0.413 -0.413
 0.034  0.672 -0.494 -0.498 -0.448 -0.413 -0.413
 0.036  0.674 -0.490 -0.496 -0.447 -0.412 -0.412
 0.038  0.678 -0.487 -0.494 -0.445 -0.411 -0.411
 0.040  0.681 -0.484 -0.492 -0.444 -0.410 -0.410
 0.042  0.684 -0.480 -0.491 -0.443 -0.409 -0.409
 0.044  0.687 -0.478 -0.489 -0.441 -0.408 -0.408
 0.046  0.690 -0.474 -0.487 -0.440 -0.407 -0.407
 0.048  0.694 -0.470 -0.485 -0.439 -0.406 -0.406
 0.050  0.697 -0.466 -0.483 -0.437 -0.405 -0.405
 0.052  0.700 -0.463 -0.481 -0.436 -0.404 -0.404
 0.054  0.705 -0.459 -0.479 -0.434 -0.403 -0.403
 0.056  0.708 -0.455 -0.476 -0.433 -0.402 -0.402
 0.058  0.712 -0.451 -0.474 -0.432 -0.400 -0.400
 0.060  0.715 -0.447 -0.471 -0.430 -0.399 -0.399
 0.062  0.720 -0.442 -0.469 -0.428 -0.398 -0.398
 0.064  0.724 -0.438 -0.466 -0.427 -0.397 -0.397
 0.066  0.728 -0.434 -0.464 -0.425 -0.395 -0.395
 0.068  0.732 -0.430 -0.461 -0.423 -0.393 -0.393
 0.070  0.736 -0.426 -0.458 -0.422 -0.392 -0.392
 0.072  0.742 -0.421 -0.455 -0.420 -0.391 -0.391
 0.074  0.746 -0.417 -0.452 -0.418 -0.389 -0.389
 0.076  0.750 -0.412 -0.449 -0.417 -0.388 -0.388
 0.078  0.755 -0.407 -0.447 -0.416 -0.386 -0.386
 0.080  0.759 -0.403 -0.444 -0.414 -0.385 -0.385
 0.082  0.763 -0.398 -0.441 -0.412 -0.383 -0.383
 0.084  0.768 -0.394 -0.438 -0.410 -0.382 -0.382
 0.086  0.773 -0.390 -0.435 -0.409 -0.380 -0.380
 0.088  0.777 -0.385 -0.432 -0.407 -0.379 -0.379
 0.090  0.782 -0.381 -0.429 -0.405 -0.377 -0.377
 0.092  0.786 -0.376 -0.426 -0.404 -0.376 -0.376
 0.094  0.790 -0.371 -0.424 -0.402 -0.375 -0.375
 0.096  0.795 -0.367 -0.421 -0.400 -0.373 -0.373
 0.098  0.800 -0.362 -0.418 -0.399 -0.372 -0.372
 0.100  0.804 -0.358 -0.415 -0.397 -0.371 -0.371
 0.102  0.808 -0.353 -0.412 -0.396 -0.369 -0.369
 0.104  0.812 -0.349 -0.409 -0.394 -0.368 -0.368
 0.106  0.817 -0.346 -0.406 -0.392 -0.367 -0.367
 0.108  0.821 -0.341 -0.403 -0.391 -0.366 -0.366
 0.110  0.826 -0.337 -0.401 -0.389 -0.364 -0.364
 0.112  0.830 -0.332 -0.398 -0.387 -0.363 -0.363
 0.114  0.834 -0.328 -0.395 -0.386 -0.362 -0.362
 0.116  0.838 -0.324 -0.393 -0.384 -0.361 -0.361
 0.118  0.842 -0.320 -0.390 -0.383 -0.359 -0.359
 0.120  0.847 -0.316 -0.387 -0.382 -0.358 -0.358
 0.122  0.851 -0.312 -0.385 -0.380 -0.357 -0.357
 0.124  0.854 -0.308 -0.382 -0.378 -0.356 -0.356
 0.126  0.858 -0.304 -0.379 -0.377 -0.355 -0.355
 0.128  0.863 -0.300 -0.377 -0.375 -0.354 -0.354
 0.130  0.867 -0.296 -0.374 -0.374 -0.352 -0.352
 0.132  0.871 -0.292 -0.372 -0.372 -0.352 -0.352
 0.134  0.874 -0.288 -0.369 -0.371 -0.350 -0.350
 0.136  0.879 -0.284 -0.367 -0.369 -0.349 -0.349
 0.138  0.883 -0.280 -0.364 -0.368 -0.348 -0.348
 0.140  0.886 -0.277 -0.362 -0.366 -0.347 -0.347
 0.142  0.890 -0.272 -0.359 -0.365 -0.346 -0.346
 0.144  0.895 -0.269 -0.356 -0.364 -0.345 -0.345
 0.146  0.898 -0.265 -0.354 -0.362 -0.344 -0.344
 0.148  0.902 -0.261 -0.351 -0.361 -0.343 -0.343
 0.150  0.906 -0.257 -0.349 -0.359 -0.342 -0.342
 0.152  0.910 -0.254 -0.347 -0.358 -0.341 -0.341
 0.154  0.913 -0.250 -0.344 -0.356 -0.340 -0.340
 0.156  0.917 -0.247 -0.342 -0.355 -0.339 -0.339
 0.158  0.921 -0.243 -0.340 -0.353 -0.338 -0.338
 0.160  0.924 -0.240 -0.337 -0.352 -0.337 -0.337
 0.162  0.928 -0.235 -0.335 -0.350 -0.336 -0.336
 0.164  0.932 -0.232 -0.333 -0.349 -0.335 -0.335
 0.166  0.935 -0.228 -0.331 -0.348 -0.334 -0.334
 0.168  0.939 -0.225 -0.328 -0.347 -0.333 -0.333
 0.170  0.943 -0.221 -0.326 -0.345 -0.332 -0.332
 0.172  0.946 -0.218 -0.324 -0.344 -0.331 -0.331
 0.174  0.949 -0.214 -0.321 -0.342 -0.330 -0.330
 0.176  0.953 -0.211 -0.320 -0.341 -0.329 -0.329
 0.178  0.957 -0.207 -0.317 -0.339 -0.328 -0.328
 0.180  0.960 -0.204 -0.316 -0.338 -0.327 -0.327
 0.182  0.964 -0.201 -0.313 -0.337 -0.326 -0.326
 0.184  0.967 -0.197 -0.311 -0.335 -0.325 -0.325
 0.186  0.970 -0.194 -0.309 -0.334 -0.324 -0.324
 0.188  0.974 -0.190 -0.308 -0.333 -0.322 -0.322
 0.190  0.977 -0.187 -0.305 -0.332 -0.322 -0.322
 0.192  0.980 -0.183 -0.304 -0.330 -0.320 -0.320
 0.194  0.983 -0.180 -0.302 -0.329 -0.319 -0.319
 0.196  0.986 -0.176 -0.300 -0.328 -0.318 -0.318
 0.198  0.990 -0.174 -0.298 -0.326 -0.317 -0.317
 0.200  0.993 -0.170 -0.296 -0.325 -0.316 -0.316
 0.202  0.996 -0.167 -0.294 -0.324 -0.315 -0.315
 0.204  0.999 -0.163 -0.293 -0.322 -0.314 -0.314
 0.206  1.002 -0.160 -0.291 -0.321 -0.313 -0.313
 0.208  1.006 -0.157 -0.289 -0.320 -0.311 -0.311
 0.210  1.008 -0.153 -0.288 -0.318 -0.311 -0.311
 0.212  1.011 -0.151 -0.286 -0.317 -0.309 -0.309
 0.214  1.015 -0.147 -0.284 -0.316 -0.308 -0.308
 0.216  1.017 -0.144 -0.282 -0.315 -0.307 -0.307
 0.218  1.021 -0.141 -0.281 -0.314 -0.306 -0.306
 0.220  1.023 -0.137 -0.280 -0.312 -0.305 -0.305
 0.222  1.027 -0.134 -0.278 -0.311 -0.304 -0.304
 0.224  1.029 -0.131 -0.276 -0.310 -0.303 -0.303
 0.226  1.032 -0.128 -0.275 -0.308 -0.301 -0.301
 0.228  1.035 -0.125 -0.273 -0.307 -0.301 -0.301
 0.230  1.038 -0.122 -0.271 -0.306 -0.299 -0.299
 0.232  1.041 -0.118 -0.270 -0.305 -0.298 -0.298
 0.234  1.043 -0.115 -0.269 -0.303 -0.297 -0.297
 0.236  1.047 -0.112 -0.267 -0.302 -0.296 -0.296
 0.238  1.049 -0.109 -0.265 -0.301 -0.295 -0.295
 0.240  1.052 -0.107 -0.263 -0.299 -0.294 -0.294
 0.242  1.055 -0.103 -0.262 -0.299 -0.293 -0.293
 0.244  1.058 -0.100 -0.261 -0.297 -0.292 -0.292
 0.246  1.060 -0.097 -0.259 -0.296 -0.291 -0.291
 0.248  1.064 -0.094 -0.257 -0.295 -0.290 -0.290
 0.250  1.066 -0.092 -0.255 -0.293 -0.289 -0.289
 0.252  1.069 -0.088 -0.254 -0.292 -0.288 -0.288
 0.254  1.072 -0.085 -0.253 -0.291 -0.287 -0.287
 0.256  1.075 -0.083 -0.251 -0.289 -0.286 -0.286
 0.258  1.077 -0.079 -0.249 -0.288 -0.284 -0.284
 0.260  1.080 -0.077 -0.247 -0.287 -0.284 -0.284
 0.262  1.083 -0.074 -0.246 -0.285 -0.283 -0.283
 0.264  1.085 -0.070 -0.244 -0.284 -0.281 -0.281
 0.266  1.088 -0.068 -0.242 -0.283 -0.281 -0.281
 0.268  1.091 -0.065 -0.241 -0.282 -0.280 -0.280
 0.270  1.093 -0.063 -0.239 -0.280 -0.278 -0.278
 0.272  1.096 -0.060 -0.238 -0.279 -0.277 -0.277
 0.274  1.099 -0.056 -0.236 -0.278 -0.277 -0.277
 0.276  1.101 -0.054 -0.234 -0.276 -0.275 -0.275
 0.278  1.104 -0.051 -0.232 -0.275 -0.274 -0.274
 0.280  1.106 -0.048 -0.231 -0.274 -0.274 -0.274
 0.282  1.109 -0.046 -0.229 -0.272 -0.273 -0.273
 0.284  1.112 -0.043 -0.227 -0.271 -0.271 -0.271
 0.286  1.114 -0.040 -0.226 -0.270 -0.271 -0.271
 0.288  1.117 -0.038 -0.224 -0.268 -0.270 -0.270
 0.290  1.119 -0.035 -0.222 -0.267 -0.269 -0.269
 0.292  1.122 -0.033 -0.221 -0.266 -0.267 -0.267
 0.294  1.125 -0.030 -0.219 -0.265 -0.267 -0.267
 0.296  1.128 -0.027 -0.218 -0.263 -0.266 -0.266
 0.298  1.130 -0.025 -0.216 -0.262 -0.265 -0.265
 0.300  1.133 -0.022 -0.214 -0.261 -0.264 -0.264
 0.302  1.135 -0.019 -0.212 -0.259 -0.263 -0.263
 0.304  1.138 -0.017 -0.211 -0.258 -0.262 -0.262
 0.306  1.140 -0.014 -0.209 -0.256 -0.260 -0.260
 0.308  1.142 -0.011 -0.207 -0.255 -0.260 -0.260
 0.310  1.144 -0.009 -0.205 -0.254 -0.259 -0.259
 0.312  1.147 -0.006 -0.204 -0.252 -0.257 -0.257
 0.314  1.149 -0.003 -0.202 -0.251 -0.257 -0.257
 0.316  1.152 -0.001 -0.201 -0.250 -0.255 -0.255
 0.318  1.154  0.001 -0.199 -0.249 -0.254 -0.254
 0.320  1.157  0.004 -0.197 -0.248 -0.253 -0.253
 0.322  1.159  0.006 -0.196 -0.246 -0.252 -0.252
 0.324  1.162  0.009 -0.194 -0.245 -0.251 -0.251
 0.326  1.165  0.012 -0.192 -0.244 -0.250 -0.250
 0.328  1.167  0.014 -0.191 -0.243 -0.249 -0.249
 0.330  1.170  0.016 -0.189 -0.241 -0.248 -0.248
 0.332  1.172  0.019 -0.188 -0.240 -0.247 -0.247
 0.334  1.174  0.021 -0.186 -0.239 -0.246 -0.246
 0.336  1.176  0.024 -0.184 -0.238 -0.244 -0.244
 0.338  1.179  0.026 -0.183 -0.236 -0.243 -0.243
 0.340  1.181  0.028 -0.181 -0.235 -0.242 -0.242
 0.342  1.184  0.031 -0.180 -0.234 -0.241 -0.241
 0.344  1.186  0.034 -0.178 -0.233 -0.240 -0.240
 0.346  1.189  0.035 -0.176 -0.232 -0.239 -0.239
 0.348  1.191  0.038 -0.174 -0.231 -0.238 -0.238
 0.350  1.193  0.041 -0.173 -0.229 -0.237 -0.237
 0.352  1.196  0.042 -0.172 -0.228 -0.236 -0.236
 0.354  1.198  0.045 -0.170 -0.227 -0.234 -0.234
 0.356  1.201  0.048 -0.168 -0.226 -0.233 -0.233
 0.358  1.202  0.049 -0.167 -0.225 -0.232 -0.232
 0.360  1.205  0.052 -0.165 -0.223 -0.231 -0.231
 0.362  1.207  0.055 -0.164 -0.222 -0.230 -0.230
 0.364  1.210  0.057 -0.162 -0.221 -0.228 -0.228
 0.366  1.212  0.059 -0.161 -0.220 -0.227 -0.227
 0.368  1.214  0.061 -0.159 -0.219 -0.226 -0.226
 0.370  1.217  0.064 -0.157 -0.218 -0.225 -0.225
 0.372  1.219  0.066 -0.156 -0.216 -0.224 -0.224
 0.374  1.221  0.068 -0.154 -0.216 -0.223 -0.223
 0.376  1.223  0.071 -0.153 -0.214 -0.221 -0.221
 0.378  1.226  0.072 -0.152 -0.213 -0.220 -0.220
 0.380  1.228  0.075 -0.150 -0.212 -0.219 -0.219
 0.382  1.230  0.077 -0.148 -0.211 -0.218 -0.218
 0.384  1.233  0.079 -0.147 -0.210 -0.217 -0.217
 0.386  1.234  0.081 -0.145 -0.209 -0.216 -0.216
 0.388  1.237  0.083 -0.143 -0.207 -0.215 -0.215
 0.390  1.239  0.086 -0.142 -0.206 -0.213 -0.213
 0.392  1.241  0.087 -0.141 -0.205 -0.213 -0.213
 0.394  1.244  0.090 -0.139 -0.204 -0.211 -0.211
 0.396  1.245  0.092 -0.138 -0.203 -0.210 -0.210
 0.398  1.248  0.094 -0.137 -0.201 -0.209 -0.209
 0.400  1.249  0.096 -0.135 -0.200 -0.208 -0.208
 0.402  1.252  0.098 -0.134 -0.199 -0.207 -0.207
 0.404  1.254  0.100 -0.132 -0.198 -0.206 -0.206
 0.406  1.256  0.101 -0.130 -0.197 -0.205 -0.205
 0.408  1.258  0.104 -0.129 -0.196 -0.204 -0.204
 0.410  1.260  0.106 -0.127 -0.195 -0.203 -0.203
 0.412  1.262  0.108 -0.126 -0.193 -0.202 -0.202
 0.414  1.265  0.109 -0.125 -0.192 -0.201 -0.201
 0.416  1.266  0.111 -0.123 -0.191 -0.200 -0.200
 0.418  1.268  0.114 -0.122 -0.190 -0.199 -0.199
 0.420  1.270  0.116 -0.121 -0.188 -0.198 -0.198
 0.422  1.272  0.117 -0.119 -0.187 -0.197 -0.197
 0.424  1.275  0.119 -0.118 -0.186 -0.196 -0.196
 0.426  1.276  0.121 -0.117 -0.185 -0.195 -0.195
 0.428  1.278  0.123 -0.115 -0.184 -0.194 -0.194
 0.430  1.281  0.124 -0.114 -0.183 -0.192 -0.192
 0.432  1.282  0.126 -0.112 -0.182 -0.192 -0.192
 0.434  1.284  0.128 -0.111 -0.180 -0.191 -0.191
 0.436  1.286  0.130 -0.110 -0.179 -0.190 -0.190
 0.438  1.288  0.131 -0.108 -0.178 -0.189 -0.189
 0.440  1.290  0.133 -0.107 -0.177 -0.188 -0.188
 0.442  1.291  0.135 -0.106 -0.176 -0.187 -0.187
 0.444  1.293  0.137 -0.104 -0.174 -0.186 -0.186
 0.446  1.295  0.138 -0.103 -0.173 -0.185 -0.185
 0.448  1.297  0.140 -0.102 -0.172 -0.184 -0.184
 0.450  1.299  0.142 -0.100 -0.171 -0.183 -0.183
 0.452  1.301  0.144 -0.099 -0.170 -0.182 -0.182
 0.454  1.302  0.145 -0.098 -0.169 -0.181 -0.181
 0.456  1.304  0.146 -0.097 -0.167 -0.180 -0.180
 0.458  1.306  0.148 -0.096 -0.166 -0.179 -0.179
 0.460  1.307  0.150 -0.095 -0.166 -0.178 -0.178
 0.462  1.309  0.152 -0.094 -0.165 -0.177 -0.177
 0.464  1.311  0.153 -0.092 -0.164 -0.176 -0.176
 0.466  1.312  0.154 -0.092 -0.163 -0.175 -0.175
 0.468  1.313  0.156 -0.091 -0.162 -0.174 -0.174
 0.470  1.315  0.157 -0.090 -0.161 -0.173 -0.173
 0.472  1.317  0.159 -0.088 -0.159 -0.172 -0.172
 0.474  1.318  0.161 -0.087 -0.158 -0.171 -0.171
 0.476  1.320  0.161 -0.087 -0.157 -0.170 -0.170
 0.478  1.321  0.163 -0.086 -0.156 -0.169 -0.169
 0.480  1.323  0.165 -0.084 -0.156 -0.168 -0.168
 0.482  1.324  0.166 -0.084 -0.155 -0.167 -0.167
 0.484  1.325  0.168 -0.083 -0.154 -0.166 -0.166
 0.486  1.327  0.168 -0.081 -0.153 -0.165 -0.165
 0.488  1.328  0.170 -0.081 -0.152 -0.165 -0.165
 0.490  1.329  0.171 -0.080 -0.151 -0.164 -0.164
 0.492  1.331  0.173 -0.079 -0.150 -0.162 -0.162
 0.494  1.332  0.174 -0.079 -0.150 -0.162 -0.162
 0.496  1.334  0.176 -0.077 -0.149 -0.161 -0.161
 0.498  1.334  0.176 -0.077 -0.148 -0.160 -0.160
 0.500  1.336  0.177 -0.076 -0.147 -0.159 -0.159
 0.502  1.337  0.179 -0.075 -0.146 -0.158 -0.158
 0.504  1.339  0.180 -0.075 -0.145 -0.157 -0.157
 0.506  1.339  0.182 -0.074 -0.145 -0.156 -0.156
 0.508  1.340  0.183 -0.073 -0.144 -0.155 -0.155
 0.510  1.342  0.183 -0.072 -0.143 -0.154 -0.154
 0.512  1.343  0.184 -0.072 -0.142 -0.153 -0.153
 0.514  1.344  0.186 -0.071 -0.141 -0.152 -0.152
 0.516  1.345  0.187 -0.070 -0.140 -0.151 -0.151
 0.518  1.346  0.188 -0.069 -0.140 -0.151 -0.151
 0.520  1.347  0.189 -0.069 -0.139 -0.150 -0.150
 0.522  1.348  0.190 -0.068 -0.138 -0.149 -0.149
 0.524  1.349  0.191 -0.067 -0.137 -0.148 -0.148
 0.526  1.350  0.192 -0.067 -0.136 -0.147 -0.147
 0.528  1.351  0.193 -0.065 -0.136 -0.146 -0.146
 0.530  1.352  0.194 -0.065 -0.135 -0.146 -0.146
 0.532  1.353  0.195 -0.064 -0.134 -0.145 -0.145
 0.534  1.354  0.196 -0.063 -0.133 -0.144 -0.144
 0.536  1.355  0.197 -0.063 -0.133 -0.143 -0.143
 0.538  1.355  0.198 -0.062 -0.132 -0.142 -0.142
 0.540  1.356  0.198 -0.061 -0.131 -0.142 -0.142
 0.542  1.357  0.198 -0.060 -0.131 -0.141 -0.141
 0.544  1.357  0.199 -0.060 -0.130 -0.140 -0.140
 0.546  1.358  0.200 -0.059 -0.129 -0.140 -0.140
 0.548  1.359  0.201 -0.058 -0.128 -0.139 -0.139
 0.550  1.360  0.202 -0.057 -0.127 -0.138 -0.138
 0.552  1.360  0.202 -0.056 -0.127 -0.138 -0.138
 0.554  1.360  0.203 -0.056 -0.126 -0.137 -0.137
 0.556  1.361  0.204 -0.055 -0.125 -0.136 -0.136
 0.558  1.362  0.205 -0.054 -0.124 -0.135 -0.135
 0.560  1.362  0.205 -0.053 -0.124 -0.135 -0.135
 0.562  1.363  0.206 -0.053 -0.123 -0.134 -0.134
 0.564  1.364  0.206 -0.052 -0.122 -0.134 -0.134
 0.566  1.364  0.206 -0.051 -0.121 -0.133 -0.133
 0.568  1.365  0.207 -0.050 -0.120 -0.132 -0.132
 0.570  1.365  0.207 -0.049 -0.120 -0.131 -0.131
 0.572  1.365  0.208 -0.049 -0.119 -0.131 -0.131
 0.574  1.365  0.208 -0.048 -0.118 -0.131 -0.131
 0.576  1.366  0.208 -0.047 -0.117 -0.130 -0.130
 0.578  1.366  0.209 -0.046 -0.117 -0.129 -0.129
 0.580  1.367  0.209 -0.045 -0.116 -0.129 -0.129
 0.582  1.367  0.210 -0.045 -0.116 -0.128 -0.128
 0.584  1.367  0.210 -0.044 -0.115 -0.128 -0.128
 0.586  1.368  0.210 -0.044 -0.114 -0.127 -0.127
 0.588  1.368  0.211 -0.043 -0.113 -0.126 -0.126
 0.590  1.368  0.211 -0.042 -0.113 -0.126 -0.126
 0.592  1.369  0.211 -0.041 -0.112 -0.125 -0.125
 0.594  1.369  0.212 -0.041 -0.111 -0.124 -0.124
 0.596  1.369  0.212 -0.040 -0.111 -0.124 -0.124
 0.598  1.369  0.212 -0.040 -0.110 -0.123 -0.123
 0.600  1.369  0.213 -0.040 -0.110 -0.123 -0.123
 0.602  1.369  0.213 -0.039 -0.109 -0.122 -0.122
 0.604  1.370  0.213 -0.038 -0.109 -0.121 -0.121
 0.606  1.370  0.213 -0.038 -0.108 -0.121 -0.121
 0.608  1.370  0.213 -0.037 -0.108 -0.121 -0.121
 0.610  1.370  0.213 -0.037 -0.107 -0.120 -0.120
 0.612  1.370  0.214 -0.037 -0.107 -0.119 -0.119
 0.614  1.370  0.214 -0.036 -0.106 -0.118 -0.118
 0.616  1.370  0.214 -0.036 -0.106 -0.118 -0.118
 0.618  1.370  0.215 -0.036 -0.105 -0.117 -0.117
 0.620  1.370  0.215 -0.036 -0.105 -0.117 -0.117
 0.622  1.370  0.215 -0.035 -0.105 -0.116 -0.116
 0.624  1.370  0.216 -0.035 -0.104 -0.116 -0.116
 0.626  1.370  0.216 -0.035 -0.104 -0.115 -0.115
 0.628  1.369  0.216 -0.034 -0.104 -0.114 -0.114
 0.630  1.369  0.216 -0.034 -0.103 -0.114 -0.114
 0.632  1.369  0.217 -0.034 -0.103 -0.113 -0.113
 0.634  1.369  0.217 -0.034 -0.103 -0.113 -0.113
 0.636  1.369  0.217 -0.034 -0.103 -0.112 -0.112
 0.638  1.368  0.217 -0.034 -0.103 -0.111 -0.111
 0.640  1.368  0.218 -0.034 -0.103 -0.111 -0.111
 0.642  1.368  0.218 -0.034 -0.102 -0.110 -0.110
 0.644  1.367  0.218 -0.034 -0.102 -0.110 -0.110
 0.646  1.367  0.218 -0.034 -0.102 -0.109 -0.109
 0.648  1.367  0.219 -0.034 -0.102 -0.108 -0.108
 0.650  1.366  0.219 -0.034 -0.102 -0.107 -0.107
 0.652  1.366  0.219 -0.034 -0.102 -0.107 -0.107
 0.654  1.366  0.219 -0.034 -0.101 -0.106 -0.106
 0.656  1.365  0.220 -0.034 -0.101 -0.106 -0.106
 0.658  1.365  0.220 -0.034 -0.101 -0.105 -0.105
 0.660  1.365  0.220 -0.034 -0.101 -0.104 -0.104
 0.662  1.365  0.220 -0.034 -0.101 -0.104 -0.104
 0.664  1.365  0.220 -0.034 -0.100 -0.103 -0.103
 0.666  1.365  0.220 -0.033 -0.100 -0.102 -0.102
 0.668  1.365  0.220 -0.033 -0.100 -0.101 -0.101
 0.670  1.365  0.220 -0.033 -0.100 -0.101 -0.101
 0.672  1.365  0.220 -0.033 -0.099 -0.100 -0.100
 0.674  1.364  0.220 -0.032 -0.099 -0.099 -0.099
 0.676  1.364  0.221 -0.032 -0.098 -0.099 -0.099
 0.678  1.364  0.221 -0.032 -0.098 -0.098 -0.098
 0.680  1.364  0.221 -0.031 -0.097 -0.097 -0.097
 0.682  1.364  0.221 -0.030 -0.097 -0.096 -0.096
 0.684  1.364  0.221 -0.030 -0.096 -0.095 -0.095
 0.686  1.364  0.221 -0.029 -0.095 -0.095 -0.095
 0.688  1.364  0.222 -0.029 -0.095 -0.094 -0.094
 0.690  1.364  0.222 -0.028 -0.094 -0.093 -0.093
 0.692  1.364  0.222 -0.028 -0.093 -0.092 -0.092
 0.694  1.364  0.222 -0.027 -0.092 -0.091 -0.091
 0.696  1.365  0.222 -0.026 -0.091 -0.090 -0.090
 0.698  1.365  0.222 -0.025 -0.091 -0.090 -0.090
 0.700  1.365  0.223 -0.025 -0.090 -0.089 -0.089
 0.702  1.365  0.223 -0.024 -0.089 -0.088 -0.088
 0.704  1.365  0.223 -0.023 -0.088 -0.087 -0.087
 0.706  1.365  0.223 -0.022 -0.087 -0.086 -0.086
 0.708  1.365  0.223 -0.021 -0.086 -0.085 -0.085
 0.710  1.365  0.223 -0.020 -0.085 -0.084 -0.084
 0.712  1.365  0.223 -0.019 -0.084 -0.083 -0.083
 0.714  1.365  0.223 -0.018 -0.083 -0.083 -0.083
 0.716  1.366  0.223 -0.017 -0.082 -0.082 -0.082
 0.718  1.366  0.223 -0.016 -0.081 -0.080 -0.080
 0.720  1.366  0.224 -0.015 -0.080 -0.080 -0.080
 0.722  1.367  0.224 -0.014 -0.078 -0.079 -0.079
 0.724  1.368  0.224 -0.013 -0.077 -0.077 -0.077
 0.726  1.368  0.224 -0.011 -0.076 -0.076 -0.076
 0.728  1.369  0.225 -0.010 -0.074 -0.075 -0.075
 0.730  1.370  0.225 -0.009 -0.073 -0.073 -0.073
 0.732  1.371  0.226 -0.007 -0.071 -0.072 -0.072
 0.734  1.371  0.227 -0.006 -0.070 -0.071 -0.071
 0.736  1.373  0.228 -0.005 -0.068 -0.069 -0.069
 0.738  1.374  0.229 -0.003 -0.067 -0.067 -0.067
 0.740  1.376  0.230 -0.002 -0.065 -0.066 -0.066
 0.742  1.377  0.231  0.000 -0.063 -0.064 -0.064
 0.744  1.378  0.233  0.001 -0.061 -0.062 -0.062
 0.746  1.380  0.235  0.003 -0.059 -0.060 -0.060
 0.748  1.382  0.236  0.005 -0.057 -0.058 -0.058
 0.750  1.384  0.238  0.006 -0.055 -0.056 -0.056
 0.752  1.386  0.240  0.008 -0.053 -0.054 -0.054
 0.754  1.387  0.243  0.010 -0.051 -0.052 -0.052
 0.756  1.390  0.244  0.011 -0.050 -0.050 -0.050
 0.758  1.392  0.247  0.013 -0.047 -0.048 -0.048
 0.760  1.394  0.250  0.015 -0.045 -0.046 -0.046
 0.762  1.397  0.251  0.017 -0.043 -0.043 -0.043
 0.764  1.399  0.255  0.018 -0.041 -0.041 -0.041
 0.766  1.402  0.258  0.020 -0.038 -0.039 -0.039
 0.768  1.405  0.260  0.022 -0.036 -0.036 -0.036
 0.770  1.408  0.264  0.024 -0.033 -0.033 -0.033
 0.772  1.411  0.267  0.026 -0.031 -0.031 -0.031
 0.774  1.414  0.271  0.029 -0.028 -0.028 -0.028
 0.776  1.418  0.275  0.031 -0.025 -0.025 -0.025
 0.778  1.421  0.279  0.033 -0.022 -0.022 -0.022
 0.780  1.425  0.283  0.036 -0.019 -0.019 -0.019
 0.782  1.429  0.287  0.038 -0.016 -0.015 -0.015
 0.784  1.433  0.291  0.040 -0.013 -0.012 -0.012
 0.786  1.436  0.295  0.042 -0.010 -0.009 -0.009
 0.788  1.440  0.300  0.045 -0.007 -0.007 -0.007
 0.790  1.444  0.304  0.047 -0.004 -0.004 -0.004
 0.792  1.447  0.309  0.049 -0.001 -0.001 -0.001
 0.794  1.451  0.313  0.051  0.001  0.002  0.002
 0.796  1.455  0.317  0.052  0.004  0.004  0.004
 0.798  1.458  0.321  0.054  0.006  0.006  0.006
 0.800  1.460  0.325  0.056  0.009  0.008  0.008
 0.802  1.464  0.329  0.057  0.011  0.010  0.010
 0.804  1.466  0.332  0.058  0.013  0.011  0.011
 0.806  1.469  0.335  0.059  0.015  0.012  0.012
 0.808  1.471  0.338  0.060  0.016  0.014  0.014
 0.810  1.473  0.340  0.060  0.017  0.015  0.015
 0.812  1.474  0.342  0.060  0.018  0.015  0.015
 0.814  1.476  0.344  0.060  0.019  0.015  0.015
 0.816  1.476  0.345  0.060  0.020  0.015  0.015
 0.818  1.476  0.346  0.060  0.020  0.015  0.015
 0.820  1.476  0.346  0.059  0.020  0.015  0.015
 0.822  1.476  0.346  0.058  0.020  0.014  0.014
 0.824  1.476  0.345  0.057  0.020  0.013  0.013
 0.826  1.475  0.344  0.056  0.019  0.012  0.012
 0.828  1.473  0.342  0.054  0.018  0.011  0.011
 0.830  1.472  0.341  0.052  0.017  0.009  0.009
 0.832  1.471  0.339  0.051  0.016  0.008  0.008
 0.834  1.468  0.337  0.048  0.015  0.005  0.005
 0.836  1.466  0.334  0.046  0.013  0.003  0.003
 0.838  1.463  0.331  0.043  0.011  0.001  0.001
 0.840  1.460  0.327  0.041  0.009 -0.002 -0.002
 0.842  1.457  0.324  0.037  0.006 -0.005 -0.005
 0.844  1.454  0.320  0.034  0.004 -0.008 -0.008
 0.846  1.450  0.316  0.031  0.001 -0.012 -0.012
 0.848  1.446  0.310  0.028 -0.002 -0.015 -0.015
 0.850  1.442  0.305  0.024 -0.005 -0.019 -0.019
 0.852  1.437  0.300  0.020 -0.009 -0.023 -0.023
 0.854  1.433  0.294  0.016 -0.012 -0.027 -0.027
 0.856  1.428  0.287  0.011 -0.016 -0.032 -0.032
 0.858  1.422  0.280  0.006 -0.020 -0.036 -0.036
 0.860  1.416  0.273  0.002 -0.025 -0.041 -0.041
 0.862  1.410  0.266 -0.003 -0.029 -0.046 -0.046
 0.864  1.403  0.258 -0.009 -0.034 -0.052 -0.052
 0.866  1.397  0.250 -0.014 -0.039 -0.057 -0.057
 0.868  1.389  0.242 -0.020 -0.044 -0.063 -0.063
 0.870  1.381  0.233 -0.025 -0.050 -0.068 -0.068
 0.872  1.374  0.224 -0.032 -0.055 -0.073 -0.073
 0.874  1.365  0.214 -0.038 -0.060 -0.079 -0.079
 0.876  1.357  0.205 -0.044 -0.066 -0.085 -0.085
 0.878  1.348  0.195 -0.051 -0.072 -0.091 -0.091
 0.880  1.339  0.184 -0.058 -0.078 -0.097 -0.097
 0.882  1.328  0.174 -0.065 -0.084 -0.103 -0.103
 0.884  1.319  0.163 -0.072 -0.091 -0.109 -0.109
 0.886  1.308  0.152 -0.080 -0.097 -0.115 -0.115
 0.888  1.297  0.140 -0.087 -0.104 -0.121 -0.121
 0.890  1.286  0.128 -0.095 -0.110 -0.128 -0.128
 0.892  1.275  0.116 -0.103 -0.117 -0.134 -0.134
 0.894  1.264  0.104 -0.111 -0.124 -0.141 -0.141
 0.896  1.252  0.091 -0.119 -0.132 -0.147 -0.147
 0.898  1.239  0.079 -0.127 -0.139 -0.154 -0.154
 0.900  1.227  0.065 -0.136 -0.146 -0.161 -0.161
 0.902  1.214  0.051 -0.145 -0.154 -0.168 -0.168
 0.904  1.201  0.038 -0.154 -0.161 -0.175 -0.175
 0.906  1.186  0.023 -0.164 -0.169 -0.182 -0.182
 0.908  1.172  0.009 -0.173 -0.177 -0.189 -0.189
 0.910  1.158 -0.006 -0.183 -0.186 -0.196 -0.196
 0.912  1.143 -0.021 -0.193 -0.194 -0.204 -0.204
 0.914  1.127 -0.037 -0.203 -0.203 -0.211 -0.211
 0.916  1.111 -0.053 -0.214 -0.212 -0.219 -0.219
 0.918  1.094 -0.070 -0.225 -0.221 -0.227 -0.227
 0.920  1.078 -0.086 -0.236 -0.230 -0.235 -0.235
 0.922  1.060 -0.103 -0.247 -0.239 -0.243 -0.243
 0.924  1.043 -0.120 -0.258 -0.249 -0.251 -0.251
 0.926  1.026 -0.137 -0.269 -0.258 -0.259 -0.259
 0.928  1.008 -0.155 -0.281 -0.267 -0.267 -0.267
 0.930  0.990 -0.173 -0.292 -0.277 -0.274 -0.274
 0.932  0.972 -0.191 -0.304 -0.287 -0.282 -0.282
 0.934  0.953 -0.209 -0.315 -0.297 -0.290 -0.290
 0.936  0.936 -0.227 -0.327 -0.306 -0.298 -0.298
 0.938  0.917 -0.246 -0.337 -0.316 -0.305 -0.305
 0.940  0.900 -0.264 -0.348 -0.325 -0.312 -0.312
 0.942  0.882 -0.281 -0.359 -0.334 -0.320 -0.320
 0.944  0.865 -0.299 -0.370 -0.344 -0.326 -0.326
 0.946  0.848 -0.316 -0.380 -0.352 -0.333 -0.333
 0.948  0.832 -0.332 -0.390 -0.361 -0.340 -0.340
 0.950  0.817 -0.348 -0.399 -0.369 -0.346 -0.346
 0.952  0.802 -0.363 -0.409 -0.377 -0.352 -0.352
 0.954  0.788 -0.378 -0.417 -0.384 -0.358 -0.358
 0.956  0.775 -0.391 -0.425 -0.391 -0.363 -0.363
 0.958  0.763 -0.405 -0.433 -0.398 -0.368 -0.368
 0.960  0.751 -0.417 -0.440 -0.404 -0.373 -0.373
 0.962  0.740 -0.428 -0.447 -0.410 -0.377 -0.377
 0.964  0.729 -0.439 -0.454 -0.416 -0.382 -0.382
 0.966  0.719 -0.450 -0.460 -0.421 -0.386 -0.386
 0.968  0.710 -0.459 -0.466 -0.426 -0.390 -0.390
 0.970  0.701 -0.468 -0.471 -0.431 -0.393 -0.393
 0.972  0.693 -0.477 -0.476 -0.435 -0.397 -0.397
 0.974  0.684 -0.485 -0.482 -0.439 -0.400 -0.400
 0.976  0.678 -0.493 -0.486 -0.443 -0.403 -0.403
 0.978  0.670 -0.500 -0.491 -0.447 -0.406 -0.406
 0.980  0.664 -0.506 -0.495 -0.450 -0.408 -0.408
 0.982  0.658 -0.512 -0.498 -0.453 -0.411 -0.411
 0.984  0.653 -0.517 -0.502 -0.456 -0.413 -0.413
 0.986  0.649 -0.523 -0.505 -0.458 -0.415 -0.415
 0.988  0.645 -0.526 -0.507 -0.460 -0.416 -0.416
 0.990  0.641 -0.530 -0.509 -0.462 -0.417 -0.417
 0.992  0.639 -0.532 -0.511 -0.463 -0.419 -0.419
 0.994  0.637 -0.534 -0.512 -0.464 -0.420 -0.420
 0.996  0.636 -0.535 -0.513 -0.465 -0.420 -0.420
 0.998  0.636 -0.536 -0.514 -0.465 -0.420 -0.420
