# IsPeriodic    : True
# Period        : 0.528064 days
# Normalization : <g_mag>=0
# 
# Phase u_mag  g_mag  r_mag  i_mag  z_mag  y_mag
 0.000  0.278 -0.911 -0.726 -0.521 -0.498 -0.498
 0.002  0.278 -0.911 -0.726 -0.521 -0.498 -0.498
 0.004  0.281 -0.910 -0.725 -0.521 -0.497 -0.497
 0.006  0.283 -0.907 -0.724 -0.520 -0.496 -0.496
 0.008  0.287 -0.903 -0.721 -0.520 -0.496 -0.496
 0.010  0.292 -0.898 -0.718 -0.519 -0.494 -0.494
 0.012  0.298 -0.893 -0.715 -0.518 -0.493 -0.493
 0.014  0.305 -0.887 -0.711 -0.518 -0.491 -0.491
 0.016  0.312 -0.881 -0.707 -0.516 -0.489 -0.489
 0.018  0.321 -0.874 -0.704 -0.515 -0.488 -0.488
 0.020  0.329 -0.867 -0.700 -0.514 -0.486 -0.486
 0.022  0.338 -0.860 -0.695 -0.513 -0.483 -0.483
 0.024  0.345 -0.853 -0.690 -0.512 -0.481 -0.481
 0.026  0.355 -0.846 -0.686 -0.510 -0.479 -0.479
 0.028  0.364 -0.840 -0.681 -0.508 -0.476 -0.476
 0.030  0.371 -0.833 -0.677 -0.506 -0.474 -0.474
 0.032  0.380 -0.826 -0.672 -0.504 -0.472 -0.472
 0.034  0.388 -0.819 -0.668 -0.502 -0.470 -0.470
 0.036  0.396 -0.814 -0.663 -0.499 -0.468 -0.468
 0.038  0.404 -0.807 -0.659 -0.497 -0.465 -0.465
 0.040  0.412 -0.800 -0.655 -0.494 -0.463 -0.463
 0.042  0.421 -0.792 -0.650 -0.491 -0.460 -0.460
 0.044  0.428 -0.787 -0.646 -0.488 -0.457 -0.457
 0.046  0.436 -0.780 -0.642 -0.485 -0.455 -0.455
 0.048  0.444 -0.773 -0.637 -0.481 -0.452 -0.452
 0.050  0.452 -0.764 -0.632 -0.477 -0.449 -0.449
 0.052  0.460 -0.757 -0.627 -0.473 -0.446 -0.446
 0.054  0.467 -0.750 -0.622 -0.470 -0.443 -0.443
 0.056  0.476 -0.743 -0.616 -0.466 -0.439 -0.439
 0.058  0.484 -0.735 -0.611 -0.462 -0.436 -0.436
 0.060  0.492 -0.728 -0.606 -0.458 -0.433 -0.433
 0.062  0.500 -0.719 -0.600 -0.454 -0.429 -0.429
 0.064  0.507 -0.711 -0.595 -0.450 -0.426 -0.426
 0.066  0.515 -0.704 -0.589 -0.446 -0.422 -0.422
 0.068  0.523 -0.695 -0.584 -0.442 -0.419 -0.419
 0.070  0.531 -0.687 -0.578 -0.438 -0.415 -0.415
 0.072  0.539 -0.678 -0.573 -0.434 -0.411 -0.411
 0.074  0.546 -0.671 -0.567 -0.431 -0.407 -0.407
 0.076  0.554 -0.663 -0.561 -0.427 -0.404 -0.404
 0.078  0.562 -0.654 -0.555 -0.423 -0.399 -0.399
 0.080  0.570 -0.646 -0.550 -0.419 -0.396 -0.396
 0.082  0.576 -0.639 -0.544 -0.416 -0.392 -0.392
 0.084  0.584 -0.630 -0.538 -0.413 -0.388 -0.388
 0.086  0.592 -0.622 -0.532 -0.409 -0.384 -0.384
 0.088  0.599 -0.613 -0.528 -0.406 -0.381 -0.381
 0.090  0.606 -0.606 -0.522 -0.402 -0.377 -0.377
 0.092  0.614 -0.598 -0.516 -0.399 -0.374 -0.374
 0.094  0.622 -0.589 -0.511 -0.396 -0.370 -0.370
 0.096  0.628 -0.582 -0.505 -0.393 -0.367 -0.367
 0.098  0.636 -0.574 -0.500 -0.390 -0.363 -0.363
 0.100  0.642 -0.565 -0.494 -0.387 -0.360 -0.360
 0.102  0.650 -0.558 -0.489 -0.384 -0.357 -0.357
 0.104  0.657 -0.551 -0.483 -0.381 -0.354 -0.354
 0.106  0.663 -0.543 -0.478 -0.379 -0.350 -0.350
 0.108  0.671 -0.536 -0.473 -0.376 -0.347 -0.347
 0.110  0.677 -0.529 -0.469 -0.374 -0.344 -0.344
 0.112  0.684 -0.520 -0.464 -0.371 -0.341 -0.341
 0.114  0.690 -0.513 -0.459 -0.368 -0.338 -0.338
 0.116  0.697 -0.506 -0.454 -0.366 -0.335 -0.335
 0.118  0.703 -0.499 -0.449 -0.364 -0.332 -0.332
 0.120  0.710 -0.493 -0.444 -0.362 -0.329 -0.329
 0.122  0.716 -0.486 -0.440 -0.359 -0.327 -0.327
 0.124  0.721 -0.479 -0.435 -0.357 -0.324 -0.324
 0.126  0.728 -0.472 -0.430 -0.355 -0.321 -0.321
 0.128  0.734 -0.465 -0.426 -0.353 -0.319 -0.319
 0.130  0.739 -0.459 -0.421 -0.350 -0.316 -0.316
 0.132  0.746 -0.452 -0.417 -0.349 -0.313 -0.313
 0.134  0.751 -0.447 -0.414 -0.347 -0.311 -0.311
 0.136  0.758 -0.440 -0.409 -0.344 -0.309 -0.309
 0.138  0.763 -0.434 -0.405 -0.343 -0.306 -0.306
 0.140  0.769 -0.427 -0.401 -0.341 -0.304 -0.304
 0.142  0.774 -0.421 -0.397 -0.339 -0.302 -0.302
 0.144  0.780 -0.416 -0.393 -0.337 -0.299 -0.299
 0.146  0.785 -0.409 -0.389 -0.335 -0.297 -0.297
 0.148  0.790 -0.403 -0.385 -0.333 -0.295 -0.295
 0.150  0.795 -0.397 -0.381 -0.331 -0.293 -0.293
 0.152  0.800 -0.392 -0.377 -0.329 -0.291 -0.291
 0.154  0.806 -0.386 -0.373 -0.327 -0.289 -0.289
 0.156  0.811 -0.380 -0.369 -0.326 -0.287 -0.287
 0.158  0.816 -0.375 -0.365 -0.323 -0.285 -0.285
 0.160  0.821 -0.369 -0.362 -0.321 -0.282 -0.282
 0.162  0.825 -0.364 -0.358 -0.319 -0.280 -0.280
 0.164  0.830 -0.358 -0.355 -0.317 -0.278 -0.278
 0.166  0.835 -0.352 -0.351 -0.315 -0.276 -0.276
 0.168  0.841 -0.347 -0.348 -0.313 -0.274 -0.274
 0.170  0.844 -0.341 -0.344 -0.311 -0.272 -0.272
 0.172  0.850 -0.335 -0.340 -0.309 -0.270 -0.270
 0.174  0.855 -0.330 -0.337 -0.307 -0.267 -0.267
 0.176  0.860 -0.324 -0.333 -0.305 -0.265 -0.265
 0.178  0.864 -0.318 -0.330 -0.303 -0.263 -0.263
 0.180  0.869 -0.314 -0.326 -0.301 -0.261 -0.261
 0.182  0.874 -0.309 -0.322 -0.299 -0.259 -0.259
 0.184  0.878 -0.303 -0.319 -0.296 -0.257 -0.257
 0.186  0.883 -0.297 -0.315 -0.294 -0.255 -0.255
 0.188  0.889 -0.292 -0.312 -0.293 -0.252 -0.252
 0.190  0.892 -0.286 -0.308 -0.290 -0.250 -0.250
 0.192  0.898 -0.280 -0.305 -0.288 -0.249 -0.249
 0.194  0.901 -0.276 -0.301 -0.286 -0.247 -0.247
 0.196  0.907 -0.270 -0.299 -0.284 -0.245 -0.245
 0.198  0.912 -0.265 -0.295 -0.282 -0.242 -0.242
 0.200  0.916 -0.259 -0.292 -0.280 -0.240 -0.240
 0.202  0.921 -0.253 -0.288 -0.278 -0.238 -0.238
 0.204  0.925 -0.249 -0.285 -0.275 -0.236 -0.236
 0.206  0.930 -0.244 -0.282 -0.273 -0.234 -0.234
 0.208  0.935 -0.238 -0.278 -0.271 -0.232 -0.232
 0.210  0.939 -0.232 -0.275 -0.269 -0.230 -0.230
 0.212  0.944 -0.228 -0.272 -0.267 -0.227 -0.227
 0.214  0.948 -0.222 -0.268 -0.265 -0.225 -0.225
 0.216  0.953 -0.217 -0.265 -0.263 -0.223 -0.223
 0.218  0.957 -0.211 -0.262 -0.260 -0.221 -0.221
 0.220  0.962 -0.207 -0.258 -0.258 -0.219 -0.219
 0.222  0.966 -0.201 -0.255 -0.257 -0.217 -0.217
 0.224  0.971 -0.196 -0.252 -0.254 -0.215 -0.215
 0.226  0.975 -0.191 -0.249 -0.252 -0.213 -0.213
 0.228  0.981 -0.186 -0.245 -0.250 -0.211 -0.211
 0.230  0.984 -0.182 -0.242 -0.248 -0.209 -0.209
 0.232  0.990 -0.176 -0.240 -0.246 -0.207 -0.207
 0.234  0.994 -0.170 -0.237 -0.244 -0.205 -0.205
 0.236  0.997 -0.166 -0.234 -0.242 -0.203 -0.203
 0.238  1.003 -0.160 -0.231 -0.239 -0.200 -0.200
 0.240  1.006 -0.156 -0.228 -0.238 -0.199 -0.199
 0.242  1.010 -0.150 -0.225 -0.236 -0.197 -0.197
 0.244  1.016 -0.146 -0.222 -0.233 -0.195 -0.195
 0.246  1.019 -0.141 -0.219 -0.232 -0.193 -0.193
 0.248  1.023 -0.136 -0.216 -0.230 -0.191 -0.191
 0.250  1.027 -0.132 -0.213 -0.227 -0.189 -0.189
 0.252  1.031 -0.126 -0.210 -0.226 -0.187 -0.187
 0.254  1.035 -0.122 -0.207 -0.224 -0.185 -0.185
 0.256  1.039 -0.118 -0.204 -0.221 -0.183 -0.183
 0.258  1.043 -0.112 -0.201 -0.220 -0.181 -0.181
 0.260  1.047 -0.108 -0.198 -0.218 -0.180 -0.180
 0.262  1.051 -0.104 -0.196 -0.215 -0.178 -0.178
 0.264  1.054 -0.100 -0.193 -0.214 -0.176 -0.176
 0.266  1.058 -0.095 -0.190 -0.212 -0.174 -0.174
 0.268  1.062 -0.090 -0.187 -0.210 -0.173 -0.173
 0.270  1.065 -0.086 -0.185 -0.208 -0.170 -0.170
 0.272  1.069 -0.081 -0.183 -0.206 -0.169 -0.169
 0.274  1.073 -0.077 -0.180 -0.204 -0.167 -0.167
 0.276  1.076 -0.073 -0.178 -0.202 -0.165 -0.165
 0.278  1.079 -0.069 -0.175 -0.200 -0.163 -0.163
 0.280  1.083 -0.064 -0.172 -0.198 -0.162 -0.162
 0.282  1.086 -0.060 -0.170 -0.197 -0.160 -0.160
 0.284  1.089 -0.056 -0.167 -0.194 -0.158 -0.158
 0.286  1.093 -0.052 -0.165 -0.192 -0.157 -0.157
 0.288  1.096 -0.047 -0.162 -0.191 -0.155 -0.155
 0.290  1.099 -0.043 -0.160 -0.188 -0.153 -0.153
 0.292  1.102 -0.040 -0.157 -0.187 -0.151 -0.151
 0.294  1.105 -0.036 -0.155 -0.185 -0.150 -0.150
 0.296  1.108 -0.032 -0.152 -0.182 -0.148 -0.148
 0.298  1.111 -0.028 -0.150 -0.181 -0.146 -0.146
 0.300  1.114 -0.023 -0.147 -0.179 -0.145 -0.145
 0.302  1.117 -0.019 -0.145 -0.176 -0.143 -0.143
 0.304  1.121 -0.016 -0.142 -0.175 -0.141 -0.141
 0.306  1.123 -0.012 -0.140 -0.173 -0.140 -0.140
 0.308  1.126 -0.008 -0.137 -0.170 -0.138 -0.138
 0.310  1.128 -0.004 -0.135 -0.169 -0.136 -0.136
 0.312  1.132  0.000 -0.132 -0.167 -0.135 -0.135
 0.314  1.135  0.003 -0.129 -0.164 -0.133 -0.133
 0.316  1.137  0.008 -0.127 -0.163 -0.131 -0.131
 0.318  1.141  0.012 -0.125 -0.161 -0.130 -0.130
 0.320  1.144  0.016 -0.123 -0.158 -0.128 -0.128
 0.322  1.146  0.020 -0.120 -0.157 -0.126 -0.126
 0.324  1.150  0.024 -0.117 -0.155 -0.125 -0.125
 0.326  1.153  0.027 -0.115 -0.152 -0.123 -0.123
 0.328  1.157  0.032 -0.112 -0.151 -0.121 -0.121
 0.330  1.159  0.036 -0.109 -0.149 -0.120 -0.120
 0.332  1.163  0.040 -0.107 -0.146 -0.118 -0.118
 0.334  1.166  0.044 -0.104 -0.144 -0.117 -0.117
 0.336  1.168  0.048 -0.101 -0.143 -0.115 -0.115
 0.338  1.172  0.051 -0.098 -0.140 -0.113 -0.113
 0.340  1.176  0.056 -0.096 -0.138 -0.112 -0.112
 0.342  1.179  0.060 -0.093 -0.136 -0.110 -0.110
 0.344  1.183  0.064 -0.090 -0.134 -0.108 -0.108
 0.346  1.185  0.068 -0.087 -0.132 -0.107 -0.107
 0.348  1.189  0.072 -0.084 -0.130 -0.105 -0.105
 0.350  1.192  0.077 -0.082 -0.128 -0.103 -0.103
 0.352  1.196  0.081 -0.079 -0.126 -0.102 -0.102
 0.354  1.200  0.084 -0.076 -0.124 -0.100 -0.100
 0.356  1.202  0.088 -0.073 -0.122 -0.098 -0.098
 0.358  1.206  0.092 -0.070 -0.119 -0.097 -0.097
 0.360  1.210  0.096 -0.068 -0.118 -0.096 -0.096
 0.362  1.214  0.101 -0.065 -0.116 -0.093 -0.093
 0.364  1.216  0.105 -0.062 -0.113 -0.092 -0.092
 0.366  1.220  0.109 -0.060 -0.112 -0.091 -0.091
 0.368  1.224  0.113 -0.057 -0.110 -0.088 -0.088
 0.370  1.228  0.116 -0.054 -0.107 -0.087 -0.087
 0.372  1.231  0.120 -0.051 -0.106 -0.086 -0.086
 0.374  1.235  0.125 -0.048 -0.104 -0.083 -0.083
 0.376  1.238  0.129 -0.045 -0.101 -0.082 -0.082
 0.378  1.242  0.133 -0.042 -0.100 -0.080 -0.080
 0.380  1.246  0.136 -0.040 -0.098 -0.078 -0.078
 0.382  1.249  0.140 -0.037 -0.096 -0.077 -0.077
 0.384  1.253  0.144 -0.034 -0.094 -0.075 -0.075
 0.386  1.257  0.149 -0.031 -0.092 -0.073 -0.073
 0.388  1.259  0.151 -0.029 -0.090 -0.071 -0.071
 0.390  1.263  0.156 -0.026 -0.088 -0.070 -0.070
 0.392  1.267  0.160 -0.023 -0.086 -0.068 -0.068
 0.394  1.270  0.163 -0.020 -0.084 -0.066 -0.066
 0.396  1.273  0.167 -0.018 -0.083 -0.064 -0.064
 0.398  1.276  0.171 -0.015 -0.080 -0.063 -0.063
 0.400  1.280  0.174 -0.013 -0.079 -0.061 -0.061
 0.402  1.283  0.178 -0.010 -0.077 -0.059 -0.059
 0.404  1.286  0.181 -0.008 -0.075 -0.057 -0.057
 0.406  1.289  0.185 -0.006 -0.073 -0.056 -0.056
 0.408  1.293  0.190 -0.003 -0.071 -0.054 -0.054
 0.410  1.296  0.192 -0.001 -0.069 -0.051 -0.051
 0.412  1.299  0.197  0.002 -0.068 -0.050 -0.050
 0.414  1.302  0.199  0.004 -0.066 -0.048 -0.048
 0.416  1.305  0.202  0.007 -0.064 -0.046 -0.046
 0.418  1.308  0.206  0.009 -0.062 -0.044 -0.044
 0.420  1.311  0.209  0.011 -0.060 -0.042 -0.042
 0.422  1.314  0.214  0.014 -0.059 -0.041 -0.041
 0.424  1.316  0.216  0.016 -0.057 -0.039 -0.039
 0.426  1.320  0.219  0.019 -0.055 -0.036 -0.036
 0.428  1.323  0.223  0.021 -0.053 -0.035 -0.035
 0.430  1.325  0.226  0.023 -0.051 -0.033 -0.033
 0.432  1.328  0.229  0.026 -0.050 -0.031 -0.031
 0.434  1.331  0.233  0.028 -0.048 -0.029 -0.029
 0.436  1.333  0.236  0.030 -0.047 -0.027 -0.027
 0.438  1.336  0.239  0.032 -0.044 -0.025 -0.025
 0.440  1.338  0.243  0.035 -0.043 -0.024 -0.024
 0.442  1.341  0.246  0.037 -0.041 -0.021 -0.021
 0.444  1.343  0.249  0.039 -0.039 -0.019 -0.019
 0.446  1.346  0.252  0.041 -0.038 -0.018 -0.018
 0.448  1.349  0.254  0.043 -0.036 -0.016 -0.016
 0.450  1.351  0.257  0.046 -0.035 -0.014 -0.014
 0.452  1.354  0.260  0.048 -0.032 -0.012 -0.012
 0.454  1.356  0.263  0.049 -0.031 -0.011 -0.011
 0.456  1.359  0.266  0.051 -0.029 -0.009 -0.009
 0.458  1.362  0.269  0.053 -0.028 -0.007 -0.007
 0.460  1.364  0.271  0.055 -0.026 -0.005 -0.005
 0.462  1.367  0.274  0.057 -0.025 -0.004 -0.004
 0.464  1.368  0.277  0.059 -0.023 -0.002 -0.002
 0.466  1.371  0.280  0.061 -0.021 -0.000 -0.000
 0.468  1.373  0.283  0.063 -0.020  0.001  0.001
 0.470  1.376  0.284  0.065 -0.018  0.003  0.003
 0.472  1.377  0.287  0.067 -0.017  0.005  0.005
 0.474  1.380  0.290  0.069 -0.015  0.006  0.006
 0.476  1.382  0.291  0.071 -0.014  0.008  0.008
 0.478  1.385  0.294  0.073 -0.012  0.009  0.009
 0.480  1.386  0.297  0.075 -0.011  0.011  0.011
 0.482  1.389  0.298  0.076 -0.008  0.013  0.013
 0.484  1.391  0.301  0.078 -0.007  0.014  0.014
 0.486  1.393  0.302  0.080 -0.005  0.016  0.016
 0.488  1.395  0.305  0.082 -0.004  0.017  0.017
 0.490  1.397  0.307  0.084 -0.002  0.018  0.018
 0.492  1.399  0.309  0.085 -0.001  0.020  0.020
 0.494  1.400  0.311  0.087 -0.000  0.021  0.021
 0.496  1.403  0.312  0.089  0.001  0.023  0.023
 0.498  1.406  0.315  0.091  0.003  0.024  0.024
 0.500  1.407  0.317  0.092  0.004  0.026  0.026
 0.502  1.410  0.318  0.094  0.006  0.027  0.027
 0.504  1.411  0.319  0.096  0.007  0.028  0.028
 0.506  1.412  0.321  0.097  0.009  0.030  0.030
 0.508  1.415  0.324  0.099  0.010  0.031  0.031
 0.510  1.416  0.325  0.101  0.011  0.032  0.032
 0.512  1.419  0.326  0.102  0.013  0.033  0.033
 0.514  1.420  0.328  0.104  0.013  0.035  0.035
 0.516  1.421  0.329  0.105  0.015  0.036  0.036
 0.518  1.424  0.331  0.106  0.016  0.038  0.038
 0.520  1.425  0.332  0.107  0.017  0.038  0.038
 0.522  1.426  0.333  0.109  0.019  0.040  0.040
 0.524  1.428  0.335  0.110  0.019  0.041  0.041
 0.526  1.430  0.336  0.111  0.021  0.042  0.042
 0.528  1.432  0.338  0.113  0.022  0.043  0.043
 0.530  1.433  0.339  0.114  0.022  0.044  0.044
 0.532  1.434  0.341  0.115  0.024  0.046  0.046
 0.534  1.435  0.342  0.117  0.025  0.047  0.047
 0.536  1.435  0.343  0.118  0.025  0.048  0.048
 0.538  1.437  0.345  0.119  0.027  0.049  0.049
 0.540  1.438  0.345  0.120  0.028  0.050  0.050
 0.542  1.439  0.346  0.122  0.028  0.051  0.051
 0.544  1.439  0.348  0.123  0.029  0.052  0.052
 0.546  1.441  0.349  0.124  0.031  0.053  0.053
 0.548  1.442  0.350  0.125  0.031  0.054  0.054
 0.550  1.442  0.350  0.126  0.032  0.055  0.055
 0.552  1.443  0.352  0.127  0.033  0.056  0.056
 0.554  1.443  0.353  0.128  0.034  0.057  0.057
 0.556  1.443  0.355  0.129  0.034  0.058  0.058
 0.558  1.445  0.355  0.130  0.035  0.058  0.058
 0.560  1.445  0.356  0.131  0.036  0.060  0.060
 0.562  1.445  0.357  0.132  0.037  0.061  0.061
 0.564  1.446  0.357  0.133  0.037  0.061  0.061
 0.566  1.446  0.359  0.133  0.038  0.062  0.062
 0.568  1.446  0.360  0.134  0.039  0.063  0.063
 0.570  1.446  0.360  0.135  0.040  0.064  0.064
 0.572  1.446  0.362  0.136  0.040  0.065  0.065
 0.574  1.446  0.362  0.136  0.041  0.066  0.066
 0.576  1.446  0.363  0.137  0.042  0.066  0.066
 0.578  1.445  0.363  0.138  0.042  0.067  0.067
 0.580  1.445  0.365  0.138  0.043  0.068  0.068
 0.582  1.445  0.365  0.139  0.043  0.068  0.068
 0.584  1.445  0.366  0.140  0.044  0.069  0.069
 0.586  1.443  0.366  0.140  0.045  0.070  0.070
 0.588  1.443  0.367  0.141  0.046  0.071  0.071
 0.590  1.443  0.367  0.141  0.046  0.071  0.071
 0.592  1.442  0.367  0.142  0.047  0.072  0.072
 0.594  1.442  0.369  0.142  0.048  0.073  0.073
 0.596  1.442  0.369  0.143  0.048  0.073  0.073
 0.598  1.441  0.369  0.143  0.049  0.073  0.073
 0.600  1.441  0.369  0.144  0.049  0.074  0.074
 0.602  1.441  0.370  0.144  0.050  0.075  0.075
 0.604  1.439  0.370  0.145  0.051  0.076  0.076
 0.606  1.439  0.370  0.145  0.052  0.076  0.076
 0.608  1.439  0.370  0.146  0.052  0.076  0.076
 0.610  1.438  0.370  0.146  0.052  0.077  0.077
 0.612  1.438  0.370  0.146  0.053  0.078  0.078
 0.614  1.438  0.370  0.147  0.054  0.078  0.078
 0.616  1.438  0.370  0.147  0.055  0.078  0.078
 0.618  1.437  0.370  0.147  0.055  0.079  0.079
 0.620  1.437  0.370  0.148  0.055  0.080  0.080
 0.622  1.437  0.370  0.148  0.056  0.081  0.081
 0.624  1.437  0.369  0.148  0.057  0.081  0.081
 0.626  1.437  0.369  0.149  0.057  0.081  0.081
 0.628  1.435  0.369  0.149  0.058  0.081  0.081
 0.630  1.435  0.369  0.149  0.058  0.082  0.082
 0.632  1.435  0.367  0.149  0.059  0.083  0.083
 0.634  1.435  0.367  0.149  0.059  0.083  0.083
 0.636  1.435  0.366  0.150  0.060  0.083  0.083
 0.638  1.435  0.366  0.150  0.061  0.083  0.083
 0.640  1.435  0.366  0.150  0.061  0.084  0.084
 0.642  1.435  0.365  0.150  0.061  0.084  0.084
 0.644  1.435  0.365  0.150  0.062  0.085  0.085
 0.646  1.434  0.363  0.150  0.062  0.085  0.085
 0.648  1.434  0.362  0.150  0.063  0.086  0.086
 0.650  1.434  0.362  0.150  0.063  0.086  0.086
 0.652  1.434  0.360  0.150  0.063  0.086  0.086
 0.654  1.434  0.359  0.151  0.064  0.086  0.086
 0.656  1.434  0.359  0.151  0.064  0.086  0.086
 0.658  1.434  0.357  0.151  0.064  0.087  0.087
 0.660  1.434  0.356  0.151  0.064  0.087  0.087
 0.662  1.434  0.356  0.150  0.064  0.088  0.088
 0.664  1.435  0.355  0.150  0.064  0.088  0.088
 0.666  1.435  0.353  0.150  0.065  0.088  0.088
 0.668  1.435  0.353  0.150  0.065  0.088  0.088
 0.670  1.434  0.352  0.150  0.065  0.088  0.088
 0.672  1.434  0.350  0.150  0.065  0.089  0.089
 0.674  1.434  0.349  0.150  0.065  0.089  0.089
 0.676  1.434  0.349  0.150  0.065  0.090  0.090
 0.678  1.434  0.348  0.149  0.065  0.090  0.090
 0.680  1.434  0.346  0.149  0.065  0.090  0.090
 0.682  1.434  0.346  0.149  0.065  0.090  0.090
 0.684  1.434  0.345  0.149  0.065  0.091  0.091
 0.686  1.434  0.343  0.148  0.065  0.091  0.091
 0.688  1.433  0.343  0.148  0.065  0.091  0.091
 0.690  1.433  0.342  0.148  0.065  0.092  0.092
 0.692  1.433  0.341  0.147  0.065  0.092  0.092
 0.694  1.433  0.341  0.147  0.064  0.093  0.093
 0.696  1.433  0.339  0.147  0.064  0.093  0.093
 0.698  1.433  0.338  0.146  0.064  0.093  0.093
 0.700  1.432  0.338  0.146  0.064  0.093  0.093
 0.702  1.432  0.336  0.145  0.064  0.093  0.093
 0.704  1.432  0.335  0.145  0.064  0.094  0.094
 0.706  1.432  0.335  0.145  0.064  0.094  0.094
 0.708  1.430  0.333  0.144  0.064  0.095  0.095
 0.710  1.430  0.332  0.143  0.064  0.095  0.095
 0.712  1.430  0.331  0.143  0.064  0.095  0.095
 0.714  1.429  0.331  0.142  0.064  0.095  0.095
 0.716  1.429  0.329  0.142  0.064  0.095  0.095
 0.718  1.428  0.328  0.141  0.064  0.096  0.096
 0.720  1.428  0.326  0.140  0.064  0.096  0.096
 0.722  1.428  0.326  0.140  0.065  0.097  0.097
 0.724  1.426  0.325  0.139  0.066  0.097  0.097
 0.726  1.426  0.324  0.139  0.067  0.098  0.098
 0.728  1.426  0.324  0.138  0.067  0.098  0.098
 0.730  1.425  0.324  0.138  0.068  0.098  0.098
 0.732  1.425  0.324  0.138  0.070  0.099  0.099
 0.734  1.425  0.324  0.138  0.070  0.100  0.100
 0.736  1.425  0.324  0.138  0.072  0.100  0.100
 0.738  1.425  0.324  0.138  0.073  0.101  0.101
 0.740  1.425  0.325  0.138  0.074  0.102  0.102
 0.742  1.425  0.326  0.138  0.076  0.103  0.103
 0.744  1.426  0.328  0.139  0.077  0.104  0.104
 0.746  1.428  0.329  0.139  0.079  0.105  0.105
 0.748  1.428  0.331  0.140  0.080  0.105  0.105
 0.750  1.429  0.332  0.141  0.082  0.107  0.107
 0.752  1.430  0.335  0.141  0.084  0.108  0.108
 0.754  1.433  0.336  0.142  0.086  0.109  0.109
 0.756  1.434  0.339  0.143  0.088  0.110  0.110
 0.758  1.437  0.342  0.144  0.091  0.111  0.111
 0.760  1.439  0.345  0.145  0.093  0.112  0.112
 0.762  1.442  0.349  0.147  0.095  0.113  0.113
 0.764  1.445  0.352  0.148  0.097  0.115  0.115
 0.766  1.447  0.356  0.150  0.100  0.116  0.116
 0.768  1.451  0.360  0.151  0.103  0.118  0.118
 0.770  1.455  0.365  0.153  0.106  0.119  0.119
 0.772  1.458  0.369  0.155  0.108  0.120  0.120
 0.774  1.461  0.374  0.157  0.111  0.122  0.122
 0.776  1.465  0.380  0.159  0.114  0.123  0.123
 0.778  1.469  0.386  0.161  0.116  0.125  0.125
 0.780  1.473  0.391  0.164  0.119  0.127  0.127
 0.782  1.478  0.397  0.165  0.122  0.129  0.129
 0.784  1.483  0.403  0.168  0.125  0.130  0.130
 0.786  1.487  0.410  0.170  0.128  0.133  0.133
 0.788  1.493  0.415  0.173  0.131  0.134  0.134
 0.790  1.499  0.422  0.175  0.134  0.136  0.136
 0.792  1.504  0.429  0.178  0.137  0.138  0.138
 0.794  1.511  0.436  0.181  0.140  0.140  0.140
 0.796  1.517  0.442  0.184  0.143  0.142  0.142
 0.798  1.524  0.449  0.186  0.147  0.143  0.143
 0.800  1.529  0.456  0.189  0.150  0.145  0.145
 0.802  1.535  0.462  0.192  0.153  0.148  0.148
 0.804  1.542  0.468  0.195  0.156  0.150  0.150
 0.806  1.547  0.473  0.198  0.159  0.151  0.151
 0.808  1.552  0.479  0.200  0.162  0.153  0.153
 0.810  1.557  0.483  0.203  0.165  0.155  0.155
 0.812  1.561  0.487  0.206  0.168  0.158  0.158
 0.814  1.565  0.490  0.208  0.171  0.160  0.160
 0.816  1.568  0.493  0.211  0.174  0.162  0.162
 0.818  1.570  0.496  0.213  0.177  0.164  0.164
 0.820  1.572  0.497  0.216  0.180  0.166  0.166
 0.822  1.573  0.499  0.218  0.183  0.168  0.168
 0.824  1.574  0.499  0.221  0.186  0.170  0.170
 0.826  1.574  0.499  0.222  0.189  0.172  0.172
 0.828  1.574  0.499  0.224  0.193  0.175  0.175
 0.830  1.573  0.497  0.226  0.196  0.176  0.176
 0.832  1.572  0.496  0.228  0.199  0.178  0.178
 0.834  1.569  0.493  0.230  0.203  0.180  0.180
 0.836  1.566  0.492  0.232  0.207  0.182  0.182
 0.838  1.564  0.487  0.233  0.211  0.185  0.185
 0.840  1.560  0.484  0.235  0.214  0.187  0.187
 0.842  1.556  0.480  0.237  0.217  0.189  0.189
 0.844  1.551  0.476  0.238  0.220  0.191  0.191
 0.846  1.546  0.472  0.240  0.223  0.193  0.193
 0.848  1.539  0.466  0.242  0.226  0.195  0.195
 0.850  1.533  0.460  0.244  0.227  0.197  0.197
 0.852  1.526  0.453  0.245  0.228  0.200  0.200
 0.854  1.518  0.446  0.248  0.229  0.202  0.202
 0.856  1.511  0.439  0.250  0.229  0.205  0.205
 0.858  1.502  0.432  0.251  0.228  0.207  0.207
 0.860  1.493  0.424  0.253  0.226  0.210  0.210
 0.862  1.482  0.414  0.255  0.224  0.212  0.212
 0.864  1.472  0.404  0.256  0.221  0.213  0.213
 0.866  1.460  0.394  0.256  0.217  0.214  0.214
 0.868  1.448  0.384  0.256  0.214  0.215  0.215
 0.870  1.437  0.373  0.255  0.208  0.215  0.215
 0.872  1.425  0.360  0.254  0.203  0.214  0.214
 0.874  1.412  0.348  0.251  0.196  0.212  0.212
 0.876  1.398  0.335  0.248  0.190  0.210  0.210
 0.878  1.385  0.321  0.244  0.181  0.206  0.206
 0.880  1.369  0.307  0.239  0.173  0.202  0.202
 0.882  1.355  0.291  0.233  0.164  0.198  0.198
 0.884  1.340  0.276  0.227  0.154  0.192  0.192
 0.886  1.324  0.260  0.220  0.143  0.187  0.187
 0.888  1.307  0.243  0.212  0.132  0.180  0.180
 0.890  1.292  0.225  0.203  0.120  0.173  0.173
 0.892  1.273  0.206  0.193  0.106  0.166  0.166
 0.894  1.257  0.188  0.182  0.093  0.158  0.158
 0.896  1.238  0.168  0.170  0.079  0.149  0.149
 0.898  1.219  0.149  0.159  0.064  0.140  0.140
 0.900  1.201  0.127  0.145  0.047  0.130  0.130
 0.902  1.181  0.106  0.131  0.031  0.119  0.119
 0.904  1.162  0.084  0.115  0.013  0.108  0.108
 0.906  1.141  0.061  0.100 -0.004  0.095  0.095
 0.908  1.121  0.037  0.083 -0.023  0.082  0.082
 0.910  1.100  0.013  0.064 -0.041  0.068  0.068
 0.912  1.079 -0.011  0.046 -0.061  0.053  0.053
 0.914  1.057 -0.036  0.026 -0.081  0.038  0.038
 0.916  1.036 -0.063  0.005 -0.101  0.022  0.022
 0.918  1.013 -0.090 -0.016 -0.122  0.005  0.005
 0.920  0.991 -0.117 -0.039 -0.143 -0.013 -0.013
 0.922  0.968 -0.145 -0.063 -0.164 -0.031 -0.031
 0.924  0.944 -0.174 -0.086 -0.184 -0.050 -0.050
 0.926  0.920 -0.204 -0.112 -0.204 -0.069 -0.069
 0.928  0.895 -0.234 -0.137 -0.224 -0.088 -0.088
 0.930  0.869 -0.265 -0.163 -0.243 -0.108 -0.108
 0.932  0.843 -0.296 -0.190 -0.261 -0.128 -0.128
 0.934  0.816 -0.327 -0.218 -0.278 -0.148 -0.148
 0.936  0.789 -0.359 -0.245 -0.296 -0.168 -0.168
 0.938  0.762 -0.392 -0.273 -0.311 -0.188 -0.188
 0.940  0.733 -0.424 -0.301 -0.326 -0.208 -0.208
 0.942  0.706 -0.455 -0.329 -0.341 -0.227 -0.227
 0.944  0.679 -0.486 -0.357 -0.355 -0.245 -0.245
 0.946  0.651 -0.517 -0.383 -0.368 -0.264 -0.264
 0.948  0.624 -0.547 -0.409 -0.380 -0.282 -0.282
 0.950  0.598 -0.577 -0.434 -0.392 -0.299 -0.299
 0.952  0.574 -0.603 -0.458 -0.404 -0.315 -0.315
 0.954  0.549 -0.630 -0.480 -0.416 -0.330 -0.330
 0.956  0.526 -0.654 -0.501 -0.426 -0.344 -0.344
 0.958  0.504 -0.678 -0.522 -0.437 -0.359 -0.359
 0.960  0.483 -0.699 -0.540 -0.446 -0.372 -0.372
 0.962  0.462 -0.721 -0.558 -0.455 -0.384 -0.384
 0.964  0.444 -0.740 -0.575 -0.464 -0.395 -0.395
 0.966  0.426 -0.759 -0.590 -0.472 -0.406 -0.406
 0.968  0.409 -0.777 -0.606 -0.479 -0.416 -0.416
 0.970  0.392 -0.792 -0.620 -0.486 -0.426 -0.426
 0.972  0.378 -0.808 -0.634 -0.492 -0.435 -0.435
 0.974  0.364 -0.824 -0.646 -0.497 -0.444 -0.444
 0.976  0.351 -0.836 -0.658 -0.502 -0.451 -0.451
 0.978  0.339 -0.849 -0.669 -0.506 -0.459 -0.459
 0.980  0.327 -0.862 -0.680 -0.509 -0.466 -0.466
 0.982  0.318 -0.871 -0.689 -0.512 -0.473 -0.473
 0.984  0.309 -0.881 -0.698 -0.514 -0.478 -0.478
 0.986  0.301 -0.890 -0.705 -0.516 -0.483 -0.483
 0.988  0.295 -0.897 -0.711 -0.518 -0.488 -0.488
 0.990  0.290 -0.903 -0.717 -0.519 -0.491 -0.491
 0.992  0.286 -0.907 -0.721 -0.520 -0.494 -0.494
 0.994  0.282 -0.910 -0.724 -0.521 -0.496 -0.496
 0.996  0.281 -0.912 -0.726 -0.521 -0.498 -0.498
 0.998  0.279 -0.912 -0.727 -0.521 -0.498 -0.498
