# IsPeriodic    : True
# Period        : 0.592993 days
# Normalization : <g_mag>=0
# 
# Phase u_mag  g_mag  r_mag  i_mag  z_mag  y_mag
 0.000  0.628 -0.539 -0.551 -0.498 -0.446 -0.446
 0.002  0.628 -0.539 -0.551 -0.498 -0.446 -0.446
 0.004  0.628 -0.539 -0.551 -0.497 -0.445 -0.445
 0.006  0.629 -0.538 -0.550 -0.497 -0.445 -0.445
 0.008  0.630 -0.536 -0.549 -0.496 -0.444 -0.444
 0.010  0.632 -0.534 -0.548 -0.495 -0.443 -0.443
 0.012  0.633 -0.533 -0.546 -0.494 -0.442 -0.442
 0.014  0.635 -0.530 -0.545 -0.493 -0.441 -0.441
 0.016  0.637 -0.526 -0.543 -0.492 -0.439 -0.439
 0.018  0.639 -0.524 -0.541 -0.490 -0.438 -0.438
 0.020  0.642 -0.520 -0.539 -0.489 -0.436 -0.436
 0.022  0.645 -0.517 -0.538 -0.488 -0.434 -0.434
 0.024  0.647 -0.514 -0.536 -0.486 -0.433 -0.433
 0.026  0.650 -0.510 -0.534 -0.485 -0.431 -0.431
 0.028  0.652 -0.507 -0.532 -0.484 -0.430 -0.430
 0.030  0.656 -0.503 -0.530 -0.482 -0.429 -0.429
 0.032  0.659 -0.500 -0.528 -0.481 -0.427 -0.427
 0.034  0.661 -0.496 -0.526 -0.480 -0.425 -0.425
 0.036  0.665 -0.493 -0.524 -0.479 -0.424 -0.424
 0.038  0.667 -0.490 -0.522 -0.477 -0.423 -0.423
 0.040  0.671 -0.485 -0.520 -0.476 -0.421 -0.421
 0.042  0.673 -0.482 -0.518 -0.475 -0.420 -0.420
 0.044  0.677 -0.478 -0.516 -0.473 -0.419 -0.419
 0.046  0.680 -0.474 -0.514 -0.472 -0.417 -0.417
 0.048  0.684 -0.470 -0.511 -0.471 -0.416 -0.416
 0.050  0.688 -0.465 -0.510 -0.469 -0.415 -0.415
 0.052  0.692 -0.461 -0.507 -0.467 -0.413 -0.413
 0.054  0.695 -0.457 -0.504 -0.466 -0.412 -0.412
 0.056  0.699 -0.453 -0.503 -0.464 -0.410 -0.410
 0.058  0.704 -0.447 -0.500 -0.463 -0.409 -0.409
 0.060  0.707 -0.443 -0.497 -0.461 -0.407 -0.407
 0.062  0.712 -0.438 -0.494 -0.459 -0.406 -0.406
 0.064  0.716 -0.433 -0.492 -0.458 -0.404 -0.404
 0.066  0.721 -0.428 -0.489 -0.456 -0.403 -0.403
 0.068  0.725 -0.423 -0.487 -0.454 -0.401 -0.401
 0.070  0.730 -0.417 -0.483 -0.453 -0.400 -0.400
 0.072  0.735 -0.412 -0.481 -0.451 -0.399 -0.399
 0.074  0.740 -0.407 -0.478 -0.449 -0.397 -0.397
 0.076  0.745 -0.402 -0.475 -0.447 -0.395 -0.395
 0.078  0.750 -0.396 -0.473 -0.446 -0.394 -0.394
 0.080  0.755 -0.391 -0.469 -0.444 -0.393 -0.393
 0.082  0.760 -0.386 -0.467 -0.442 -0.391 -0.391
 0.084  0.765 -0.380 -0.464 -0.440 -0.390 -0.390
 0.086  0.770 -0.374 -0.461 -0.439 -0.388 -0.388
 0.088  0.775 -0.369 -0.458 -0.437 -0.387 -0.387
 0.090  0.780 -0.364 -0.455 -0.435 -0.386 -0.386
 0.092  0.785 -0.359 -0.452 -0.434 -0.384 -0.384
 0.094  0.790 -0.354 -0.450 -0.432 -0.383 -0.383
 0.096  0.794 -0.349 -0.447 -0.430 -0.381 -0.381
 0.098  0.799 -0.343 -0.444 -0.429 -0.380 -0.380
 0.100  0.804 -0.338 -0.441 -0.427 -0.378 -0.378
 0.102  0.809 -0.334 -0.439 -0.425 -0.377 -0.377
 0.104  0.813 -0.329 -0.436 -0.423 -0.376 -0.376
 0.106  0.818 -0.325 -0.433 -0.421 -0.374 -0.374
 0.108  0.822 -0.319 -0.431 -0.420 -0.373 -0.373
 0.110  0.826 -0.315 -0.428 -0.418 -0.371 -0.371
 0.112  0.831 -0.311 -0.426 -0.416 -0.370 -0.370
 0.114  0.835 -0.307 -0.423 -0.415 -0.369 -0.369
 0.116  0.839 -0.302 -0.420 -0.413 -0.367 -0.367
 0.118  0.844 -0.298 -0.418 -0.412 -0.366 -0.366
 0.120  0.847 -0.294 -0.415 -0.410 -0.365 -0.365
 0.122  0.852 -0.290 -0.413 -0.409 -0.363 -0.363
 0.124  0.855 -0.287 -0.410 -0.407 -0.362 -0.362
 0.126  0.859 -0.282 -0.408 -0.405 -0.361 -0.361
 0.128  0.863 -0.279 -0.405 -0.404 -0.359 -0.359
 0.130  0.866 -0.276 -0.403 -0.402 -0.358 -0.358
 0.132  0.871 -0.272 -0.400 -0.400 -0.357 -0.357
 0.134  0.874 -0.269 -0.398 -0.399 -0.355 -0.355
 0.136  0.878 -0.265 -0.396 -0.397 -0.354 -0.354
 0.138  0.881 -0.262 -0.393 -0.396 -0.353 -0.353
 0.140  0.885 -0.258 -0.391 -0.394 -0.352 -0.352
 0.142  0.887 -0.256 -0.389 -0.393 -0.350 -0.350
 0.144  0.891 -0.252 -0.386 -0.391 -0.349 -0.349
 0.146  0.894 -0.250 -0.383 -0.390 -0.348 -0.348
 0.148  0.898 -0.246 -0.382 -0.388 -0.346 -0.346
 0.150  0.900 -0.244 -0.379 -0.387 -0.345 -0.345
 0.152  0.904 -0.241 -0.376 -0.385 -0.344 -0.344
 0.154  0.906 -0.239 -0.375 -0.384 -0.342 -0.342
 0.156  0.910 -0.235 -0.372 -0.382 -0.341 -0.341
 0.158  0.912 -0.233 -0.370 -0.380 -0.340 -0.340
 0.160  0.916 -0.230 -0.368 -0.379 -0.339 -0.339
 0.162  0.918 -0.227 -0.366 -0.377 -0.337 -0.337
 0.164  0.921 -0.225 -0.364 -0.376 -0.336 -0.336
 0.166  0.925 -0.222 -0.361 -0.374 -0.335 -0.335
 0.168  0.927 -0.220 -0.359 -0.373 -0.334 -0.334
 0.170  0.931 -0.216 -0.357 -0.372 -0.332 -0.332
 0.172  0.933 -0.214 -0.355 -0.370 -0.331 -0.331
 0.174  0.937 -0.210 -0.353 -0.369 -0.330 -0.330
 0.176  0.939 -0.208 -0.350 -0.367 -0.329 -0.329
 0.178  0.943 -0.204 -0.348 -0.366 -0.327 -0.327
 0.180  0.945 -0.202 -0.347 -0.365 -0.326 -0.326
 0.182  0.949 -0.198 -0.344 -0.363 -0.325 -0.325
 0.184  0.952 -0.196 -0.342 -0.362 -0.324 -0.324
 0.186  0.955 -0.192 -0.340 -0.360 -0.323 -0.323
 0.188  0.958 -0.189 -0.338 -0.359 -0.322 -0.322
 0.190  0.961 -0.186 -0.336 -0.357 -0.320 -0.320
 0.192  0.965 -0.183 -0.334 -0.356 -0.319 -0.319
 0.194  0.968 -0.179 -0.332 -0.354 -0.318 -0.318
 0.196  0.971 -0.177 -0.330 -0.353 -0.317 -0.317
 0.198  0.974 -0.173 -0.328 -0.352 -0.316 -0.316
 0.200  0.977 -0.170 -0.326 -0.350 -0.314 -0.314
 0.202  0.980 -0.166 -0.324 -0.349 -0.313 -0.313
 0.204  0.984 -0.163 -0.322 -0.348 -0.312 -0.312
 0.206  0.986 -0.160 -0.320 -0.346 -0.311 -0.311
 0.208  0.990 -0.157 -0.318 -0.345 -0.310 -0.310
 0.210  0.993 -0.154 -0.316 -0.344 -0.309 -0.309
 0.212  0.996 -0.149 -0.314 -0.342 -0.308 -0.308
 0.214  0.999 -0.146 -0.312 -0.341 -0.306 -0.306
 0.216  1.003 -0.142 -0.310 -0.340 -0.306 -0.306
 0.218  1.006 -0.139 -0.308 -0.339 -0.304 -0.304
 0.220  1.009 -0.136 -0.306 -0.337 -0.303 -0.303
 0.222  1.012 -0.132 -0.305 -0.335 -0.302 -0.302
 0.224  1.016 -0.128 -0.303 -0.334 -0.301 -0.301
 0.226  1.019 -0.124 -0.301 -0.333 -0.300 -0.300
 0.228  1.022 -0.121 -0.299 -0.332 -0.299 -0.299
 0.230  1.025 -0.117 -0.298 -0.330 -0.297 -0.297
 0.232  1.029 -0.114 -0.296 -0.329 -0.297 -0.297
 0.234  1.031 -0.111 -0.294 -0.328 -0.295 -0.295
 0.236  1.035 -0.107 -0.292 -0.326 -0.294 -0.294
 0.238  1.038 -0.104 -0.290 -0.325 -0.293 -0.293
 0.240  1.041 -0.100 -0.288 -0.324 -0.292 -0.292
 0.242  1.044 -0.097 -0.286 -0.323 -0.291 -0.291
 0.244  1.047 -0.093 -0.284 -0.321 -0.290 -0.290
 0.246  1.051 -0.090 -0.282 -0.320 -0.289 -0.289
 0.248  1.053 -0.087 -0.280 -0.319 -0.288 -0.288
 0.250  1.057 -0.084 -0.278 -0.317 -0.287 -0.287
 0.252  1.059 -0.081 -0.277 -0.316 -0.286 -0.286
 0.254  1.063 -0.077 -0.275 -0.315 -0.284 -0.284
 0.256  1.065 -0.074 -0.273 -0.313 -0.284 -0.284
 0.258  1.069 -0.071 -0.271 -0.311 -0.283 -0.283
 0.260  1.071 -0.068 -0.269 -0.310 -0.281 -0.281
 0.262  1.075 -0.065 -0.267 -0.309 -0.280 -0.280
 0.264  1.078 -0.062 -0.265 -0.307 -0.280 -0.280
 0.266  1.080 -0.059 -0.264 -0.306 -0.278 -0.278
 0.268  1.084 -0.056 -0.262 -0.305 -0.277 -0.277
 0.270  1.086 -0.053 -0.260 -0.303 -0.276 -0.276
 0.272  1.089 -0.050 -0.258 -0.302 -0.276 -0.276
 0.274  1.092 -0.047 -0.256 -0.301 -0.274 -0.274
 0.276  1.095 -0.044 -0.254 -0.299 -0.273 -0.273
 0.278  1.097 -0.042 -0.252 -0.298 -0.272 -0.272
 0.280  1.100 -0.039 -0.250 -0.297 -0.271 -0.271
 0.282  1.103 -0.037 -0.249 -0.295 -0.270 -0.270
 0.284  1.106 -0.033 -0.247 -0.294 -0.269 -0.269
 0.286  1.109 -0.031 -0.245 -0.293 -0.268 -0.268
 0.288  1.111 -0.028 -0.243 -0.291 -0.267 -0.267
 0.290  1.114 -0.026 -0.241 -0.289 -0.266 -0.266
 0.292  1.117 -0.023 -0.239 -0.288 -0.265 -0.265
 0.294  1.119 -0.020 -0.237 -0.287 -0.264 -0.264
 0.296  1.122 -0.019 -0.235 -0.285 -0.263 -0.263
 0.298  1.124 -0.016 -0.233 -0.284 -0.263 -0.263
 0.300  1.127 -0.014 -0.231 -0.283 -0.261 -0.261
 0.302  1.130 -0.011 -0.229 -0.281 -0.260 -0.260
 0.304  1.132 -0.008 -0.228 -0.280 -0.259 -0.259
 0.306  1.135 -0.006 -0.226 -0.278 -0.259 -0.259
 0.308  1.137 -0.003 -0.224 -0.277 -0.257 -0.257
 0.310  1.140 -0.001 -0.222 -0.276 -0.256 -0.256
 0.312  1.143  0.001 -0.221 -0.274 -0.255 -0.255
 0.314  1.145  0.004 -0.219 -0.273 -0.254 -0.254
 0.316  1.148  0.006 -0.217 -0.272 -0.253 -0.253
 0.318  1.151  0.009 -0.215 -0.271 -0.252 -0.252
 0.320  1.153  0.011 -0.214 -0.269 -0.251 -0.251
 0.322  1.155  0.014 -0.212 -0.267 -0.250 -0.250
 0.324  1.157  0.017 -0.210 -0.266 -0.249 -0.249
 0.326  1.160  0.019 -0.208 -0.265 -0.248 -0.248
 0.328  1.163  0.022 -0.207 -0.264 -0.247 -0.247
 0.330  1.165  0.024 -0.205 -0.262 -0.246 -0.246
 0.332  1.167  0.027 -0.203 -0.261 -0.245 -0.245
 0.334  1.170  0.029 -0.201 -0.260 -0.244 -0.244
 0.336  1.172  0.031 -0.200 -0.259 -0.242 -0.242
 0.338  1.174  0.034 -0.198 -0.257 -0.241 -0.241
 0.340  1.177  0.036 -0.196 -0.256 -0.240 -0.240
 0.342  1.179  0.039 -0.194 -0.255 -0.239 -0.239
 0.344  1.181  0.041 -0.193 -0.254 -0.238 -0.238
 0.346  1.184  0.044 -0.191 -0.252 -0.237 -0.237
 0.348  1.186  0.047 -0.190 -0.251 -0.236 -0.236
 0.350  1.188  0.049 -0.188 -0.250 -0.234 -0.234
 0.352  1.190  0.052 -0.187 -0.249 -0.233 -0.233
 0.354  1.192  0.054 -0.185 -0.248 -0.232 -0.232
 0.356  1.195  0.057 -0.184 -0.246 -0.231 -0.231
 0.358  1.197  0.060 -0.182 -0.245 -0.229 -0.229
 0.360  1.199  0.062 -0.180 -0.243 -0.229 -0.229
 0.362  1.201  0.065 -0.179 -0.242 -0.227 -0.227
 0.364  1.204  0.067 -0.177 -0.241 -0.226 -0.226
 0.366  1.205  0.070 -0.176 -0.240 -0.225 -0.225
 0.368  1.208  0.072 -0.174 -0.239 -0.224 -0.224
 0.370  1.210  0.074 -0.173 -0.238 -0.222 -0.222
 0.372  1.212  0.077 -0.172 -0.236 -0.221 -0.221
 0.374  1.214  0.079 -0.170 -0.235 -0.220 -0.220
 0.376  1.217  0.082 -0.168 -0.234 -0.219 -0.219
 0.378  1.218  0.084 -0.166 -0.233 -0.217 -0.217
 0.380  1.221  0.087 -0.165 -0.232 -0.216 -0.216
 0.382  1.223  0.089 -0.164 -0.230 -0.215 -0.215
 0.384  1.225  0.091 -0.162 -0.229 -0.214 -0.214
 0.386  1.227  0.094 -0.161 -0.228 -0.212 -0.212
 0.388  1.230  0.096 -0.159 -0.227 -0.211 -0.211
 0.390  1.231  0.098 -0.158 -0.226 -0.210 -0.210
 0.392  1.234  0.101 -0.156 -0.224 -0.209 -0.209
 0.394  1.236  0.103 -0.155 -0.223 -0.207 -0.207
 0.396  1.238  0.105 -0.153 -0.222 -0.207 -0.207
 0.398  1.240  0.108 -0.152 -0.220 -0.205 -0.205
 0.400  1.243  0.109 -0.150 -0.219 -0.204 -0.204
 0.402  1.245  0.112 -0.149 -0.218 -0.203 -0.203
 0.404  1.247  0.114 -0.147 -0.217 -0.202 -0.202
 0.406  1.250  0.116 -0.145 -0.215 -0.201 -0.201
 0.408  1.251  0.118 -0.144 -0.214 -0.199 -0.199
 0.410  1.254  0.121 -0.143 -0.213 -0.199 -0.199
 0.412  1.257  0.122 -0.141 -0.212 -0.197 -0.197
 0.414  1.258  0.125 -0.140 -0.211 -0.196 -0.196
 0.416  1.261  0.127 -0.138 -0.209 -0.195 -0.195
 0.418  1.263  0.128 -0.137 -0.208 -0.194 -0.194
 0.420  1.265  0.130 -0.135 -0.207 -0.193 -0.193
 0.422  1.268  0.133 -0.134 -0.206 -0.192 -0.192
 0.424  1.270  0.134 -0.132 -0.204 -0.190 -0.190
 0.426  1.272  0.136 -0.131 -0.203 -0.190 -0.190
 0.428  1.275  0.138 -0.130 -0.202 -0.189 -0.189
 0.430  1.277  0.140 -0.128 -0.200 -0.187 -0.187
 0.432  1.280  0.142 -0.126 -0.199 -0.186 -0.186
 0.434  1.282  0.144 -0.125 -0.198 -0.185 -0.185
 0.436  1.284  0.145 -0.124 -0.197 -0.184 -0.184
 0.438  1.287  0.147 -0.122 -0.195 -0.183 -0.183
 0.440  1.289  0.149 -0.121 -0.194 -0.182 -0.182
 0.442  1.291  0.151 -0.119 -0.193 -0.181 -0.181
 0.444  1.294  0.152 -0.118 -0.192 -0.180 -0.180
 0.446  1.296  0.154 -0.116 -0.191 -0.179 -0.179
 0.448  1.298  0.156 -0.115 -0.189 -0.178 -0.178
 0.450  1.301  0.157 -0.114 -0.188 -0.177 -0.177
 0.452  1.303  0.159 -0.112 -0.187 -0.176 -0.176
 0.454  1.304  0.160 -0.111 -0.186 -0.175 -0.175
 0.456  1.307  0.162 -0.109 -0.185 -0.174 -0.174
 0.458  1.309  0.163 -0.108 -0.184 -0.173 -0.173
 0.460  1.310  0.165 -0.107 -0.183 -0.172 -0.172
 0.462  1.313  0.166 -0.105 -0.182 -0.171 -0.171
 0.464  1.315  0.168 -0.104 -0.181 -0.170 -0.170
 0.466  1.317  0.169 -0.103 -0.180 -0.169 -0.169
 0.468  1.318  0.170 -0.102 -0.178 -0.168 -0.168
 0.470  1.320  0.172 -0.100 -0.177 -0.167 -0.167
 0.472  1.322  0.173 -0.099 -0.176 -0.166 -0.166
 0.474  1.323  0.175 -0.098 -0.175 -0.165 -0.165
 0.476  1.325  0.176 -0.096 -0.174 -0.164 -0.164
 0.478  1.327  0.177 -0.095 -0.173 -0.163 -0.163
 0.480  1.329  0.178 -0.094 -0.172 -0.162 -0.162
 0.482  1.330  0.180 -0.093 -0.171 -0.161 -0.161
 0.484  1.331  0.181 -0.091 -0.170 -0.160 -0.160
 0.486  1.333  0.182 -0.090 -0.169 -0.159 -0.159
 0.488  1.335  0.182 -0.089 -0.168 -0.158 -0.158
 0.490  1.336  0.184 -0.087 -0.167 -0.157 -0.157
 0.492  1.337  0.185 -0.086 -0.166 -0.156 -0.156
 0.494  1.338  0.186 -0.086 -0.166 -0.156 -0.156
 0.496  1.340  0.187 -0.084 -0.165 -0.155 -0.155
 0.498  1.341  0.188 -0.083 -0.164 -0.154 -0.154
 0.500  1.343  0.188 -0.082 -0.163 -0.153 -0.153
 0.502  1.343  0.189 -0.080 -0.162 -0.152 -0.152
 0.504  1.344  0.190 -0.080 -0.161 -0.151 -0.151
 0.506  1.345  0.191 -0.079 -0.161 -0.150 -0.150
 0.508  1.347  0.192 -0.077 -0.160 -0.149 -0.149
 0.510  1.348  0.193 -0.076 -0.159 -0.148 -0.148
 0.512  1.349  0.194 -0.075 -0.158 -0.147 -0.147
 0.514  1.350  0.194 -0.074 -0.157 -0.147 -0.147
 0.516  1.350  0.195 -0.073 -0.156 -0.146 -0.146
 0.518  1.351  0.196 -0.072 -0.155 -0.145 -0.145
 0.520  1.352  0.196 -0.071 -0.154 -0.144 -0.144
 0.522  1.353  0.197 -0.070 -0.154 -0.143 -0.143
 0.524  1.354  0.198 -0.069 -0.153 -0.142 -0.142
 0.526  1.355  0.199 -0.068 -0.152 -0.142 -0.142
 0.528  1.356  0.200 -0.067 -0.151 -0.141 -0.141
 0.530  1.356  0.200 -0.066 -0.150 -0.140 -0.140
 0.532  1.357  0.200 -0.065 -0.150 -0.139 -0.139
 0.534  1.358  0.201 -0.065 -0.149 -0.138 -0.138
 0.536  1.359  0.202 -0.063 -0.148 -0.138 -0.138
 0.538  1.360  0.203 -0.063 -0.147 -0.137 -0.137
 0.540  1.360  0.203 -0.062 -0.146 -0.136 -0.136
 0.542  1.361  0.204 -0.061 -0.146 -0.135 -0.135
 0.544  1.362  0.205 -0.060 -0.145 -0.134 -0.134
 0.546  1.363  0.206 -0.059 -0.144 -0.134 -0.134
 0.548  1.363  0.206 -0.058 -0.143 -0.133 -0.133
 0.550  1.363  0.206 -0.058 -0.142 -0.132 -0.132
 0.552  1.364  0.207 -0.057 -0.142 -0.132 -0.132
 0.554  1.365  0.207 -0.056 -0.141 -0.131 -0.131
 0.556  1.365  0.208 -0.056 -0.140 -0.130 -0.130
 0.558  1.366  0.209 -0.055 -0.139 -0.130 -0.130
 0.560  1.366  0.209 -0.054 -0.139 -0.129 -0.129
 0.562  1.367  0.210 -0.053 -0.138 -0.128 -0.128
 0.564  1.368  0.211 -0.052 -0.137 -0.128 -0.128
 0.566  1.368  0.211 -0.052 -0.136 -0.127 -0.127
 0.568  1.369  0.212 -0.051 -0.135 -0.126 -0.126
 0.570  1.369  0.212 -0.051 -0.135 -0.126 -0.126
 0.572  1.370  0.212 -0.050 -0.133 -0.125 -0.125
 0.574  1.370  0.213 -0.049 -0.133 -0.125 -0.125
 0.576  1.370  0.214 -0.049 -0.132 -0.124 -0.124
 0.578  1.370  0.214 -0.049 -0.131 -0.123 -0.123
 0.580  1.370  0.215 -0.048 -0.130 -0.123 -0.123
 0.582  1.371  0.215 -0.047 -0.130 -0.122 -0.122
 0.584  1.371  0.216 -0.047 -0.129 -0.122 -0.122
 0.586  1.372  0.216 -0.046 -0.128 -0.121 -0.121
 0.588  1.372  0.217 -0.046 -0.127 -0.121 -0.121
 0.590  1.372  0.217 -0.045 -0.127 -0.120 -0.120
 0.592  1.373  0.218 -0.045 -0.126 -0.119 -0.119
 0.594  1.373  0.218 -0.045 -0.125 -0.119 -0.119
 0.596  1.374  0.218 -0.044 -0.125 -0.118 -0.118
 0.598  1.374  0.218 -0.044 -0.124 -0.117 -0.117
 0.600  1.374  0.218 -0.044 -0.124 -0.117 -0.117
 0.602  1.375  0.219 -0.044 -0.123 -0.117 -0.117
 0.604  1.375  0.219 -0.043 -0.123 -0.116 -0.116
 0.606  1.376  0.219 -0.043 -0.122 -0.115 -0.115
 0.608  1.376  0.219 -0.042 -0.122 -0.115 -0.115
 0.610  1.376  0.220 -0.042 -0.121 -0.114 -0.114
 0.612  1.376  0.220 -0.042 -0.121 -0.114 -0.114
 0.614  1.376  0.220 -0.042 -0.120 -0.113 -0.113
 0.616  1.377  0.220 -0.042 -0.120 -0.113 -0.113
 0.618  1.377  0.221 -0.042 -0.119 -0.112 -0.112
 0.620  1.378  0.221 -0.041 -0.119 -0.111 -0.111
 0.622  1.378  0.221 -0.041 -0.119 -0.111 -0.111
 0.624  1.379  0.221 -0.041 -0.118 -0.110 -0.110
 0.626  1.379  0.221 -0.041 -0.118 -0.110 -0.110
 0.628  1.379  0.221 -0.041 -0.118 -0.109 -0.109
 0.630  1.380  0.221 -0.041 -0.117 -0.109 -0.109
 0.632  1.380  0.221 -0.041 -0.117 -0.108 -0.108
 0.634  1.381  0.221 -0.041 -0.117 -0.107 -0.107
 0.636  1.381  0.221 -0.041 -0.117 -0.107 -0.107
 0.638  1.382  0.221 -0.041 -0.117 -0.106 -0.106
 0.640  1.382  0.221 -0.041 -0.117 -0.106 -0.106
 0.642  1.383  0.220 -0.041 -0.116 -0.105 -0.105
 0.644  1.383  0.220 -0.041 -0.116 -0.105 -0.105
 0.646  1.383  0.220 -0.041 -0.116 -0.104 -0.104
 0.648  1.383  0.220 -0.042 -0.116 -0.103 -0.103
 0.650  1.383  0.220 -0.042 -0.116 -0.103 -0.103
 0.652  1.384  0.220 -0.042 -0.116 -0.102 -0.102
 0.654  1.384  0.219 -0.042 -0.115 -0.101 -0.101
 0.656  1.385  0.219 -0.042 -0.115 -0.101 -0.101
 0.658  1.385  0.219 -0.042 -0.115 -0.100 -0.100
 0.660  1.386  0.219 -0.042 -0.115 -0.100 -0.100
 0.662  1.387  0.218 -0.042 -0.115 -0.099 -0.099
 0.664  1.387  0.218 -0.042 -0.114 -0.099 -0.099
 0.666  1.388  0.218 -0.042 -0.114 -0.098 -0.098
 0.668  1.388  0.218 -0.042 -0.114 -0.097 -0.097
 0.670  1.389  0.218 -0.041 -0.113 -0.096 -0.096
 0.672  1.389  0.218 -0.041 -0.113 -0.096 -0.096
 0.674  1.390  0.218 -0.041 -0.112 -0.095 -0.095
 0.676  1.390  0.218 -0.041 -0.111 -0.095 -0.095
 0.678  1.390  0.217 -0.040 -0.111 -0.094 -0.094
 0.680  1.391  0.217 -0.040 -0.110 -0.093 -0.093
 0.682  1.391  0.217 -0.040 -0.110 -0.092 -0.092
 0.684  1.392  0.217 -0.040 -0.109 -0.092 -0.092
 0.686  1.393  0.217 -0.039 -0.108 -0.091 -0.091
 0.688  1.394  0.216 -0.038 -0.108 -0.090 -0.090
 0.690  1.394  0.216 -0.038 -0.107 -0.089 -0.089
 0.692  1.395  0.216 -0.038 -0.106 -0.088 -0.088
 0.694  1.396  0.216 -0.037 -0.105 -0.088 -0.088
 0.696  1.396  0.216 -0.037 -0.104 -0.087 -0.087
 0.698  1.396  0.216 -0.036 -0.104 -0.086 -0.086
 0.700  1.397  0.216 -0.035 -0.103 -0.085 -0.085
 0.702  1.398  0.216 -0.035 -0.102 -0.084 -0.084
 0.704  1.399  0.215 -0.034 -0.101 -0.083 -0.083
 0.706  1.399  0.215 -0.033 -0.100 -0.083 -0.083
 0.708  1.400  0.215 -0.033 -0.099 -0.082 -0.082
 0.710  1.401  0.215 -0.032 -0.098 -0.081 -0.081
 0.712  1.402  0.215 -0.031 -0.097 -0.080 -0.080
 0.714  1.403  0.214 -0.031 -0.096 -0.079 -0.079
 0.716  1.403  0.214 -0.030 -0.095 -0.079 -0.079
 0.718  1.403  0.214 -0.029 -0.093 -0.078 -0.078
 0.720  1.404  0.214 -0.028 -0.092 -0.077 -0.077
 0.722  1.405  0.214 -0.027 -0.091 -0.076 -0.076
 0.724  1.406  0.214 -0.026 -0.090 -0.075 -0.075
 0.726  1.407  0.214 -0.025 -0.088 -0.074 -0.074
 0.728  1.408  0.214 -0.024 -0.086 -0.073 -0.073
 0.730  1.409  0.214 -0.023 -0.085 -0.072 -0.072
 0.732  1.410  0.215 -0.021 -0.083 -0.070 -0.070
 0.734  1.411  0.215 -0.020 -0.082 -0.070 -0.070
 0.736  1.412  0.216 -0.019 -0.080 -0.068 -0.068
 0.738  1.414  0.217 -0.017 -0.078 -0.067 -0.067
 0.740  1.415  0.218 -0.016 -0.077 -0.066 -0.066
 0.742  1.416  0.218 -0.014 -0.075 -0.065 -0.065
 0.744  1.418  0.220 -0.012 -0.073 -0.063 -0.063
 0.746  1.420  0.221 -0.010 -0.071 -0.062 -0.062
 0.748  1.422  0.223 -0.008 -0.069 -0.061 -0.061
 0.750  1.423  0.224 -0.006 -0.066 -0.059 -0.059
 0.752  1.425  0.225 -0.004 -0.064 -0.057 -0.057
 0.754  1.427  0.227 -0.002 -0.062 -0.056 -0.056
 0.756  1.429  0.230  0.000 -0.060 -0.054 -0.054
 0.758  1.430  0.231  0.003 -0.058 -0.053 -0.053
 0.760  1.433  0.233  0.005 -0.056 -0.051 -0.051
 0.762  1.435  0.236  0.007 -0.053 -0.049 -0.049
 0.764  1.437  0.238  0.010 -0.051 -0.048 -0.048
 0.766  1.440  0.241  0.012 -0.049 -0.045 -0.045
 0.768  1.442  0.243  0.015 -0.046 -0.044 -0.044
 0.770  1.444  0.246  0.018 -0.043 -0.042 -0.042
 0.772  1.447  0.249  0.021 -0.040 -0.040 -0.040
 0.774  1.450  0.252  0.025 -0.037 -0.038 -0.038
 0.776  1.453  0.255  0.028 -0.034 -0.036 -0.036
 0.778  1.456  0.259  0.031 -0.031 -0.034 -0.034
 0.780  1.459  0.262  0.034 -0.028 -0.032 -0.032
 0.782  1.462  0.267  0.037 -0.025 -0.029 -0.029
 0.784  1.465  0.270  0.041 -0.022 -0.027 -0.027
 0.786  1.469  0.273  0.044 -0.019 -0.025 -0.025
 0.788  1.471  0.278  0.047 -0.016 -0.022 -0.022
 0.790  1.475  0.282  0.051 -0.013 -0.020 -0.020
 0.792  1.478  0.285  0.054 -0.010 -0.018 -0.018
 0.794  1.481  0.290  0.058 -0.007 -0.015 -0.015
 0.796  1.484  0.293  0.061 -0.004 -0.013 -0.013
 0.798  1.487  0.298  0.064 -0.002 -0.010 -0.010
 0.800  1.489  0.301  0.067  0.001 -0.008 -0.008
 0.802  1.492  0.304  0.070  0.003 -0.006 -0.006
 0.804  1.494  0.308  0.072  0.005 -0.004 -0.004
 0.806  1.496  0.310  0.075  0.007 -0.002 -0.002
 0.808  1.496  0.313  0.077  0.009 -0.001 -0.001
 0.810  1.497  0.316  0.079  0.010  0.000  0.000
 0.812  1.497  0.317  0.081  0.011  0.001  0.001
 0.814  1.496  0.319  0.082  0.012  0.002  0.002
 0.816  1.496  0.320  0.083  0.013  0.002  0.002
 0.818  1.494  0.320  0.084  0.013  0.002  0.002
 0.820  1.491  0.320  0.084  0.013  0.002  0.002
 0.822  1.489  0.320  0.085  0.013  0.001  0.001
 0.824  1.485  0.319  0.085  0.013 -0.000 -0.000
 0.826  1.482  0.317  0.085  0.012 -0.001 -0.001
 0.828  1.477  0.316  0.084  0.011 -0.002 -0.002
 0.830  1.473  0.314  0.084  0.010 -0.004 -0.004
 0.832  1.468  0.312  0.083  0.009 -0.006 -0.006
 0.834  1.462  0.310  0.082  0.007 -0.008 -0.008
 0.836  1.456  0.307  0.081  0.005 -0.010 -0.010
 0.838  1.449  0.304  0.080  0.003 -0.013 -0.013
 0.840  1.443  0.300  0.079  0.001 -0.016 -0.016
 0.842  1.436  0.297  0.077 -0.002 -0.019 -0.019
 0.844  1.428  0.292  0.075 -0.004 -0.023 -0.023
 0.846  1.419  0.287  0.072 -0.007 -0.027 -0.027
 0.848  1.410  0.283  0.070 -0.010 -0.031 -0.031
 0.850  1.401  0.277  0.067 -0.013 -0.035 -0.035
 0.852  1.391  0.272  0.065 -0.017 -0.040 -0.040
 0.854  1.380  0.266  0.061 -0.021 -0.045 -0.045
 0.856  1.369  0.259  0.058 -0.025 -0.050 -0.050
 0.858  1.357  0.252  0.055 -0.030 -0.056 -0.056
 0.860  1.345  0.244  0.051 -0.034 -0.062 -0.062
 0.862  1.332  0.237  0.047 -0.039 -0.067 -0.067
 0.864  1.320  0.229  0.043 -0.044 -0.074 -0.074
 0.866  1.307  0.221  0.039 -0.049 -0.080 -0.080
 0.868  1.293  0.212  0.033 -0.055 -0.087 -0.087
 0.870  1.280  0.203  0.028 -0.060 -0.093 -0.093
 0.872  1.266  0.194  0.023 -0.066 -0.100 -0.100
 0.874  1.252  0.185  0.017 -0.072 -0.107 -0.107
 0.876  1.239  0.175  0.011 -0.078 -0.114 -0.114
 0.878  1.225  0.165  0.004 -0.084 -0.121 -0.121
 0.880  1.211  0.155 -0.002 -0.091 -0.128 -0.128
 0.882  1.197  0.145 -0.009 -0.097 -0.135 -0.135
 0.884  1.184  0.133 -0.017 -0.104 -0.143 -0.143
 0.886  1.170  0.122 -0.024 -0.110 -0.150 -0.150
 0.888  1.157  0.111 -0.032 -0.118 -0.157 -0.157
 0.890  1.143  0.099 -0.040 -0.124 -0.164 -0.164
 0.892  1.129  0.088 -0.049 -0.132 -0.171 -0.171
 0.894  1.116  0.076 -0.058 -0.139 -0.178 -0.178
 0.896  1.103  0.063 -0.066 -0.147 -0.185 -0.185
 0.898  1.089  0.051 -0.076 -0.154 -0.192 -0.192
 0.900  1.076  0.038 -0.086 -0.162 -0.199 -0.199
 0.902  1.063  0.025 -0.096 -0.170 -0.206 -0.206
 0.904  1.050  0.011 -0.106 -0.178 -0.213 -0.213
 0.906  1.036 -0.002 -0.116 -0.187 -0.220 -0.220
 0.908  1.023 -0.016 -0.128 -0.195 -0.227 -0.227
 0.910  1.010 -0.031 -0.138 -0.204 -0.234 -0.234
 0.912  0.997 -0.045 -0.151 -0.213 -0.241 -0.241
 0.914  0.984 -0.060 -0.163 -0.222 -0.248 -0.248
 0.916  0.971 -0.075 -0.175 -0.231 -0.255 -0.255
 0.918  0.958 -0.090 -0.188 -0.241 -0.262 -0.262
 0.920  0.945 -0.106 -0.201 -0.251 -0.269 -0.269
 0.922  0.931 -0.122 -0.214 -0.260 -0.276 -0.276
 0.924  0.918 -0.138 -0.228 -0.270 -0.283 -0.283
 0.926  0.905 -0.154 -0.242 -0.280 -0.290 -0.290
 0.928  0.892 -0.172 -0.256 -0.290 -0.297 -0.297
 0.930  0.879 -0.188 -0.270 -0.300 -0.304 -0.304
 0.932  0.866 -0.205 -0.284 -0.310 -0.311 -0.311
 0.934  0.854 -0.222 -0.298 -0.321 -0.318 -0.318
 0.936  0.841 -0.240 -0.313 -0.331 -0.326 -0.326
 0.938  0.829 -0.257 -0.327 -0.341 -0.333 -0.333
 0.940  0.817 -0.274 -0.341 -0.351 -0.340 -0.340
 0.942  0.805 -0.291 -0.355 -0.361 -0.346 -0.346
 0.944  0.792 -0.308 -0.368 -0.370 -0.353 -0.353
 0.946  0.781 -0.325 -0.382 -0.379 -0.360 -0.360
 0.948  0.770 -0.340 -0.394 -0.388 -0.366 -0.366
 0.950  0.759 -0.356 -0.407 -0.397 -0.372 -0.372
 0.952  0.749 -0.370 -0.419 -0.405 -0.378 -0.378
 0.954  0.739 -0.384 -0.429 -0.413 -0.383 -0.383
 0.956  0.730 -0.397 -0.440 -0.420 -0.389 -0.389
 0.958  0.721 -0.410 -0.450 -0.428 -0.394 -0.394
 0.960  0.712 -0.422 -0.459 -0.434 -0.399 -0.399
 0.962  0.705 -0.433 -0.468 -0.440 -0.403 -0.403
 0.964  0.697 -0.443 -0.476 -0.446 -0.408 -0.408
 0.966  0.690 -0.453 -0.485 -0.452 -0.412 -0.412
 0.968  0.683 -0.463 -0.492 -0.457 -0.415 -0.415
 0.970  0.677 -0.471 -0.499 -0.462 -0.419 -0.419
 0.972  0.671 -0.480 -0.506 -0.466 -0.422 -0.422
 0.974  0.665 -0.488 -0.512 -0.471 -0.426 -0.426
 0.976  0.659 -0.496 -0.518 -0.475 -0.429 -0.429
 0.978  0.654 -0.502 -0.524 -0.479 -0.431 -0.431
 0.980  0.650 -0.509 -0.529 -0.482 -0.434 -0.434
 0.982  0.646 -0.515 -0.533 -0.485 -0.436 -0.436
 0.984  0.642 -0.520 -0.537 -0.488 -0.438 -0.438
 0.986  0.639 -0.525 -0.541 -0.491 -0.440 -0.440
 0.988  0.636 -0.529 -0.544 -0.493 -0.442 -0.442
 0.990  0.633 -0.533 -0.546 -0.495 -0.443 -0.443
 0.992  0.632 -0.535 -0.548 -0.496 -0.444 -0.444
 0.994  0.630 -0.538 -0.550 -0.497 -0.445 -0.445
 0.996  0.629 -0.539 -0.551 -0.498 -0.445 -0.445
 0.998  0.628 -0.539 -0.552 -0.498 -0.446 -0.446
