# IsPeriodic    : True
# Period        : 0.589380 days
# Normalization : <g_mag>=0
# 
# Phase u_mag  g_mag  r_mag  i_mag  z_mag  y_mag
0 0.379 -0.700 -0.624 -0.555 -0.469 -0.469
0.00117876 0.379 -0.700 -0.624 -0.555 -0.469 -0.469
0.00235752 0.380 -0.700 -0.624 -0.555 -0.469 -0.469
0.00353628 0.381 -0.699 -0.623 -0.555 -0.468 -0.468
0.00471504 0.382 -0.698 -0.621 -0.554 -0.467 -0.467
0.0058938 0.384 -0.696 -0.621 -0.554 -0.466 -0.466
0.00707256 0.386 -0.694 -0.619 -0.553 -0.464 -0.464
0.00825132 0.388 -0.692 -0.617 -0.552 -0.463 -0.463
0.00943008 0.392 -0.690 -0.615 -0.550 -0.461 -0.461
0.0106088 0.394 -0.687 -0.613 -0.549 -0.459 -0.459
0.0117876 0.397 -0.684 -0.611 -0.548 -0.457 -0.457
0.0129664 0.400 -0.681 -0.609 -0.546 -0.455 -0.455
0.0141451 0.405 -0.678 -0.606 -0.544 -0.453 -0.453
0.0153239 0.408 -0.675 -0.603 -0.543 -0.451 -0.451
0.0165026 0.411 -0.672 -0.601 -0.541 -0.449 -0.449
0.0176814 0.416 -0.668 -0.598 -0.539 -0.448 -0.448
0.0188602 0.420 -0.664 -0.595 -0.537 -0.446 -0.446
0.0200389 0.424 -0.660 -0.593 -0.535 -0.444 -0.444
0.0212177 0.429 -0.656 -0.590 -0.533 -0.442 -0.442
0.0223964 0.434 -0.651 -0.587 -0.531 -0.440 -0.440
0.0235752 0.438 -0.647 -0.584 -0.529 -0.438 -0.438
0.024754 0.444 -0.642 -0.581 -0.526 -0.437 -0.437
0.0259327 0.449 -0.637 -0.578 -0.524 -0.435 -0.435
0.0271115 0.455 -0.632 -0.574 -0.521 -0.433 -0.433
0.0282902 0.460 -0.627 -0.570 -0.519 -0.432 -0.432
0.029469 0.467 -0.621 -0.567 -0.516 -0.430 -0.430
0.0306478 0.473 -0.615 -0.563 -0.513 -0.428 -0.428
0.0318265 0.480 -0.609 -0.559 -0.510 -0.426 -0.426
0.0330053 0.486 -0.602 -0.555 -0.506 -0.424 -0.424
0.034184 0.493 -0.596 -0.551 -0.503 -0.423 -0.423
0.0353628 0.500 -0.590 -0.547 -0.500 -0.420 -0.420
0.0365416 0.507 -0.583 -0.543 -0.496 -0.419 -0.419
0.0377203 0.514 -0.576 -0.539 -0.493 -0.417 -0.417
0.0388991 0.522 -0.568 -0.534 -0.489 -0.415 -0.415
0.0400778 0.531 -0.561 -0.529 -0.485 -0.413 -0.413
0.0412566 0.538 -0.553 -0.524 -0.481 -0.411 -0.411
0.0424354 0.547 -0.546 -0.520 -0.477 -0.409 -0.409
0.0436141 0.555 -0.538 -0.515 -0.473 -0.408 -0.408
0.0447929 0.563 -0.531 -0.510 -0.469 -0.406 -0.406
0.0459716 0.571 -0.522 -0.505 -0.466 -0.404 -0.404
0.0471504 0.580 -0.515 -0.500 -0.462 -0.402 -0.402
0.0483292 0.588 -0.508 -0.495 -0.458 -0.400 -0.400
0.0495079 0.596 -0.500 -0.490 -0.454 -0.399 -0.399
0.0506867 0.603 -0.493 -0.485 -0.450 -0.396 -0.396
0.0518654 0.611 -0.485 -0.481 -0.446 -0.395 -0.395
0.0530442 0.619 -0.478 -0.477 -0.442 -0.393 -0.393
0.054223 0.626 -0.470 -0.472 -0.439 -0.391 -0.391
0.0554017 0.634 -0.464 -0.467 -0.435 -0.390 -0.390
0.0565805 0.640 -0.456 -0.463 -0.432 -0.387 -0.387
0.0577592 0.648 -0.450 -0.459 -0.429 -0.386 -0.386
0.058938 0.655 -0.444 -0.454 -0.425 -0.384 -0.384
0.0601168 0.661 -0.437 -0.450 -0.422 -0.382 -0.382
0.0612955 0.668 -0.431 -0.446 -0.418 -0.381 -0.381
0.0624743 0.674 -0.424 -0.442 -0.416 -0.379 -0.379
0.063653 0.681 -0.418 -0.438 -0.413 -0.377 -0.377
0.0648318 0.686 -0.413 -0.434 -0.409 -0.375 -0.375
0.0660106 0.693 -0.406 -0.430 -0.406 -0.373 -0.373
0.0671893 0.698 -0.400 -0.426 -0.404 -0.371 -0.371
0.0683681 0.705 -0.395 -0.422 -0.400 -0.370 -0.370
0.0695468 0.710 -0.389 -0.419 -0.398 -0.368 -0.368
0.0707256 0.715 -0.383 -0.415 -0.394 -0.366 -0.366
0.0719044 0.721 -0.378 -0.411 -0.392 -0.365 -0.365
0.0730831 0.726 -0.372 -0.408 -0.389 -0.363 -0.363
0.0742619 0.732 -0.367 -0.404 -0.387 -0.361 -0.361
0.0754406 0.736 -0.362 -0.401 -0.384 -0.359 -0.359
0.0766194 0.741 -0.357 -0.398 -0.382 -0.358 -0.358
0.0777982 0.746 -0.352 -0.395 -0.380 -0.356 -0.356
0.0789769 0.750 -0.348 -0.391 -0.377 -0.354 -0.354
0.0801557 0.755 -0.344 -0.388 -0.374 -0.353 -0.353
0.0813344 0.759 -0.338 -0.385 -0.372 -0.351 -0.351
0.0825132 0.763 -0.334 -0.382 -0.371 -0.350 -0.350
0.083692 0.768 -0.330 -0.379 -0.368 -0.348 -0.348
0.0848707 0.771 -0.325 -0.376 -0.366 -0.346 -0.346
0.0860495 0.775 -0.321 -0.373 -0.364 -0.345 -0.345
0.0872282 0.780 -0.317 -0.371 -0.362 -0.343 -0.343
0.088407 0.783 -0.313 -0.368 -0.360 -0.341 -0.341
0.0895858 0.787 -0.308 -0.364 -0.358 -0.340 -0.340
0.0907645 0.790 -0.304 -0.362 -0.356 -0.338 -0.338
0.0919433 0.795 -0.300 -0.360 -0.354 -0.337 -0.337
0.093122 0.798 -0.296 -0.356 -0.352 -0.335 -0.335
0.0943008 0.802 -0.291 -0.354 -0.350 -0.333 -0.333
0.0954796 0.806 -0.287 -0.351 -0.348 -0.332 -0.332
0.0966583 0.810 -0.283 -0.349 -0.346 -0.330 -0.330
0.0978371 0.813 -0.279 -0.346 -0.344 -0.329 -0.329
0.0990158 0.818 -0.274 -0.343 -0.342 -0.327 -0.327
0.100195 0.822 -0.270 -0.341 -0.340 -0.325 -0.325
0.101373 0.825 -0.266 -0.337 -0.338 -0.324 -0.324
0.102552 0.829 -0.262 -0.335 -0.336 -0.323 -0.323
0.103731 0.834 -0.257 -0.333 -0.334 -0.321 -0.321
0.10491 0.837 -0.253 -0.329 -0.332 -0.319 -0.319
0.106088 0.841 -0.249 -0.327 -0.330 -0.317 -0.317
0.107267 0.846 -0.244 -0.325 -0.329 -0.316 -0.316
0.108446 0.849 -0.240 -0.321 -0.327 -0.315 -0.315
0.109625 0.853 -0.236 -0.319 -0.325 -0.313 -0.313
0.110803 0.858 -0.232 -0.317 -0.323 -0.312 -0.312
0.111982 0.862 -0.227 -0.314 -0.321 -0.310 -0.310
0.113161 0.865 -0.223 -0.311 -0.319 -0.308 -0.308
0.11434 0.870 -0.219 -0.309 -0.318 -0.307 -0.307
0.115518 0.874 -0.215 -0.306 -0.316 -0.306 -0.306
0.116697 0.878 -0.210 -0.303 -0.314 -0.304 -0.304
0.117876 0.882 -0.206 -0.301 -0.312 -0.303 -0.303
0.119055 0.886 -0.202 -0.298 -0.310 -0.301 -0.301
0.120234 0.890 -0.198 -0.296 -0.308 -0.300 -0.300
0.121412 0.895 -0.193 -0.294 -0.307 -0.298 -0.298
0.122591 0.899 -0.188 -0.290 -0.305 -0.297 -0.297
0.12377 0.902 -0.184 -0.288 -0.303 -0.295 -0.295
0.124949 0.907 -0.180 -0.286 -0.301 -0.294 -0.294
0.126127 0.911 -0.175 -0.283 -0.299 -0.292 -0.292
0.127306 0.915 -0.171 -0.281 -0.297 -0.291 -0.291
0.128485 0.920 -0.167 -0.279 -0.296 -0.290 -0.290
0.129664 0.924 -0.162 -0.276 -0.294 -0.288 -0.288
0.130842 0.928 -0.158 -0.273 -0.292 -0.287 -0.287
0.132021 0.932 -0.154 -0.271 -0.290 -0.286 -0.286
0.1332 0.936 -0.150 -0.268 -0.288 -0.284 -0.284
0.134379 0.940 -0.145 -0.266 -0.287 -0.283 -0.283
0.135557 0.945 -0.141 -0.263 -0.285 -0.281 -0.281
0.136736 0.948 -0.137 -0.261 -0.283 -0.280 -0.280
0.137915 0.952 -0.133 -0.259 -0.282 -0.278 -0.278
0.139094 0.956 -0.129 -0.256 -0.280 -0.277 -0.277
0.140272 0.960 -0.125 -0.254 -0.278 -0.275 -0.275
0.141451 0.964 -0.121 -0.251 -0.277 -0.274 -0.274
0.14263 0.967 -0.118 -0.249 -0.275 -0.273 -0.273
0.143809 0.972 -0.114 -0.247 -0.273 -0.271 -0.271
0.144987 0.975 -0.110 -0.244 -0.272 -0.270 -0.270
0.146166 0.978 -0.106 -0.242 -0.270 -0.269 -0.269
0.147345 0.983 -0.103 -0.240 -0.268 -0.267 -0.267
0.148524 0.986 -0.099 -0.237 -0.266 -0.266 -0.266
0.149703 0.990 -0.095 -0.236 -0.265 -0.265 -0.265
0.150881 0.994 -0.092 -0.233 -0.263 -0.263 -0.263
0.15206 0.997 -0.088 -0.231 -0.261 -0.262 -0.262
0.153239 1.000 -0.085 -0.228 -0.260 -0.261 -0.261
0.154418 1.004 -0.082 -0.226 -0.258 -0.259 -0.259
0.155596 1.008 -0.078 -0.224 -0.257 -0.258 -0.258
0.156775 1.011 -0.075 -0.221 -0.255 -0.257 -0.257
0.157954 1.014 -0.072 -0.220 -0.254 -0.255 -0.255
0.159133 1.017 -0.069 -0.217 -0.252 -0.254 -0.254
0.160311 1.021 -0.066 -0.215 -0.250 -0.253 -0.253
0.16149 1.024 -0.062 -0.212 -0.249 -0.252 -0.252
0.162669 1.027 -0.059 -0.211 -0.247 -0.250 -0.250
0.163848 1.030 -0.056 -0.209 -0.246 -0.249 -0.249
0.165026 1.034 -0.054 -0.206 -0.244 -0.248 -0.248
0.166205 1.037 -0.051 -0.205 -0.243 -0.246 -0.246
0.167384 1.040 -0.047 -0.202 -0.241 -0.245 -0.245
0.168563 1.044 -0.045 -0.200 -0.239 -0.244 -0.244
0.169741 1.047 -0.042 -0.197 -0.238 -0.243 -0.243
0.17092 1.050 -0.039 -0.196 -0.236 -0.241 -0.241
0.172099 1.052 -0.037 -0.193 -0.235 -0.240 -0.240
0.173278 1.055 -0.034 -0.191 -0.233 -0.239 -0.239
0.174456 1.059 -0.030 -0.189 -0.232 -0.238 -0.238
0.175635 1.062 -0.028 -0.187 -0.230 -0.237 -0.237
0.176814 1.065 -0.025 -0.185 -0.228 -0.235 -0.235
0.177993 1.067 -0.023 -0.183 -0.227 -0.234 -0.234
0.179172 1.071 -0.020 -0.181 -0.225 -0.233 -0.233
0.18035 1.074 -0.017 -0.179 -0.224 -0.232 -0.232
0.181529 1.077 -0.014 -0.177 -0.223 -0.230 -0.230
0.182708 1.080 -0.011 -0.174 -0.221 -0.229 -0.229
0.183887 1.083 -0.008 -0.173 -0.219 -0.228 -0.228
0.185065 1.086 -0.006 -0.170 -0.217 -0.227 -0.227
0.186244 1.089 -0.003 -0.169 -0.216 -0.225 -0.225
0.187423 1.092 0.000 -0.166 -0.214 -0.224 -0.224
0.188602 1.096 0.004 -0.164 -0.213 -0.223 -0.223
0.18978 1.098 0.007 -0.162 -0.211 -0.221 -0.221
0.190959 1.101 0.009 -0.160 -0.210 -0.220 -0.220
0.192138 1.104 0.012 -0.158 -0.208 -0.218 -0.218
0.193317 1.108 0.015 -0.156 -0.206 -0.217 -0.217
0.194495 1.110 0.019 -0.154 -0.204 -0.216 -0.216
0.195674 1.113 0.022 -0.152 -0.203 -0.214 -0.214
0.196853 1.116 0.024 -0.150 -0.201 -0.213 -0.213
0.198032 1.120 0.027 -0.148 -0.200 -0.211 -0.211
0.19921 1.122 0.030 -0.146 -0.198 -0.210 -0.210
0.200389 1.125 0.033 -0.144 -0.197 -0.208 -0.208
0.201568 1.128 0.037 -0.142 -0.195 -0.207 -0.207
0.202747 1.132 0.040 -0.139 -0.193 -0.205 -0.205
0.203925 1.135 0.042 -0.138 -0.191 -0.204 -0.204
0.205104 1.137 0.045 -0.135 -0.190 -0.203 -0.203
0.206283 1.140 0.048 -0.134 -0.188 -0.201 -0.201
0.207462 1.143 0.052 -0.131 -0.186 -0.199 -0.199
0.208641 1.147 0.055 -0.130 -0.185 -0.198 -0.198
0.209819 1.149 0.058 -0.127 -0.183 -0.196 -0.196
0.210998 1.152 0.061 -0.126 -0.181 -0.195 -0.195
0.212177 1.155 0.064 -0.123 -0.180 -0.194 -0.194
0.213356 1.158 0.068 -0.122 -0.178 -0.192 -0.192
0.214534 1.161 0.071 -0.119 -0.177 -0.190 -0.190
0.215713 1.164 0.074 -0.118 -0.175 -0.189 -0.189
0.216892 1.167 0.077 -0.115 -0.173 -0.187 -0.187
0.218071 1.170 0.080 -0.114 -0.171 -0.186 -0.186
0.219249 1.173 0.082 -0.111 -0.169 -0.184 -0.184
0.220428 1.176 0.086 -0.109 -0.168 -0.182 -0.182
0.221607 1.178 0.089 -0.108 -0.166 -0.181 -0.181
0.222786 1.181 0.092 -0.105 -0.165 -0.179 -0.179
0.223964 1.185 0.095 -0.104 -0.163 -0.178 -0.178
0.225143 1.187 0.098 -0.101 -0.162 -0.177 -0.177
0.226322 1.190 0.102 -0.100 -0.160 -0.175 -0.175
0.227501 1.192 0.104 -0.097 -0.158 -0.173 -0.173
0.228679 1.196 0.107 -0.096 -0.157 -0.171 -0.171
0.229858 1.199 0.110 -0.093 -0.155 -0.170 -0.170
0.231037 1.201 0.113 -0.092 -0.153 -0.169 -0.169
0.232216 1.204 0.117 -0.089 -0.152 -0.167 -0.167
0.233394 1.206 0.119 -0.088 -0.151 -0.166 -0.166
0.234573 1.210 0.122 -0.085 -0.149 -0.164 -0.164
0.235752 1.212 0.125 -0.084 -0.148 -0.163 -0.163
0.236931 1.215 0.128 -0.081 -0.146 -0.161 -0.161
0.23811 1.217 0.131 -0.079 -0.144 -0.159 -0.159
0.239288 1.221 0.134 -0.077 -0.143 -0.158 -0.158
0.240467 1.223 0.137 -0.075 -0.141 -0.157 -0.157
0.241646 1.226 0.140 -0.073 -0.140 -0.155 -0.155
0.242825 1.228 0.142 -0.071 -0.138 -0.154 -0.154
0.244003 1.231 0.145 -0.069 -0.137 -0.153 -0.153
0.245182 1.234 0.148 -0.067 -0.135 -0.151 -0.151
0.246361 1.237 0.152 -0.065 -0.134 -0.150 -0.150
0.24754 1.239 0.154 -0.063 -0.132 -0.148 -0.148
0.248718 1.242 0.157 -0.061 -0.131 -0.147 -0.147
0.249897 1.245 0.160 -0.059 -0.129 -0.145 -0.145
0.251076 1.247 0.162 -0.057 -0.128 -0.144 -0.144
0.252255 1.250 0.165 -0.055 -0.126 -0.143 -0.143
0.253433 1.252 0.168 -0.053 -0.125 -0.141 -0.141
0.254612 1.254 0.171 -0.051 -0.124 -0.140 -0.140
0.255791 1.258 0.174 -0.049 -0.122 -0.138 -0.138
0.25697 1.260 0.176 -0.047 -0.121 -0.137 -0.137
0.258148 1.262 0.179 -0.045 -0.119 -0.136 -0.136
0.259327 1.265 0.181 -0.043 -0.118 -0.134 -0.134
0.260506 1.267 0.185 -0.041 -0.116 -0.133 -0.133
0.261685 1.270 0.187 -0.039 -0.115 -0.132 -0.132
0.262863 1.272 0.189 -0.038 -0.113 -0.130 -0.130
0.264042 1.274 0.192 -0.035 -0.112 -0.129 -0.129
0.265221 1.277 0.194 -0.034 -0.111 -0.128 -0.128
0.2664 1.279 0.196 -0.032 -0.109 -0.126 -0.126
0.267579 1.281 0.200 -0.030 -0.108 -0.125 -0.125
0.268757 1.284 0.202 -0.028 -0.106 -0.124 -0.124
0.269936 1.286 0.204 -0.026 -0.105 -0.123 -0.123
0.271115 1.288 0.206 -0.025 -0.104 -0.121 -0.121
0.272294 1.290 0.208 -0.022 -0.102 -0.120 -0.120
0.273472 1.292 0.211 -0.021 -0.100 -0.119 -0.119
0.274651 1.294 0.213 -0.019 -0.099 -0.118 -0.118
0.27583 1.297 0.216 -0.018 -0.098 -0.117 -0.117
0.277009 1.299 0.218 -0.016 -0.096 -0.115 -0.115
0.278187 1.301 0.220 -0.014 -0.095 -0.114 -0.114
0.279366 1.303 0.222 -0.013 -0.093 -0.113 -0.113
0.280545 1.304 0.224 -0.011 -0.092 -0.112 -0.112
0.281724 1.306 0.225 -0.010 -0.091 -0.111 -0.111
0.282902 1.309 0.227 -0.008 -0.089 -0.109 -0.109
0.284081 1.311 0.229 -0.006 -0.088 -0.108 -0.108
0.28526 1.312 0.232 -0.005 -0.086 -0.107 -0.107
0.286439 1.314 0.234 -0.003 -0.085 -0.105 -0.105
0.287617 1.316 0.235 -0.002 -0.083 -0.104 -0.104
0.288796 1.318 0.237 -0.000 -0.082 -0.103 -0.103
0.289975 1.319 0.239 0.001 -0.080 -0.102 -0.102
0.291154 1.322 0.240 0.002 -0.079 -0.101 -0.101
0.292332 1.324 0.242 0.004 -0.078 -0.100 -0.100
0.293511 1.325 0.244 0.005 -0.076 -0.099 -0.099
0.29469 1.327 0.245 0.007 -0.075 -0.098 -0.098
0.295869 1.328 0.247 0.008 -0.073 -0.096 -0.096
0.297048 1.330 0.249 0.009 -0.072 -0.095 -0.095
0.298226 1.331 0.250 0.011 -0.071 -0.094 -0.094
0.299405 1.334 0.252 0.012 -0.069 -0.093 -0.093
0.300584 1.335 0.253 0.013 -0.068 -0.092 -0.092
0.301763 1.336 0.255 0.014 -0.067 -0.091 -0.091
0.302941 1.338 0.256 0.016 -0.065 -0.090 -0.090
0.30412 1.339 0.257 0.017 -0.064 -0.088 -0.088
0.305299 1.340 0.258 0.018 -0.063 -0.087 -0.087
0.306478 1.341 0.260 0.019 -0.062 -0.086 -0.086
0.307656 1.342 0.261 0.021 -0.060 -0.085 -0.085
0.308835 1.343 0.262 0.021 -0.060 -0.084 -0.084
0.310014 1.344 0.263 0.022 -0.058 -0.083 -0.083
0.311193 1.346 0.265 0.024 -0.057 -0.082 -0.082
0.312371 1.347 0.266 0.025 -0.056 -0.081 -0.081
0.31355 1.348 0.267 0.025 -0.055 -0.080 -0.080
0.314729 1.349 0.268 0.026 -0.054 -0.079 -0.079
0.315908 1.350 0.269 0.028 -0.053 -0.078 -0.078
0.317086 1.351 0.270 0.029 -0.052 -0.077 -0.077
0.318265 1.351 0.271 0.029 -0.051 -0.076 -0.076
0.319444 1.352 0.272 0.030 -0.051 -0.075 -0.075
0.320623 1.353 0.273 0.031 -0.050 -0.074 -0.074
0.321801 1.353 0.273 0.032 -0.049 -0.073 -0.073
0.32298 1.354 0.274 0.032 -0.048 -0.073 -0.073
0.324159 1.354 0.275 0.033 -0.047 -0.071 -0.071
0.325338 1.355 0.276 0.034 -0.047 -0.071 -0.071
0.326517 1.355 0.276 0.035 -0.046 -0.070 -0.070
0.327695 1.356 0.277 0.036 -0.045 -0.069 -0.069
0.328874 1.356 0.277 0.036 -0.045 -0.068 -0.068
0.330053 1.356 0.278 0.036 -0.044 -0.067 -0.067
0.331232 1.358 0.279 0.037 -0.043 -0.066 -0.066
0.33241 1.358 0.279 0.038 -0.043 -0.066 -0.066
0.333589 1.358 0.281 0.038 -0.042 -0.065 -0.065
0.334768 1.358 0.281 0.039 -0.041 -0.064 -0.064
0.335947 1.358 0.281 0.040 -0.041 -0.063 -0.063
0.337125 1.358 0.282 0.040 -0.041 -0.062 -0.062
0.338304 1.358 0.282 0.040 -0.040 -0.062 -0.062
0.339483 1.358 0.282 0.041 -0.040 -0.061 -0.061
0.340662 1.358 0.283 0.041 -0.040 -0.060 -0.060
0.34184 1.358 0.283 0.042 -0.039 -0.059 -0.059
0.343019 1.358 0.283 0.042 -0.039 -0.058 -0.058
0.344198 1.358 0.283 0.043 -0.038 -0.058 -0.058
0.345377 1.358 0.284 0.043 -0.038 -0.057 -0.057
0.346555 1.358 0.284 0.044 -0.038 -0.057 -0.057
0.347734 1.358 0.284 0.044 -0.038 -0.055 -0.055
0.348913 1.358 0.284 0.044 -0.037 -0.055 -0.055
0.350092 1.358 0.284 0.044 -0.037 -0.054 -0.054
0.35127 1.358 0.284 0.044 -0.036 -0.054 -0.054
0.352449 1.358 0.284 0.045 -0.036 -0.053 -0.053
0.353628 1.358 0.284 0.045 -0.036 -0.052 -0.052
0.354807 1.358 0.284 0.046 -0.036 -0.051 -0.051
0.355986 1.358 0.284 0.046 -0.035 -0.051 -0.051
0.357164 1.358 0.284 0.046 -0.035 -0.050 -0.050
0.358343 1.358 0.284 0.047 -0.034 -0.049 -0.049
0.359522 1.358 0.284 0.047 -0.034 -0.049 -0.049
0.360701 1.358 0.284 0.047 -0.034 -0.048 -0.048
0.361879 1.356 0.284 0.048 -0.034 -0.047 -0.047
0.363058 1.356 0.284 0.048 -0.034 -0.046 -0.046
0.364237 1.356 0.284 0.048 -0.034 -0.046 -0.046
0.365416 1.356 0.284 0.048 -0.033 -0.045 -0.045
0.366594 1.356 0.283 0.048 -0.033 -0.044 -0.044
0.367773 1.356 0.283 0.048 -0.033 -0.044 -0.044
0.368952 1.356 0.283 0.048 -0.032 -0.043 -0.043
0.370131 1.356 0.283 0.049 -0.032 -0.042 -0.042
0.371309 1.356 0.282 0.049 -0.032 -0.041 -0.041
0.372488 1.356 0.282 0.049 -0.032 -0.041 -0.041
0.373667 1.356 0.282 0.049 -0.032 -0.040 -0.040
0.374846 1.356 0.281 0.049 -0.032 -0.039 -0.039
0.376024 1.356 0.281 0.050 -0.032 -0.038 -0.038
0.377203 1.356 0.279 0.050 -0.032 -0.038 -0.038
0.378382 1.356 0.279 0.050 -0.032 -0.037 -0.037
0.379561 1.356 0.278 0.050 -0.031 -0.036 -0.036
0.380739 1.356 0.278 0.050 -0.031 -0.036 -0.036
0.381918 1.355 0.278 0.050 -0.031 -0.034 -0.034
0.383097 1.355 0.277 0.050 -0.031 -0.034 -0.034
0.384276 1.355 0.277 0.050 -0.031 -0.033 -0.033
0.385455 1.355 0.276 0.050 -0.031 -0.032 -0.032
0.386633 1.355 0.276 0.050 -0.030 -0.032 -0.032
0.387812 1.355 0.275 0.050 -0.030 -0.031 -0.031
0.388991 1.355 0.275 0.050 -0.030 -0.030 -0.030
0.39017 1.355 0.274 0.050 -0.030 -0.029 -0.029
0.391348 1.354 0.274 0.050 -0.030 -0.029 -0.029
0.392527 1.354 0.273 0.050 -0.030 -0.028 -0.028
0.393706 1.354 0.273 0.050 -0.030 -0.027 -0.027
0.394885 1.354 0.272 0.049 -0.030 -0.026 -0.026
0.396063 1.354 0.272 0.049 -0.030 -0.025 -0.025
0.397242 1.353 0.271 0.049 -0.030 -0.024 -0.024
0.398421 1.353 0.271 0.049 -0.029 -0.024 -0.024
0.3996 1.353 0.270 0.048 -0.029 -0.023 -0.023
0.400778 1.353 0.270 0.048 -0.029 -0.022 -0.022
0.401957 1.352 0.269 0.048 -0.029 -0.021 -0.021
0.403136 1.352 0.269 0.048 -0.029 -0.020 -0.020
0.404315 1.352 0.268 0.048 -0.029 -0.019 -0.019
0.405493 1.352 0.268 0.047 -0.029 -0.018 -0.018
0.406672 1.351 0.267 0.047 -0.029 -0.017 -0.017
0.407851 1.351 0.267 0.046 -0.028 -0.016 -0.016
0.40903 1.351 0.266 0.046 -0.028 -0.015 -0.015
0.410208 1.350 0.266 0.045 -0.028 -0.014 -0.014
0.411387 1.350 0.265 0.045 -0.027 -0.013 -0.013
0.412566 1.349 0.265 0.044 -0.027 -0.012 -0.012
0.413745 1.349 0.263 0.044 -0.027 -0.011 -0.011
0.414924 1.349 0.263 0.044 -0.027 -0.009 -0.009
0.416102 1.348 0.262 0.043 -0.027 -0.009 -0.009
0.417281 1.348 0.262 0.042 -0.027 -0.008 -0.008
0.41846 1.347 0.261 0.042 -0.027 -0.007 -0.007
0.419639 1.347 0.261 0.041 -0.026 -0.005 -0.005
0.420817 1.346 0.260 0.040 -0.026 -0.004 -0.004
0.421996 1.346 0.260 0.040 -0.026 -0.003 -0.003
0.423175 1.346 0.259 0.040 -0.025 -0.002 -0.002
0.424354 1.344 0.259 0.039 -0.025 -0.001 -0.001
0.425532 1.344 0.258 0.038 -0.025 0.000 0.000
0.426711 1.343 0.258 0.038 -0.025 0.001 0.001
0.42789 1.343 0.258 0.037 -0.025 0.003 0.003
0.429069 1.343 0.257 0.036 -0.025 0.004 0.004
0.430247 1.343 0.257 0.036 -0.024 0.005 0.005
0.431426 1.343 0.257 0.036 -0.024 0.007 0.007
0.432605 1.343 0.257 0.036 -0.024 0.008 0.008
0.433784 1.343 0.257 0.036 -0.023 0.010 0.010
0.434962 1.343 0.257 0.036 -0.023 0.012 0.012
0.436141 1.343 0.257 0.036 -0.023 0.013 0.013
0.43732 1.343 0.257 0.036 -0.023 0.014 0.014
0.438499 1.343 0.257 0.036 -0.023 0.016 0.016
0.439677 1.343 0.258 0.037 -0.023 0.018 0.018
0.440856 1.344 0.258 0.037 -0.023 0.020 0.020
0.442035 1.344 0.258 0.038 -0.022 0.022 0.022
0.443214 1.344 0.259 0.038 -0.022 0.024 0.024
0.444393 1.346 0.259 0.039 -0.022 0.026 0.026
0.445571 1.346 0.260 0.040 -0.021 0.028 0.028
0.44675 1.347 0.260 0.040 -0.021 0.030 0.030
0.447929 1.347 0.261 0.041 -0.021 0.032 0.032
0.449108 1.348 0.261 0.042 -0.021 0.034 0.034
0.450286 1.349 0.262 0.043 -0.021 0.036 0.036
0.451465 1.350 0.263 0.044 -0.021 0.039 0.039
0.452644 1.350 0.265 0.045 -0.020 0.041 0.041
0.453823 1.351 0.265 0.046 -0.020 0.043 0.043
0.455001 1.352 0.266 0.048 -0.020 0.046 0.046
0.45618 1.353 0.267 0.049 -0.020 0.049 0.049
0.457359 1.354 0.268 0.050 -0.019 0.051 0.051
0.458538 1.355 0.269 0.052 -0.019 0.054 0.054
0.459716 1.356 0.270 0.053 -0.019 0.056 0.056
0.460895 1.358 0.272 0.055 -0.019 0.059 0.059
0.462074 1.360 0.273 0.057 -0.019 0.062 0.062
0.463253 1.361 0.274 0.059 -0.019 0.065 0.065
0.464431 1.362 0.275 0.060 -0.019 0.068 0.068
0.46561 1.364 0.277 0.062 -0.018 0.071 0.071
0.466789 1.365 0.278 0.064 -0.018 0.074 0.074
0.467968 1.366 0.281 0.066 -0.017 0.078 0.078
0.469146 1.368 0.282 0.068 -0.016 0.080 0.080
0.470325 1.371 0.284 0.070 -0.016 0.083 0.083
0.471504 1.372 0.285 0.072 -0.015 0.086 0.086
0.472683 1.374 0.287 0.075 -0.014 0.089 0.089
0.473862 1.376 0.289 0.077 -0.012 0.091 0.091
0.47504 1.378 0.290 0.079 -0.012 0.093 0.093
0.476219 1.380 0.292 0.082 -0.010 0.096 0.096
0.477398 1.382 0.294 0.084 -0.008 0.097 0.097
0.478577 1.385 0.296 0.087 -0.007 0.098 0.098
0.479755 1.387 0.299 0.089 -0.005 0.099 0.099
0.480934 1.389 0.301 0.091 -0.003 0.099 0.099
0.482113 1.391 0.303 0.095 -0.001 0.099 0.099
0.483292 1.394 0.305 0.097 0.002 0.099 0.099
0.48447 1.397 0.307 0.100 0.004 0.098 0.098
0.485649 1.399 0.309 0.102 0.006 0.096 0.096
0.486828 1.402 0.312 0.106 0.010 0.095 0.095
0.488007 1.404 0.315 0.108 0.012 0.093 0.093
0.489185 1.407 0.317 0.111 0.015 0.091 0.091
0.490364 1.411 0.320 0.114 0.018 0.089 0.089
0.491543 1.413 0.322 0.117 0.021 0.086 0.086
0.492722 1.416 0.325 0.120 0.024 0.083 0.083
0.4939 1.419 0.327 0.123 0.028 0.080 0.080
0.495079 1.423 0.331 0.126 0.032 0.076 0.076
0.496258 1.426 0.333 0.129 0.035 0.072 0.072
0.497437 1.429 0.336 0.132 0.039 0.068 0.068
0.498615 1.432 0.339 0.136 0.043 0.063 0.063
0.499794 1.436 0.342 0.139 0.048 0.058 0.058
0.500973 1.440 0.344 0.142 0.052 0.052 0.052
0.502152 1.443 0.348 0.146 0.056 0.046 0.046
0.503331 1.448 0.351 0.150 0.061 0.040 0.040
0.504509 1.451 0.354 0.154 0.066 0.033 0.033
0.505688 1.454 0.357 0.157 0.070 0.026 0.026
0.506867 1.457 0.359 0.161 0.075 0.018 0.018
0.508046 1.461 0.361 0.164 0.079 0.011 0.011
0.509224 1.463 0.362 0.167 0.083 0.003 0.003
0.510403 1.464 0.364 0.168 0.086 -0.005 -0.005
0.511582 1.464 0.364 0.170 0.088 -0.013 -0.013
0.512761 1.463 0.361 0.171 0.090 -0.022 -0.022
0.513939 1.462 0.359 0.171 0.091 -0.030 -0.030
0.515118 1.459 0.356 0.169 0.091 -0.040 -0.040
0.516297 1.454 0.351 0.168 0.090 -0.048 -0.048
0.517476 1.448 0.345 0.165 0.088 -0.057 -0.057
0.518654 1.441 0.338 0.161 0.087 -0.066 -0.066
0.519833 1.434 0.329 0.157 0.083 -0.075 -0.075
0.521012 1.425 0.321 0.151 0.079 -0.084 -0.084
0.522191 1.415 0.311 0.145 0.075 -0.094 -0.094
0.523369 1.404 0.300 0.138 0.070 -0.103 -0.103
0.524548 1.393 0.288 0.131 0.065 -0.112 -0.112
0.525727 1.381 0.276 0.122 0.058 -0.120 -0.120
0.526906 1.367 0.262 0.114 0.052 -0.129 -0.129
0.528084 1.354 0.249 0.105 0.044 -0.138 -0.138
0.529263 1.339 0.234 0.095 0.036 -0.148 -0.148
0.530442 1.323 0.218 0.083 0.027 -0.156 -0.156
0.531621 1.306 0.202 0.071 0.018 -0.165 -0.165
0.5328 1.288 0.184 0.059 0.008 -0.174 -0.174
0.533978 1.268 0.164 0.045 -0.003 -0.183 -0.183
0.535157 1.248 0.144 0.031 -0.016 -0.192 -0.192
0.536336 1.226 0.123 0.016 -0.028 -0.200 -0.200
0.537515 1.203 0.099 -0.001 -0.042 -0.209 -0.209
0.538693 1.178 0.075 -0.018 -0.056 -0.219 -0.219
0.539872 1.152 0.049 -0.037 -0.072 -0.227 -0.227
0.541051 1.125 0.024 -0.056 -0.088 -0.236 -0.236
0.54223 1.098 -0.004 -0.076 -0.105 -0.245 -0.245
0.543408 1.069 -0.032 -0.097 -0.123 -0.254 -0.254
0.544587 1.039 -0.060 -0.118 -0.140 -0.263 -0.263
0.545766 1.010 -0.090 -0.139 -0.159 -0.272 -0.272
0.546945 0.979 -0.119 -0.162 -0.177 -0.281 -0.281
0.548123 0.950 -0.149 -0.184 -0.196 -0.290 -0.290
0.549302 0.920 -0.177 -0.206 -0.215 -0.299 -0.299
0.550481 0.889 -0.206 -0.229 -0.233 -0.308 -0.308
0.55166 0.860 -0.236 -0.251 -0.252 -0.317 -0.317
0.552838 0.831 -0.264 -0.274 -0.270 -0.326 -0.326
0.554017 0.801 -0.291 -0.296 -0.288 -0.334 -0.334
0.555196 0.773 -0.319 -0.317 -0.306 -0.343 -0.343
0.556375 0.745 -0.346 -0.339 -0.323 -0.352 -0.352
0.557553 0.719 -0.371 -0.360 -0.340 -0.360 -0.360
0.558732 0.693 -0.397 -0.380 -0.356 -0.368 -0.368
0.559911 0.668 -0.420 -0.399 -0.371 -0.375 -0.375
0.56109 0.644 -0.444 -0.417 -0.386 -0.383 -0.383
0.562269 0.621 -0.465 -0.434 -0.400 -0.390 -0.390
0.563447 0.600 -0.485 -0.450 -0.413 -0.397 -0.397
0.564626 0.580 -0.504 -0.466 -0.426 -0.403 -0.403
0.565805 0.561 -0.522 -0.481 -0.438 -0.409 -0.409
0.566984 0.543 -0.541 -0.494 -0.449 -0.415 -0.415
0.568162 0.526 -0.557 -0.508 -0.460 -0.421 -0.421
0.569341 0.510 -0.572 -0.520 -0.469 -0.426 -0.426
0.57052 0.495 -0.586 -0.531 -0.479 -0.431 -0.431
0.571699 0.481 -0.600 -0.542 -0.488 -0.436 -0.436
0.572877 0.468 -0.613 -0.552 -0.497 -0.440 -0.440
0.574056 0.456 -0.625 -0.562 -0.504 -0.444 -0.444
0.575235 0.444 -0.636 -0.571 -0.512 -0.448 -0.448
0.576414 0.433 -0.647 -0.580 -0.519 -0.451 -0.451
0.577592 0.423 -0.657 -0.588 -0.525 -0.454 -0.454
0.578771 0.414 -0.665 -0.595 -0.531 -0.457 -0.457
0.57995 0.406 -0.674 -0.601 -0.536 -0.460 -0.460
0.581129 0.399 -0.680 -0.607 -0.541 -0.462 -0.462
0.582307 0.393 -0.686 -0.612 -0.544 -0.464 -0.464
0.583486 0.387 -0.691 -0.616 -0.548 -0.466 -0.466
0.584665 0.384 -0.695 -0.620 -0.551 -0.467 -0.467
0.585844 0.381 -0.698 -0.622 -0.553 -0.468 -0.468
0.587022 0.379 -0.700 -0.624 -0.555 -0.469 -0.469
0.588201 0.378 -0.701 -0.625 -0.555 -0.469 -0.469
