# IsPeriodic    : True
# Period        : 0.512092 days
# Normalization : <g_mag>=0
# 
# Phase u_mag  g_mag  r_mag  i_mag  z_mag  y_mag
 0.000  0.775 -0.285 -0.288 -0.275 -0.238 -0.238
 0.002  0.775 -0.285 -0.288 -0.275 -0.238 -0.238
 0.004  0.775 -0.285 -0.288 -0.275 -0.237 -0.237
 0.006  0.776 -0.284 -0.288 -0.274 -0.237 -0.237
 0.008  0.776 -0.283 -0.288 -0.274 -0.236 -0.236
 0.010  0.777 -0.283 -0.287 -0.274 -0.235 -0.235
 0.012  0.778 -0.281 -0.287 -0.273 -0.235 -0.235
 0.014  0.778 -0.280 -0.287 -0.273 -0.234 -0.234
 0.016  0.779 -0.278 -0.286 -0.272 -0.233 -0.233
 0.018  0.781 -0.277 -0.286 -0.272 -0.232 -0.232
 0.020  0.782 -0.275 -0.286 -0.271 -0.231 -0.231
 0.022  0.783 -0.274 -0.285 -0.271 -0.230 -0.230
 0.024  0.784 -0.272 -0.285 -0.270 -0.228 -0.228
 0.026  0.785 -0.270 -0.284 -0.269 -0.227 -0.227
 0.028  0.786 -0.268 -0.283 -0.269 -0.226 -0.226
 0.030  0.788 -0.266 -0.283 -0.268 -0.225 -0.225
 0.032  0.789 -0.264 -0.282 -0.268 -0.224 -0.224
 0.034  0.790 -0.262 -0.281 -0.267 -0.223 -0.223
 0.036  0.792 -0.260 -0.281 -0.266 -0.222 -0.222
 0.038  0.793 -0.258 -0.280 -0.266 -0.222 -0.222
 0.040  0.795 -0.256 -0.279 -0.265 -0.221 -0.221
 0.042  0.796 -0.254 -0.278 -0.265 -0.220 -0.220
 0.044  0.798 -0.252 -0.277 -0.264 -0.219 -0.219
 0.046  0.799 -0.250 -0.276 -0.263 -0.218 -0.218
 0.048  0.801 -0.248 -0.275 -0.263 -0.217 -0.217
 0.050  0.802 -0.246 -0.274 -0.262 -0.216 -0.216
 0.052  0.804 -0.244 -0.273 -0.261 -0.215 -0.215
 0.054  0.805 -0.242 -0.272 -0.261 -0.214 -0.214
 0.056  0.807 -0.240 -0.271 -0.260 -0.213 -0.213
 0.058  0.809 -0.237 -0.269 -0.260 -0.212 -0.212
 0.060  0.810 -0.235 -0.268 -0.259 -0.212 -0.212
 0.062  0.812 -0.233 -0.267 -0.258 -0.211 -0.211
 0.064  0.814 -0.230 -0.265 -0.258 -0.210 -0.210
 0.066  0.816 -0.228 -0.264 -0.257 -0.209 -0.209
 0.068  0.818 -0.226 -0.262 -0.256 -0.208 -0.208
 0.070  0.819 -0.223 -0.261 -0.256 -0.207 -0.207
 0.072  0.821 -0.221 -0.259 -0.255 -0.206 -0.206
 0.074  0.823 -0.219 -0.258 -0.254 -0.205 -0.205
 0.076  0.825 -0.216 -0.256 -0.254 -0.205 -0.205
 0.078  0.827 -0.214 -0.255 -0.253 -0.204 -0.204
 0.080  0.829 -0.211 -0.253 -0.252 -0.203 -0.203
 0.082  0.831 -0.209 -0.252 -0.252 -0.202 -0.202
 0.084  0.833 -0.206 -0.250 -0.251 -0.202 -0.202
 0.086  0.835 -0.203 -0.249 -0.250 -0.201 -0.201
 0.088  0.837 -0.201 -0.247 -0.250 -0.200 -0.200
 0.090  0.839 -0.198 -0.246 -0.249 -0.199 -0.199
 0.092  0.841 -0.196 -0.244 -0.248 -0.198 -0.198
 0.094  0.843 -0.193 -0.243 -0.248 -0.198 -0.198
 0.096  0.845 -0.191 -0.242 -0.247 -0.197 -0.197
 0.098  0.847 -0.188 -0.240 -0.246 -0.196 -0.196
 0.100  0.849 -0.185 -0.239 -0.246 -0.195 -0.195
 0.102  0.851 -0.183 -0.238 -0.245 -0.195 -0.195
 0.104  0.853 -0.181 -0.237 -0.244 -0.194 -0.194
 0.106  0.855 -0.178 -0.235 -0.243 -0.193 -0.193
 0.108  0.857 -0.176 -0.234 -0.243 -0.192 -0.192
 0.110  0.859 -0.173 -0.233 -0.242 -0.192 -0.192
 0.112  0.861 -0.171 -0.232 -0.241 -0.191 -0.191
 0.114  0.863 -0.169 -0.231 -0.240 -0.190 -0.190
 0.116  0.864 -0.167 -0.230 -0.240 -0.190 -0.190
 0.118  0.866 -0.164 -0.228 -0.239 -0.189 -0.189
 0.120  0.868 -0.162 -0.227 -0.238 -0.188 -0.188
 0.122  0.870 -0.160 -0.226 -0.237 -0.188 -0.188
 0.124  0.871 -0.158 -0.226 -0.236 -0.187 -0.187
 0.126  0.873 -0.155 -0.225 -0.235 -0.186 -0.186
 0.128  0.875 -0.153 -0.224 -0.234 -0.186 -0.186
 0.130  0.876 -0.151 -0.223 -0.234 -0.185 -0.185
 0.132  0.878 -0.149 -0.222 -0.233 -0.184 -0.184
 0.134  0.880 -0.147 -0.221 -0.232 -0.184 -0.184
 0.136  0.882 -0.145 -0.220 -0.231 -0.183 -0.183
 0.138  0.883 -0.143 -0.219 -0.230 -0.183 -0.183
 0.140  0.885 -0.141 -0.218 -0.229 -0.182 -0.182
 0.142  0.886 -0.139 -0.217 -0.228 -0.181 -0.181
 0.144  0.888 -0.137 -0.217 -0.227 -0.181 -0.181
 0.146  0.890 -0.135 -0.216 -0.226 -0.180 -0.180
 0.148  0.891 -0.134 -0.215 -0.225 -0.180 -0.180
 0.150  0.893 -0.132 -0.215 -0.224 -0.179 -0.179
 0.152  0.894 -0.130 -0.214 -0.223 -0.179 -0.179
 0.154  0.895 -0.128 -0.213 -0.222 -0.178 -0.178
 0.156  0.897 -0.126 -0.212 -0.221 -0.177 -0.177
 0.158  0.898 -0.125 -0.211 -0.220 -0.177 -0.177
 0.160  0.900 -0.123 -0.210 -0.219 -0.176 -0.176
 0.162  0.901 -0.121 -0.209 -0.218 -0.176 -0.176
 0.164  0.903 -0.120 -0.209 -0.217 -0.175 -0.175
 0.166  0.904 -0.118 -0.208 -0.216 -0.175 -0.175
 0.168  0.906 -0.116 -0.207 -0.215 -0.174 -0.174
 0.170  0.907 -0.114 -0.206 -0.214 -0.174 -0.174
 0.172  0.909 -0.113 -0.205 -0.213 -0.173 -0.173
 0.174  0.910 -0.111 -0.204 -0.212 -0.172 -0.172
 0.176  0.912 -0.109 -0.203 -0.211 -0.172 -0.172
 0.178  0.913 -0.107 -0.202 -0.210 -0.171 -0.171
 0.180  0.915 -0.105 -0.201 -0.209 -0.171 -0.171
 0.182  0.916 -0.104 -0.200 -0.208 -0.170 -0.170
 0.184  0.918 -0.102 -0.199 -0.207 -0.170 -0.170
 0.186  0.919 -0.100 -0.198 -0.206 -0.169 -0.169
 0.188  0.921 -0.098 -0.197 -0.206 -0.168 -0.168
 0.190  0.922 -0.096 -0.196 -0.205 -0.168 -0.168
 0.192  0.924 -0.095 -0.195 -0.204 -0.167 -0.167
 0.194  0.925 -0.093 -0.194 -0.203 -0.167 -0.167
 0.196  0.927 -0.091 -0.193 -0.202 -0.166 -0.166
 0.198  0.929 -0.089 -0.192 -0.202 -0.166 -0.166
 0.200  0.930 -0.087 -0.190 -0.201 -0.165 -0.165
 0.202  0.932 -0.085 -0.189 -0.200 -0.165 -0.165
 0.204  0.934 -0.083 -0.188 -0.199 -0.164 -0.164
 0.206  0.935 -0.081 -0.187 -0.199 -0.163 -0.163
 0.208  0.937 -0.079 -0.186 -0.198 -0.163 -0.163
 0.210  0.938 -0.077 -0.185 -0.197 -0.162 -0.162
 0.212  0.940 -0.075 -0.183 -0.196 -0.162 -0.162
 0.214  0.942 -0.073 -0.182 -0.196 -0.161 -0.161
 0.216  0.943 -0.071 -0.181 -0.195 -0.161 -0.161
 0.218  0.945 -0.069 -0.180 -0.194 -0.160 -0.160
 0.220  0.947 -0.067 -0.178 -0.194 -0.159 -0.159
 0.222  0.949 -0.065 -0.177 -0.193 -0.159 -0.159
 0.224  0.950 -0.063 -0.176 -0.192 -0.158 -0.158
 0.226  0.952 -0.061 -0.175 -0.192 -0.158 -0.158
 0.228  0.954 -0.058 -0.173 -0.191 -0.157 -0.157
 0.230  0.956 -0.057 -0.172 -0.190 -0.157 -0.157
 0.232  0.957 -0.054 -0.171 -0.190 -0.156 -0.156
 0.234  0.959 -0.052 -0.170 -0.189 -0.155 -0.155
 0.236  0.961 -0.050 -0.168 -0.189 -0.155 -0.155
 0.238  0.962 -0.048 -0.167 -0.188 -0.154 -0.154
 0.240  0.964 -0.046 -0.166 -0.187 -0.154 -0.154
 0.242  0.966 -0.044 -0.164 -0.187 -0.153 -0.153
 0.244  0.967 -0.042 -0.163 -0.186 -0.152 -0.152
 0.246  0.969 -0.040 -0.162 -0.185 -0.152 -0.152
 0.248  0.971 -0.038 -0.161 -0.185 -0.151 -0.151
 0.250  0.972 -0.036 -0.159 -0.184 -0.151 -0.151
 0.252  0.974 -0.034 -0.158 -0.183 -0.150 -0.150
 0.254  0.975 -0.032 -0.157 -0.183 -0.150 -0.150
 0.256  0.977 -0.030 -0.155 -0.182 -0.149 -0.149
 0.258  0.978 -0.028 -0.154 -0.181 -0.149 -0.149
 0.260  0.980 -0.026 -0.153 -0.180 -0.148 -0.148
 0.262  0.981 -0.024 -0.152 -0.180 -0.148 -0.148
 0.264  0.983 -0.023 -0.150 -0.179 -0.147 -0.147
 0.266  0.984 -0.021 -0.149 -0.178 -0.147 -0.147
 0.268  0.986 -0.019 -0.148 -0.177 -0.146 -0.146
 0.270  0.987 -0.017 -0.146 -0.177 -0.146 -0.146
 0.272  0.988 -0.015 -0.145 -0.176 -0.145 -0.145
 0.274  0.990 -0.014 -0.144 -0.175 -0.145 -0.145
 0.276  0.991 -0.012 -0.143 -0.174 -0.144 -0.144
 0.278  0.992 -0.011 -0.141 -0.173 -0.144 -0.144
 0.280  0.994 -0.009 -0.140 -0.172 -0.143 -0.143
 0.282  0.995 -0.007 -0.139 -0.172 -0.143 -0.143
 0.284  0.997 -0.005 -0.137 -0.171 -0.142 -0.142
 0.286  0.998 -0.004 -0.136 -0.170 -0.142 -0.142
 0.288  0.999 -0.002 -0.135 -0.169 -0.141 -0.141
 0.290  1.001 -0.001 -0.134 -0.168 -0.141 -0.141
 0.292  1.002  0.001 -0.132 -0.167 -0.141 -0.141
 0.294  1.003  0.002 -0.131 -0.166 -0.140 -0.140
 0.296  1.004  0.004 -0.130 -0.165 -0.140 -0.140
 0.298  1.005  0.005 -0.129 -0.164 -0.139 -0.139
 0.300  1.006  0.007 -0.127 -0.163 -0.139 -0.139
 0.302  1.007  0.008 -0.126 -0.162 -0.138 -0.138
 0.304  1.009  0.010 -0.125 -0.161 -0.138 -0.138
 0.306  1.010  0.011 -0.124 -0.160 -0.138 -0.138
 0.308  1.011  0.012 -0.123 -0.160 -0.137 -0.137
 0.310  1.012  0.014 -0.121 -0.159 -0.137 -0.137
 0.312  1.013  0.015 -0.120 -0.158 -0.136 -0.136
 0.314  1.014  0.017 -0.119 -0.157 -0.136 -0.136
 0.316  1.016  0.018 -0.118 -0.156 -0.135 -0.135
 0.318  1.017  0.019 -0.117 -0.155 -0.135 -0.135
 0.320  1.018  0.021 -0.116 -0.154 -0.134 -0.134
 0.322  1.019  0.023 -0.115 -0.153 -0.134 -0.134
 0.324  1.020  0.024 -0.113 -0.152 -0.134 -0.134
 0.326  1.021  0.025 -0.112 -0.151 -0.133 -0.133
 0.328  1.022  0.027 -0.111 -0.150 -0.132 -0.132
 0.330  1.024  0.028 -0.110 -0.149 -0.132 -0.132
 0.332  1.025  0.030 -0.109 -0.148 -0.132 -0.132
 0.334  1.026  0.031 -0.108 -0.147 -0.131 -0.131
 0.336  1.027  0.032 -0.107 -0.146 -0.131 -0.131
 0.338  1.028  0.034 -0.106 -0.145 -0.130 -0.130
 0.340  1.029  0.035 -0.105 -0.145 -0.130 -0.130
 0.342  1.030  0.037 -0.104 -0.144 -0.129 -0.129
 0.344  1.031  0.038 -0.103 -0.143 -0.129 -0.129
 0.346  1.033  0.040 -0.102 -0.142 -0.128 -0.128
 0.348  1.034  0.041 -0.101 -0.141 -0.128 -0.128
 0.350  1.035  0.043 -0.100 -0.140 -0.127 -0.127
 0.352  1.036  0.044 -0.099 -0.139 -0.127 -0.127
 0.354  1.037  0.045 -0.098 -0.138 -0.126 -0.126
 0.356  1.038  0.047 -0.097 -0.137 -0.126 -0.126
 0.358  1.039  0.049 -0.096 -0.137 -0.125 -0.125
 0.360  1.040  0.050 -0.095 -0.136 -0.125 -0.125
 0.362  1.042  0.052 -0.094 -0.135 -0.124 -0.124
 0.364  1.043  0.053 -0.093 -0.134 -0.124 -0.124
 0.366  1.044  0.054 -0.092 -0.133 -0.123 -0.123
 0.368  1.045  0.056 -0.091 -0.132 -0.123 -0.123
 0.370  1.046  0.057 -0.090 -0.131 -0.122 -0.122
 0.372  1.047  0.059 -0.089 -0.131 -0.122 -0.122
 0.374  1.048  0.060 -0.089 -0.130 -0.121 -0.121
 0.376  1.050  0.062 -0.088 -0.129 -0.121 -0.121
 0.378  1.051  0.063 -0.087 -0.128 -0.120 -0.120
 0.380  1.052  0.065 -0.086 -0.127 -0.120 -0.120
 0.382  1.053  0.066 -0.085 -0.126 -0.119 -0.119
 0.384  1.054  0.068 -0.084 -0.126 -0.119 -0.119
 0.386  1.055  0.069 -0.083 -0.125 -0.118 -0.118
 0.388  1.057  0.070 -0.082 -0.124 -0.118 -0.118
 0.390  1.058  0.072 -0.081 -0.123 -0.117 -0.117
 0.392  1.059  0.073 -0.080 -0.122 -0.117 -0.117
 0.394  1.059  0.074 -0.079 -0.122 -0.116 -0.116
 0.396  1.061  0.076 -0.078 -0.121 -0.116 -0.116
 0.398  1.062  0.077 -0.077 -0.120 -0.115 -0.115
 0.400  1.063  0.078 -0.076 -0.119 -0.115 -0.115
 0.402  1.064  0.079 -0.075 -0.119 -0.114 -0.114
 0.404  1.065  0.081 -0.074 -0.118 -0.114 -0.114
 0.406  1.066  0.082 -0.073 -0.117 -0.113 -0.113
 0.408  1.067  0.083 -0.072 -0.116 -0.113 -0.113
 0.410  1.068  0.084 -0.071 -0.116 -0.112 -0.112
 0.412  1.069  0.086 -0.070 -0.115 -0.112 -0.112
 0.414  1.070  0.087 -0.069 -0.114 -0.111 -0.111
 0.416  1.071  0.088 -0.068 -0.113 -0.111 -0.111
 0.418  1.072  0.089 -0.067 -0.112 -0.110 -0.110
 0.420  1.073  0.090 -0.065 -0.112 -0.109 -0.109
 0.422  1.074  0.091 -0.064 -0.111 -0.109 -0.109
 0.424  1.075  0.092 -0.063 -0.110 -0.108 -0.108
 0.426  1.076  0.093 -0.062 -0.110 -0.108 -0.108
 0.428  1.077  0.094 -0.061 -0.109 -0.107 -0.107
 0.430  1.078  0.095 -0.060 -0.108 -0.107 -0.107
 0.432  1.079  0.096 -0.059 -0.107 -0.106 -0.106
 0.434  1.080  0.097 -0.058 -0.107 -0.106 -0.106
 0.436  1.081  0.098 -0.057 -0.106 -0.105 -0.105
 0.438  1.082  0.099 -0.056 -0.105 -0.104 -0.104
 0.440  1.083  0.100 -0.055 -0.104 -0.104 -0.104
 0.442  1.084  0.100 -0.054 -0.104 -0.103 -0.103
 0.444  1.085  0.101 -0.053 -0.103 -0.103 -0.103
 0.446  1.086  0.102 -0.052 -0.102 -0.102 -0.102
 0.448  1.087  0.103 -0.051 -0.102 -0.102 -0.102
 0.450  1.087  0.104 -0.051 -0.101 -0.101 -0.101
 0.452  1.088  0.104 -0.050 -0.100 -0.101 -0.101
 0.454  1.089  0.105 -0.049 -0.100 -0.100 -0.100
 0.456  1.090  0.106 -0.048 -0.099 -0.100 -0.100
 0.458  1.091  0.107 -0.047 -0.098 -0.099 -0.099
 0.460  1.092  0.108 -0.046 -0.098 -0.099 -0.099
 0.462  1.092  0.108 -0.045 -0.097 -0.098 -0.098
 0.464  1.093  0.109 -0.045 -0.096 -0.098 -0.098
 0.466  1.094  0.110 -0.044 -0.095 -0.097 -0.097
 0.468  1.095  0.111 -0.043 -0.095 -0.097 -0.097
 0.470  1.095  0.112 -0.043 -0.094 -0.096 -0.096
 0.472  1.096  0.112 -0.042 -0.093 -0.096 -0.096
 0.474  1.097  0.113 -0.041 -0.093 -0.095 -0.095
 0.476  1.098  0.114 -0.041 -0.092 -0.095 -0.095
 0.478  1.098  0.115 -0.040 -0.091 -0.094 -0.094
 0.480  1.099  0.115 -0.039 -0.091 -0.094 -0.094
 0.482  1.099  0.116 -0.039 -0.090 -0.094 -0.094
 0.484  1.100  0.117 -0.038 -0.089 -0.093 -0.093
 0.486  1.101  0.118 -0.038 -0.089 -0.093 -0.093
 0.488  1.101  0.118 -0.037 -0.088 -0.092 -0.092
 0.490  1.102  0.119 -0.037 -0.087 -0.092 -0.092
 0.492  1.102  0.120 -0.036 -0.087 -0.091 -0.091
 0.494  1.103  0.121 -0.036 -0.086 -0.091 -0.091
 0.496  1.103  0.121 -0.035 -0.085 -0.091 -0.091
 0.498  1.104  0.122 -0.035 -0.085 -0.090 -0.090
 0.500  1.104  0.123 -0.034 -0.084 -0.090 -0.090
 0.502  1.105  0.124 -0.034 -0.083 -0.090 -0.090
 0.504  1.105  0.125 -0.034 -0.083 -0.089 -0.089
 0.506  1.106  0.125 -0.033 -0.082 -0.089 -0.089
 0.508  1.106  0.126 -0.033 -0.081 -0.089 -0.089
 0.510  1.106  0.127 -0.033 -0.081 -0.088 -0.088
 0.512  1.107  0.127 -0.032 -0.080 -0.088 -0.088
 0.514  1.107  0.128 -0.032 -0.079 -0.088 -0.088
 0.516  1.107  0.129 -0.031 -0.079 -0.087 -0.087
 0.518  1.108  0.129 -0.031 -0.078 -0.087 -0.087
 0.520  1.108  0.130 -0.031 -0.077 -0.086 -0.086
 0.522  1.109  0.131 -0.030 -0.077 -0.086 -0.086
 0.524  1.109  0.132 -0.030 -0.076 -0.086 -0.086
 0.526  1.109  0.132 -0.029 -0.076 -0.086 -0.086
 0.528  1.109  0.133 -0.029 -0.075 -0.085 -0.085
 0.530  1.110  0.134 -0.028 -0.074 -0.085 -0.085
 0.532  1.110  0.134 -0.028 -0.074 -0.085 -0.085
 0.534  1.110  0.134 -0.027 -0.073 -0.084 -0.084
 0.536  1.111  0.135 -0.027 -0.073 -0.084 -0.084
 0.538  1.111  0.135 -0.027 -0.072 -0.084 -0.084
 0.540  1.111  0.136 -0.026 -0.071 -0.084 -0.084
 0.542  1.111  0.136 -0.026 -0.071 -0.083 -0.083
 0.544  1.112  0.137 -0.025 -0.070 -0.083 -0.083
 0.546  1.112  0.137 -0.025 -0.070 -0.082 -0.082
 0.548  1.113  0.137 -0.024 -0.069 -0.082 -0.082
 0.550  1.113  0.138 -0.024 -0.069 -0.082 -0.082
 0.552  1.113  0.138 -0.024 -0.068 -0.082 -0.082
 0.554  1.113  0.138 -0.023 -0.067 -0.081 -0.081
 0.556  1.114  0.138 -0.023 -0.067 -0.081 -0.081
 0.558  1.114  0.138 -0.022 -0.066 -0.081 -0.081
 0.560  1.114  0.138 -0.022 -0.066 -0.081 -0.081
 0.562  1.114  0.138 -0.021 -0.065 -0.080 -0.080
 0.564  1.115  0.138 -0.020 -0.065 -0.080 -0.080
 0.566  1.115  0.138 -0.020 -0.064 -0.080 -0.080
 0.568  1.115  0.138 -0.019 -0.064 -0.079 -0.079
 0.570  1.115  0.138 -0.019 -0.063 -0.079 -0.079
 0.572  1.116  0.138 -0.018 -0.063 -0.079 -0.079
 0.574  1.116  0.138 -0.018 -0.062 -0.079 -0.079
 0.576  1.116  0.138 -0.017 -0.062 -0.078 -0.078
 0.578  1.117  0.138 -0.017 -0.061 -0.078 -0.078
 0.580  1.117  0.138 -0.016 -0.061 -0.078 -0.078
 0.582  1.117  0.137 -0.016 -0.060 -0.078 -0.078
 0.584  1.117  0.137 -0.015 -0.060 -0.077 -0.077
 0.586  1.118  0.137 -0.015 -0.059 -0.077 -0.077
 0.588  1.118  0.136 -0.014 -0.059 -0.077 -0.077
 0.590  1.118  0.136 -0.014 -0.059 -0.076 -0.076
 0.592  1.118  0.136 -0.013 -0.058 -0.076 -0.076
 0.594  1.118  0.135 -0.013 -0.058 -0.076 -0.076
 0.596  1.119  0.135 -0.012 -0.057 -0.076 -0.076
 0.598  1.119  0.135 -0.012 -0.057 -0.076 -0.076
 0.600  1.119  0.135 -0.011 -0.056 -0.075 -0.075
 0.602  1.120  0.134 -0.011 -0.056 -0.075 -0.075
 0.604  1.120  0.134 -0.010 -0.056 -0.075 -0.075
 0.606  1.120  0.134 -0.010 -0.055 -0.075 -0.075
 0.608  1.120  0.134 -0.009 -0.055 -0.074 -0.074
 0.610  1.120  0.134 -0.009 -0.054 -0.074 -0.074
 0.612  1.120  0.134 -0.008 -0.054 -0.074 -0.074
 0.614  1.121  0.134 -0.008 -0.054 -0.074 -0.074
 0.616  1.121  0.134 -0.007 -0.053 -0.074 -0.074
 0.618  1.121  0.134 -0.007 -0.053 -0.073 -0.073
 0.620  1.121  0.134 -0.006 -0.052 -0.073 -0.073
 0.622  1.121  0.134 -0.006 -0.052 -0.073 -0.073
 0.624  1.121  0.134 -0.005 -0.052 -0.073 -0.073
 0.626  1.121  0.134 -0.005 -0.051 -0.072 -0.072
 0.628  1.121  0.134 -0.004 -0.051 -0.072 -0.072
 0.630  1.122  0.135 -0.004 -0.051 -0.072 -0.072
 0.632  1.122  0.135 -0.003 -0.050 -0.072 -0.072
 0.634  1.122  0.135 -0.003 -0.050 -0.072 -0.072
 0.636  1.122  0.136 -0.002 -0.050 -0.071 -0.071
 0.638  1.122  0.136 -0.002 -0.049 -0.071 -0.071
 0.640  1.122  0.136 -0.001 -0.049 -0.071 -0.071
 0.642  1.122  0.137 -0.001 -0.049 -0.071 -0.071
 0.644  1.122  0.137 -0.000 -0.048 -0.071 -0.071
 0.646  1.122  0.138  0.000 -0.048 -0.071 -0.071
 0.648  1.122  0.138  0.001 -0.048 -0.070 -0.070
 0.650  1.122  0.138  0.001 -0.047 -0.070 -0.070
 0.652  1.122  0.139  0.002 -0.047 -0.070 -0.070
 0.654  1.122  0.140  0.002 -0.047 -0.070 -0.070
 0.656  1.122  0.140  0.003 -0.046 -0.070 -0.070
 0.658  1.122  0.141  0.003 -0.046 -0.069 -0.069
 0.660  1.122  0.142  0.004 -0.046 -0.069 -0.069
 0.662  1.122  0.142  0.005 -0.046 -0.069 -0.069
 0.664  1.123  0.143  0.005 -0.045 -0.069 -0.069
 0.666  1.123  0.143  0.006 -0.045 -0.069 -0.069
 0.668  1.123  0.144  0.007 -0.045 -0.069 -0.069
 0.670  1.123  0.145  0.007 -0.044 -0.069 -0.069
 0.672  1.123  0.146  0.008 -0.044 -0.068 -0.068
 0.674  1.123  0.146  0.009 -0.043 -0.068 -0.068
 0.676  1.123  0.146  0.010 -0.043 -0.068 -0.068
 0.678  1.124  0.147  0.010 -0.043 -0.068 -0.068
 0.680  1.124  0.148  0.011 -0.042 -0.068 -0.068
 0.682  1.124  0.149  0.012 -0.042 -0.068 -0.068
 0.684  1.124  0.149  0.012 -0.041 -0.068 -0.068
 0.686  1.124  0.150  0.013 -0.041 -0.068 -0.068
 0.688  1.124  0.150  0.014 -0.041 -0.068 -0.068
 0.690  1.125  0.151  0.015 -0.040 -0.068 -0.068
 0.692  1.125  0.151  0.016 -0.040 -0.068 -0.068
 0.694  1.125  0.152  0.017 -0.039 -0.068 -0.068
 0.696  1.125  0.152  0.018 -0.039 -0.067 -0.067
 0.698  1.126  0.153  0.019 -0.038 -0.067 -0.067
 0.700  1.126  0.154  0.020 -0.038 -0.067 -0.067
 0.702  1.126  0.154  0.021 -0.037 -0.067 -0.067
 0.704  1.126  0.155  0.022 -0.037 -0.067 -0.067
 0.706  1.127  0.155  0.022 -0.036 -0.067 -0.067
 0.708  1.127  0.155  0.023 -0.036 -0.067 -0.067
 0.710  1.128  0.156  0.025 -0.035 -0.067 -0.067
 0.712  1.128  0.156  0.026 -0.035 -0.067 -0.067
 0.714  1.129  0.157  0.027 -0.034 -0.067 -0.067
 0.716  1.129  0.157  0.028 -0.034 -0.067 -0.067
 0.718  1.129  0.158  0.029 -0.033 -0.067 -0.067
 0.720  1.130  0.159  0.030 -0.032 -0.067 -0.067
 0.722  1.130  0.159  0.030 -0.032 -0.067 -0.067
 0.724  1.131  0.159  0.031 -0.031 -0.067 -0.067
 0.726  1.131  0.159  0.032 -0.030 -0.067 -0.067
 0.728  1.132  0.160  0.032 -0.030 -0.067 -0.067
 0.730  1.132  0.160  0.033 -0.029 -0.067 -0.067
 0.732  1.133  0.161  0.033 -0.029 -0.067 -0.067
 0.734  1.133  0.161  0.033 -0.028 -0.067 -0.067
 0.736  1.134  0.161  0.034 -0.028 -0.067 -0.067
 0.738  1.134  0.162  0.034 -0.027 -0.067 -0.067
 0.740  1.135  0.162  0.034 -0.027 -0.066 -0.066
 0.742  1.135  0.162  0.033 -0.027 -0.066 -0.066
 0.744  1.136  0.162  0.033 -0.026 -0.066 -0.066
 0.746  1.136  0.162  0.033 -0.026 -0.065 -0.065
 0.748  1.136  0.162  0.032 -0.026 -0.065 -0.065
 0.750  1.137  0.162  0.032 -0.026 -0.064 -0.064
 0.752  1.137  0.162  0.031 -0.026 -0.064 -0.064
 0.754  1.137  0.162  0.031 -0.027 -0.063 -0.063
 0.756  1.138  0.162  0.030 -0.027 -0.063 -0.063
 0.758  1.138  0.161  0.029 -0.027 -0.062 -0.062
 0.760  1.139  0.161  0.028 -0.028 -0.061 -0.061
 0.762  1.139  0.161  0.026 -0.028 -0.060 -0.060
 0.764  1.139  0.160  0.025 -0.029 -0.059 -0.059
 0.766  1.139  0.159  0.024 -0.030 -0.059 -0.059
 0.768  1.140  0.159  0.022 -0.031 -0.058 -0.058
 0.770  1.140  0.159  0.021 -0.032 -0.057 -0.057
 0.772  1.140  0.158  0.019 -0.033 -0.056 -0.056
 0.774  1.140  0.157  0.018 -0.034 -0.055 -0.055
 0.776  1.140  0.156  0.016 -0.035 -0.053 -0.053
 0.778  1.140  0.155  0.014 -0.036 -0.052 -0.052
 0.780  1.140  0.155  0.012 -0.037 -0.051 -0.051
 0.782  1.140  0.154  0.010 -0.038 -0.050 -0.050
 0.784  1.141  0.153  0.007 -0.040 -0.048 -0.048
 0.786  1.141  0.151  0.005 -0.042 -0.047 -0.047
 0.788  1.141  0.151  0.003 -0.043 -0.046 -0.046
 0.790  1.141  0.149 -0.000 -0.045 -0.044 -0.044
 0.792  1.141  0.148 -0.003 -0.047 -0.043 -0.043
 0.794  1.141  0.147 -0.005 -0.049 -0.041 -0.041
 0.796  1.141  0.146 -0.008 -0.051 -0.039 -0.039
 0.798  1.141  0.144 -0.011 -0.053 -0.038 -0.038
 0.800  1.141  0.143 -0.014 -0.055 -0.036 -0.036
 0.802  1.141  0.142 -0.017 -0.057 -0.035 -0.035
 0.804  1.141  0.140 -0.020 -0.059 -0.033 -0.033
 0.806  1.140  0.138 -0.023 -0.062 -0.032 -0.032
 0.808  1.140  0.136 -0.026 -0.064 -0.031 -0.031
 0.810  1.139  0.134 -0.029 -0.066 -0.030 -0.030
 0.812  1.138  0.132 -0.033 -0.069 -0.029 -0.029
 0.814  1.137  0.130 -0.036 -0.071 -0.028 -0.028
 0.816  1.136  0.128 -0.040 -0.074 -0.027 -0.027
 0.818  1.134  0.125 -0.043 -0.076 -0.026 -0.026
 0.820  1.132  0.122 -0.047 -0.078 -0.026 -0.026
 0.822  1.130  0.120 -0.051 -0.081 -0.026 -0.026
 0.824  1.128  0.117 -0.055 -0.083 -0.025 -0.025
 0.826  1.126  0.113 -0.059 -0.086 -0.025 -0.025
 0.828  1.124  0.110 -0.063 -0.089 -0.025 -0.025
 0.830  1.121  0.107 -0.067 -0.091 -0.025 -0.025
 0.832  1.118  0.103 -0.071 -0.094 -0.025 -0.025
 0.834  1.115  0.100 -0.075 -0.096 -0.025 -0.025
 0.836  1.112  0.096 -0.079 -0.099 -0.026 -0.026
 0.838  1.109  0.092 -0.084 -0.102 -0.026 -0.026
 0.840  1.106  0.087 -0.089 -0.105 -0.026 -0.026
 0.842  1.102  0.083 -0.093 -0.107 -0.027 -0.027
 0.844  1.098  0.079 -0.098 -0.110 -0.028 -0.028
 0.846  1.094  0.074 -0.102 -0.113 -0.029 -0.029
 0.848  1.089  0.070 -0.107 -0.116 -0.030 -0.030
 0.850  1.085  0.065 -0.112 -0.119 -0.031 -0.031
 0.852  1.080  0.060 -0.117 -0.121 -0.032 -0.032
 0.854  1.075  0.054 -0.122 -0.124 -0.033 -0.033
 0.856  1.070  0.049 -0.127 -0.127 -0.034 -0.034
 0.858  1.065  0.044 -0.133 -0.130 -0.036 -0.036
 0.860  1.059  0.038 -0.138 -0.133 -0.038 -0.038
 0.862  1.053  0.032 -0.143 -0.136 -0.039 -0.039
 0.864  1.047  0.026 -0.148 -0.139 -0.041 -0.041
 0.866  1.042  0.020 -0.153 -0.142 -0.043 -0.043
 0.868  1.035  0.014 -0.158 -0.145 -0.045 -0.045
 0.870  1.029  0.007 -0.163 -0.149 -0.047 -0.047
 0.872  1.023  0.001 -0.167 -0.152 -0.049 -0.049
 0.874  1.016 -0.006 -0.172 -0.155 -0.051 -0.051
 0.876  1.010 -0.012 -0.177 -0.158 -0.054 -0.054
 0.878  1.003 -0.019 -0.181 -0.161 -0.056 -0.056
 0.880  0.997 -0.025 -0.185 -0.164 -0.059 -0.059
 0.882  0.990 -0.032 -0.189 -0.167 -0.061 -0.061
 0.884  0.984 -0.039 -0.193 -0.170 -0.064 -0.064
 0.886  0.977 -0.045 -0.197 -0.173 -0.066 -0.066
 0.888  0.971 -0.052 -0.201 -0.176 -0.069 -0.069
 0.890  0.964 -0.059 -0.205 -0.179 -0.072 -0.072
 0.892  0.958 -0.065 -0.208 -0.182 -0.075 -0.075
 0.894  0.952 -0.071 -0.212 -0.185 -0.078 -0.078
 0.896  0.946 -0.078 -0.216 -0.188 -0.081 -0.081
 0.898  0.941 -0.084 -0.219 -0.190 -0.084 -0.084
 0.900  0.935 -0.090 -0.222 -0.193 -0.088 -0.088
 0.902  0.929 -0.096 -0.225 -0.196 -0.091 -0.091
 0.904  0.924 -0.103 -0.228 -0.198 -0.094 -0.094
 0.906  0.919 -0.108 -0.231 -0.201 -0.098 -0.098
 0.908  0.913 -0.114 -0.234 -0.204 -0.101 -0.101
 0.910  0.908 -0.120 -0.237 -0.206 -0.105 -0.105
 0.912  0.903 -0.126 -0.240 -0.209 -0.108 -0.108
 0.914  0.898 -0.132 -0.242 -0.211 -0.112 -0.112
 0.916  0.893 -0.138 -0.244 -0.214 -0.116 -0.116
 0.918  0.887 -0.143 -0.247 -0.216 -0.120 -0.120
 0.920  0.883 -0.149 -0.249 -0.219 -0.124 -0.124
 0.922  0.878 -0.155 -0.251 -0.221 -0.128 -0.128
 0.924  0.873 -0.160 -0.253 -0.223 -0.132 -0.132
 0.926  0.868 -0.166 -0.255 -0.226 -0.136 -0.136
 0.928  0.864 -0.171 -0.257 -0.228 -0.140 -0.140
 0.930  0.859 -0.176 -0.259 -0.230 -0.145 -0.145
 0.932  0.854 -0.182 -0.261 -0.233 -0.149 -0.149
 0.934  0.850 -0.188 -0.262 -0.235 -0.154 -0.154
 0.936  0.846 -0.193 -0.264 -0.237 -0.158 -0.158
 0.938  0.842 -0.198 -0.265 -0.239 -0.163 -0.163
 0.940  0.838 -0.203 -0.267 -0.241 -0.167 -0.167
 0.942  0.834 -0.208 -0.268 -0.243 -0.172 -0.172
 0.944  0.830 -0.214 -0.270 -0.245 -0.176 -0.176
 0.946  0.826 -0.219 -0.271 -0.247 -0.181 -0.181
 0.948  0.822 -0.223 -0.272 -0.249 -0.185 -0.185
 0.950  0.819 -0.228 -0.273 -0.251 -0.189 -0.189
 0.952  0.815 -0.232 -0.274 -0.253 -0.193 -0.193
 0.954  0.812 -0.236 -0.275 -0.255 -0.197 -0.197
 0.956  0.809 -0.241 -0.277 -0.256 -0.200 -0.200
 0.958  0.806 -0.245 -0.278 -0.258 -0.204 -0.204
 0.960  0.803 -0.249 -0.279 -0.259 -0.207 -0.207
 0.962  0.800 -0.252 -0.280 -0.261 -0.210 -0.210
 0.964  0.798 -0.256 -0.281 -0.262 -0.213 -0.213
 0.966  0.796 -0.259 -0.281 -0.264 -0.216 -0.216
 0.968  0.793 -0.262 -0.282 -0.265 -0.218 -0.218
 0.970  0.791 -0.265 -0.283 -0.266 -0.221 -0.221
 0.972  0.789 -0.268 -0.283 -0.267 -0.223 -0.223
 0.974  0.787 -0.270 -0.284 -0.268 -0.225 -0.225
 0.976  0.785 -0.272 -0.285 -0.269 -0.227 -0.227
 0.978  0.783 -0.274 -0.285 -0.270 -0.229 -0.229
 0.980  0.782 -0.276 -0.286 -0.271 -0.231 -0.231
 0.982  0.781 -0.278 -0.286 -0.271 -0.232 -0.232
 0.984  0.779 -0.280 -0.287 -0.272 -0.233 -0.233
 0.986  0.778 -0.281 -0.287 -0.273 -0.235 -0.235
 0.988  0.778 -0.282 -0.287 -0.273 -0.236 -0.236
 0.990  0.777 -0.283 -0.287 -0.274 -0.236 -0.236
 0.992  0.776 -0.284 -0.288 -0.274 -0.237 -0.237
 0.994  0.776 -0.284 -0.288 -0.274 -0.237 -0.237
 0.996  0.775 -0.285 -0.288 -0.274 -0.238 -0.238
 0.998  0.775 -0.285 -0.288 -0.275 -0.238 -0.238
