# IsPeriodic    : True
# Period        : 0.664945 days
# Normalization : <g_mag>=0
# 
# Phase u_mag  g_mag  r_mag  i_mag  z_mag  y_mag
 0.000  0.642 -0.521 -0.489 -0.460 -0.428 -0.428
 0.002  0.642 -0.521 -0.489 -0.460 -0.428 -0.428
 0.004  0.642 -0.520 -0.489 -0.460 -0.428 -0.428
 0.006  0.643 -0.520 -0.489 -0.460 -0.427 -0.427
 0.008  0.644 -0.519 -0.488 -0.459 -0.427 -0.427
 0.010  0.646 -0.518 -0.487 -0.459 -0.427 -0.427
 0.012  0.648 -0.517 -0.487 -0.458 -0.427 -0.427
 0.014  0.649 -0.516 -0.486 -0.457 -0.426 -0.426
 0.016  0.651 -0.515 -0.485 -0.457 -0.426 -0.426
 0.018  0.654 -0.513 -0.484 -0.456 -0.425 -0.425
 0.020  0.656 -0.511 -0.483 -0.455 -0.425 -0.425
 0.022  0.659 -0.509 -0.482 -0.454 -0.424 -0.424
 0.024  0.662 -0.508 -0.481 -0.453 -0.423 -0.423
 0.026  0.664 -0.505 -0.479 -0.451 -0.422 -0.422
 0.028  0.667 -0.502 -0.478 -0.450 -0.422 -0.422
 0.030  0.671 -0.500 -0.477 -0.450 -0.421 -0.421
 0.032  0.673 -0.497 -0.475 -0.448 -0.420 -0.420
 0.034  0.676 -0.494 -0.474 -0.447 -0.419 -0.419
 0.036  0.679 -0.490 -0.472 -0.446 -0.419 -0.419
 0.038  0.682 -0.487 -0.470 -0.445 -0.418 -0.418
 0.040  0.686 -0.483 -0.468 -0.443 -0.417 -0.417
 0.042  0.688 -0.480 -0.467 -0.442 -0.416 -0.416
 0.044  0.692 -0.475 -0.465 -0.441 -0.415 -0.415
 0.046  0.695 -0.471 -0.463 -0.440 -0.414 -0.414
 0.048  0.699 -0.466 -0.461 -0.438 -0.412 -0.412
 0.050  0.703 -0.462 -0.458 -0.437 -0.411 -0.411
 0.052  0.707 -0.458 -0.457 -0.436 -0.410 -0.410
 0.054  0.710 -0.452 -0.454 -0.435 -0.409 -0.409
 0.056  0.715 -0.447 -0.452 -0.433 -0.408 -0.408
 0.058  0.719 -0.443 -0.450 -0.432 -0.406 -0.406
 0.060  0.723 -0.438 -0.447 -0.431 -0.405 -0.405
 0.062  0.727 -0.432 -0.444 -0.429 -0.403 -0.403
 0.064  0.732 -0.427 -0.441 -0.428 -0.402 -0.402
 0.066  0.737 -0.422 -0.439 -0.426 -0.401 -0.401
 0.068  0.741 -0.417 -0.436 -0.425 -0.399 -0.399
 0.070  0.746 -0.412 -0.433 -0.424 -0.397 -0.397
 0.072  0.751 -0.408 -0.430 -0.423 -0.396 -0.396
 0.074  0.756 -0.403 -0.427 -0.421 -0.394 -0.394
 0.076  0.761 -0.398 -0.424 -0.420 -0.393 -0.393
 0.078  0.766 -0.393 -0.421 -0.418 -0.391 -0.391
 0.080  0.771 -0.389 -0.418 -0.417 -0.389 -0.389
 0.082  0.777 -0.383 -0.415 -0.415 -0.388 -0.388
 0.084  0.781 -0.379 -0.411 -0.413 -0.386 -0.386
 0.086  0.786 -0.375 -0.408 -0.412 -0.385 -0.385
 0.088  0.792 -0.370 -0.405 -0.411 -0.383 -0.383
 0.090  0.797 -0.365 -0.402 -0.409 -0.381 -0.381
 0.092  0.802 -0.361 -0.400 -0.408 -0.380 -0.380
 0.094  0.807 -0.356 -0.397 -0.406 -0.379 -0.379
 0.096  0.811 -0.352 -0.394 -0.404 -0.377 -0.377
 0.098  0.817 -0.348 -0.392 -0.403 -0.376 -0.376
 0.100  0.821 -0.343 -0.389 -0.401 -0.374 -0.374
 0.102  0.826 -0.339 -0.386 -0.400 -0.373 -0.373
 0.104  0.831 -0.334 -0.384 -0.398 -0.372 -0.372
 0.106  0.835 -0.330 -0.382 -0.397 -0.370 -0.370
 0.108  0.840 -0.327 -0.379 -0.395 -0.369 -0.369
 0.110  0.844 -0.322 -0.377 -0.394 -0.367 -0.367
 0.112  0.848 -0.318 -0.374 -0.392 -0.366 -0.366
 0.114  0.853 -0.313 -0.372 -0.390 -0.364 -0.364
 0.116  0.857 -0.310 -0.370 -0.389 -0.364 -0.364
 0.118  0.862 -0.306 -0.368 -0.388 -0.362 -0.362
 0.120  0.865 -0.302 -0.366 -0.386 -0.361 -0.361
 0.122  0.870 -0.298 -0.364 -0.384 -0.359 -0.359
 0.124  0.873 -0.294 -0.362 -0.383 -0.358 -0.358
 0.126  0.878 -0.290 -0.360 -0.381 -0.357 -0.357
 0.128  0.881 -0.286 -0.358 -0.380 -0.356 -0.356
 0.130  0.885 -0.282 -0.357 -0.378 -0.355 -0.355
 0.132  0.889 -0.278 -0.355 -0.377 -0.354 -0.354
 0.134  0.893 -0.275 -0.354 -0.375 -0.352 -0.352
 0.136  0.896 -0.271 -0.352 -0.374 -0.351 -0.351
 0.138  0.900 -0.267 -0.350 -0.372 -0.350 -0.350
 0.140  0.903 -0.264 -0.349 -0.371 -0.349 -0.349
 0.142  0.906 -0.259 -0.348 -0.369 -0.348 -0.348
 0.144  0.910 -0.256 -0.346 -0.368 -0.347 -0.347
 0.146  0.913 -0.252 -0.345 -0.366 -0.346 -0.346
 0.148  0.917 -0.249 -0.344 -0.364 -0.345 -0.345
 0.150  0.919 -0.244 -0.343 -0.363 -0.343 -0.343
 0.152  0.923 -0.241 -0.341 -0.362 -0.342 -0.342
 0.154  0.925 -0.237 -0.340 -0.360 -0.341 -0.341
 0.156  0.929 -0.234 -0.338 -0.359 -0.340 -0.340
 0.158  0.932 -0.230 -0.337 -0.357 -0.339 -0.339
 0.160  0.935 -0.226 -0.336 -0.356 -0.338 -0.338
 0.162  0.938 -0.223 -0.335 -0.354 -0.337 -0.337
 0.164  0.940 -0.219 -0.333 -0.352 -0.336 -0.336
 0.166  0.944 -0.216 -0.332 -0.351 -0.335 -0.335
 0.168  0.947 -0.212 -0.330 -0.350 -0.333 -0.333
 0.170  0.950 -0.209 -0.329 -0.348 -0.332 -0.332
 0.172  0.953 -0.205 -0.327 -0.347 -0.332 -0.332
 0.174  0.956 -0.202 -0.326 -0.345 -0.330 -0.330
 0.176  0.959 -0.198 -0.324 -0.344 -0.329 -0.329
 0.178  0.963 -0.194 -0.322 -0.342 -0.328 -0.328
 0.180  0.965 -0.190 -0.321 -0.341 -0.327 -0.327
 0.182  0.969 -0.187 -0.319 -0.339 -0.326 -0.326
 0.184  0.972 -0.183 -0.317 -0.338 -0.324 -0.324
 0.186  0.975 -0.180 -0.315 -0.337 -0.324 -0.324
 0.188  0.979 -0.176 -0.314 -0.335 -0.322 -0.322
 0.190  0.981 -0.173 -0.312 -0.334 -0.321 -0.321
 0.192  0.985 -0.169 -0.309 -0.333 -0.320 -0.320
 0.194  0.988 -0.167 -0.308 -0.331 -0.319 -0.319
 0.196  0.991 -0.163 -0.306 -0.330 -0.317 -0.317
 0.198  0.994 -0.160 -0.304 -0.328 -0.316 -0.316
 0.200  0.997 -0.156 -0.302 -0.327 -0.315 -0.315
 0.202  1.001 -0.153 -0.300 -0.326 -0.314 -0.314
 0.204  1.004 -0.149 -0.298 -0.325 -0.313 -0.313
 0.206  1.007 -0.146 -0.296 -0.323 -0.312 -0.312
 0.208  1.010 -0.142 -0.293 -0.322 -0.310 -0.310
 0.210  1.014 -0.139 -0.291 -0.321 -0.309 -0.309
 0.212  1.017 -0.136 -0.289 -0.319 -0.308 -0.308
 0.214  1.020 -0.132 -0.286 -0.318 -0.307 -0.307
 0.216  1.024 -0.129 -0.284 -0.317 -0.306 -0.306
 0.218  1.027 -0.125 -0.282 -0.315 -0.305 -0.305
 0.220  1.030 -0.123 -0.279 -0.314 -0.303 -0.303
 0.222  1.033 -0.119 -0.277 -0.313 -0.302 -0.302
 0.224  1.037 -0.116 -0.275 -0.312 -0.301 -0.301
 0.226  1.040 -0.113 -0.272 -0.311 -0.300 -0.300
 0.228  1.043 -0.110 -0.270 -0.309 -0.299 -0.299
 0.230  1.047 -0.106 -0.268 -0.308 -0.297 -0.297
 0.232  1.050 -0.104 -0.266 -0.307 -0.296 -0.296
 0.234  1.053 -0.100 -0.263 -0.306 -0.295 -0.295
 0.236  1.056 -0.097 -0.261 -0.304 -0.294 -0.294
 0.238  1.060 -0.094 -0.259 -0.303 -0.292 -0.292
 0.240  1.063 -0.091 -0.257 -0.302 -0.292 -0.292
 0.242  1.066 -0.088 -0.254 -0.301 -0.291 -0.291
 0.244  1.069 -0.085 -0.253 -0.300 -0.289 -0.289
 0.246  1.072 -0.082 -0.250 -0.299 -0.288 -0.288
 0.248  1.075 -0.079 -0.248 -0.297 -0.287 -0.287
 0.250  1.079 -0.076 -0.246 -0.296 -0.286 -0.286
 0.252  1.081 -0.073 -0.244 -0.295 -0.284 -0.284
 0.254  1.085 -0.069 -0.242 -0.293 -0.284 -0.284
 0.256  1.087 -0.067 -0.240 -0.292 -0.283 -0.283
 0.258  1.091 -0.064 -0.238 -0.291 -0.281 -0.281
 0.260  1.094 -0.061 -0.236 -0.290 -0.280 -0.280
 0.262  1.097 -0.058 -0.234 -0.289 -0.279 -0.279
 0.264  1.100 -0.055 -0.233 -0.288 -0.278 -0.278
 0.266  1.102 -0.052 -0.230 -0.286 -0.277 -0.277
 0.268  1.106 -0.049 -0.228 -0.285 -0.276 -0.276
 0.270  1.109 -0.047 -0.227 -0.284 -0.275 -0.275
 0.272  1.111 -0.044 -0.225 -0.282 -0.274 -0.274
 0.274  1.115 -0.041 -0.223 -0.281 -0.273 -0.273
 0.276  1.117 -0.038 -0.221 -0.280 -0.271 -0.271
 0.278  1.120 -0.035 -0.220 -0.278 -0.270 -0.270
 0.280  1.123 -0.033 -0.218 -0.277 -0.269 -0.269
 0.282  1.125 -0.029 -0.217 -0.276 -0.268 -0.268
 0.284  1.129 -0.027 -0.215 -0.275 -0.267 -0.267
 0.286  1.132 -0.024 -0.213 -0.274 -0.266 -0.266
 0.288  1.134 -0.021 -0.211 -0.272 -0.265 -0.265
 0.290  1.137 -0.019 -0.210 -0.271 -0.264 -0.264
 0.292  1.140 -0.016 -0.208 -0.270 -0.263 -0.263
 0.294  1.142 -0.013 -0.207 -0.268 -0.262 -0.262
 0.296  1.145 -0.010 -0.205 -0.267 -0.261 -0.261
 0.298  1.148 -0.007 -0.204 -0.265 -0.260 -0.260
 0.300  1.150 -0.005 -0.202 -0.264 -0.259 -0.259
 0.302  1.153 -0.002 -0.201 -0.263 -0.258 -0.258
 0.304  1.156  0.000 -0.199 -0.262 -0.257 -0.257
 0.306  1.158  0.004 -0.197 -0.260 -0.255 -0.255
 0.308  1.161  0.007 -0.196 -0.259 -0.254 -0.254
 0.310  1.164  0.009 -0.194 -0.258 -0.253 -0.253
 0.312  1.166  0.012 -0.192 -0.256 -0.252 -0.252
 0.314  1.169  0.014 -0.191 -0.255 -0.251 -0.251
 0.316  1.171  0.017 -0.189 -0.254 -0.250 -0.250
 0.318  1.174  0.020 -0.187 -0.252 -0.249 -0.249
 0.320  1.177  0.022 -0.185 -0.251 -0.247 -0.247
 0.322  1.179  0.026 -0.184 -0.250 -0.246 -0.246
 0.324  1.181  0.028 -0.182 -0.248 -0.245 -0.245
 0.326  1.184  0.031 -0.180 -0.247 -0.244 -0.244
 0.328  1.187  0.034 -0.178 -0.246 -0.243 -0.243
 0.330  1.189  0.036 -0.176 -0.244 -0.242 -0.242
 0.332  1.191  0.039 -0.175 -0.243 -0.241 -0.241
 0.334  1.194  0.042 -0.173 -0.241 -0.239 -0.239
 0.336  1.196  0.044 -0.171 -0.240 -0.238 -0.238
 0.338  1.198  0.047 -0.169 -0.239 -0.237 -0.237
 0.340  1.201  0.049 -0.168 -0.237 -0.236 -0.236
 0.342  1.203  0.052 -0.166 -0.236 -0.235 -0.235
 0.344  1.205  0.055 -0.164 -0.234 -0.233 -0.233
 0.346  1.208  0.057 -0.162 -0.233 -0.232 -0.232
 0.348  1.210  0.060 -0.160 -0.231 -0.231 -0.231
 0.350  1.212  0.063 -0.158 -0.230 -0.229 -0.229
 0.352  1.215  0.065 -0.156 -0.228 -0.229 -0.229
 0.354  1.217  0.068 -0.155 -0.227 -0.227 -0.227
 0.356  1.219  0.070 -0.152 -0.226 -0.226 -0.226
 0.358  1.221  0.073 -0.150 -0.224 -0.224 -0.224
 0.360  1.224  0.076 -0.149 -0.223 -0.223 -0.223
 0.362  1.225  0.078 -0.146 -0.221 -0.222 -0.222
 0.364  1.228  0.081 -0.144 -0.220 -0.221 -0.221
 0.366  1.230  0.084 -0.142 -0.218 -0.220 -0.220
 0.368  1.233  0.086 -0.140 -0.216 -0.218 -0.218
 0.370  1.234  0.089 -0.139 -0.215 -0.217 -0.217
 0.372  1.237  0.091 -0.137 -0.214 -0.216 -0.216
 0.374  1.239  0.093 -0.134 -0.212 -0.214 -0.214
 0.376  1.241  0.096 -0.133 -0.211 -0.213 -0.213
 0.378  1.243  0.098 -0.131 -0.209 -0.212 -0.212
 0.380  1.246  0.101 -0.129 -0.207 -0.211 -0.211
 0.382  1.248  0.104 -0.127 -0.206 -0.210 -0.210
 0.384  1.250  0.105 -0.125 -0.204 -0.208 -0.208
 0.386  1.252  0.108 -0.123 -0.203 -0.207 -0.207
 0.388  1.255  0.111 -0.121 -0.202 -0.206 -0.206
 0.390  1.256  0.113 -0.120 -0.200 -0.205 -0.205
 0.392  1.259  0.116 -0.118 -0.199 -0.204 -0.204
 0.394  1.261  0.118 -0.116 -0.197 -0.202 -0.202
 0.396  1.264  0.120 -0.114 -0.196 -0.201 -0.201
 0.398  1.265  0.123 -0.113 -0.194 -0.200 -0.200
 0.400  1.268  0.125 -0.111 -0.193 -0.199 -0.199
 0.402  1.271  0.127 -0.109 -0.191 -0.198 -0.198
 0.404  1.272  0.130 -0.107 -0.190 -0.197 -0.197
 0.406  1.275  0.132 -0.105 -0.189 -0.196 -0.196
 0.408  1.277  0.134 -0.104 -0.188 -0.194 -0.194
 0.410  1.279  0.137 -0.103 -0.186 -0.193 -0.193
 0.412  1.282  0.139 -0.101 -0.185 -0.192 -0.192
 0.414  1.284  0.141 -0.099 -0.183 -0.191 -0.191
 0.416  1.287  0.143 -0.097 -0.182 -0.190 -0.190
 0.418  1.289  0.146 -0.096 -0.181 -0.189 -0.189
 0.420  1.291  0.148 -0.094 -0.179 -0.188 -0.188
 0.422  1.294  0.150 -0.092 -0.178 -0.187 -0.187
 0.424  1.296  0.152 -0.091 -0.177 -0.185 -0.185
 0.426  1.298  0.154 -0.090 -0.176 -0.184 -0.184
 0.428  1.301  0.156 -0.088 -0.174 -0.183 -0.183
 0.430  1.303  0.159 -0.087 -0.173 -0.182 -0.182
 0.432  1.306  0.160 -0.085 -0.172 -0.181 -0.181
 0.434  1.308  0.162 -0.084 -0.171 -0.180 -0.180
 0.436  1.310  0.164 -0.082 -0.169 -0.179 -0.179
 0.438  1.313  0.167 -0.081 -0.168 -0.178 -0.178
 0.440  1.315  0.168 -0.079 -0.167 -0.177 -0.177
 0.442  1.318  0.170 -0.078 -0.166 -0.176 -0.176
 0.444  1.320  0.172 -0.076 -0.165 -0.175 -0.175
 0.446  1.322  0.174 -0.075 -0.164 -0.173 -0.173
 0.448  1.325  0.175 -0.074 -0.162 -0.173 -0.173
 0.450  1.327  0.177 -0.072 -0.161 -0.172 -0.172
 0.452  1.329  0.179 -0.071 -0.160 -0.171 -0.171
 0.454  1.331  0.181 -0.069 -0.159 -0.169 -0.169
 0.456  1.333  0.182 -0.068 -0.158 -0.168 -0.168
 0.458  1.335  0.184 -0.067 -0.157 -0.167 -0.167
 0.460  1.337  0.186 -0.066 -0.156 -0.166 -0.166
 0.462  1.340  0.188 -0.065 -0.154 -0.165 -0.165
 0.464  1.341  0.188 -0.063 -0.153 -0.164 -0.164
 0.466  1.343  0.190 -0.062 -0.152 -0.163 -0.163
 0.468  1.345  0.192 -0.061 -0.152 -0.162 -0.162
 0.470  1.347  0.194 -0.060 -0.151 -0.161 -0.161
 0.472  1.349  0.195 -0.059 -0.149 -0.160 -0.160
 0.474  1.350  0.196 -0.058 -0.148 -0.159 -0.159
 0.476  1.352  0.197 -0.056 -0.147 -0.158 -0.158
 0.478  1.354  0.199 -0.056 -0.146 -0.157 -0.157
 0.480  1.356  0.200 -0.055 -0.145 -0.156 -0.156
 0.482  1.357  0.202 -0.053 -0.144 -0.155 -0.155
 0.484  1.358  0.202 -0.052 -0.143 -0.154 -0.154
 0.486  1.360  0.204 -0.052 -0.142 -0.153 -0.153
 0.488  1.362  0.205 -0.050 -0.141 -0.152 -0.152
 0.490  1.363  0.207 -0.050 -0.140 -0.151 -0.151
 0.492  1.364  0.208 -0.049 -0.140 -0.149 -0.149
 0.494  1.365  0.209 -0.048 -0.139 -0.149 -0.149
 0.496  1.367  0.210 -0.047 -0.138 -0.148 -0.148
 0.498  1.368  0.211 -0.046 -0.137 -0.147 -0.147
 0.500  1.370  0.212 -0.046 -0.136 -0.146 -0.146
 0.502  1.371  0.213 -0.045 -0.135 -0.145 -0.145
 0.504  1.372  0.214 -0.044 -0.134 -0.143 -0.143
 0.506  1.372  0.216 -0.043 -0.133 -0.142 -0.142
 0.508  1.374  0.216 -0.042 -0.132 -0.141 -0.141
 0.510  1.375  0.217 -0.042 -0.132 -0.141 -0.141
 0.512  1.376  0.218 -0.041 -0.131 -0.140 -0.140
 0.514  1.377  0.219 -0.040 -0.130 -0.139 -0.139
 0.516  1.378  0.220 -0.039 -0.129 -0.138 -0.138
 0.518  1.379  0.221 -0.039 -0.128 -0.137 -0.137
 0.520  1.379  0.222 -0.038 -0.127 -0.136 -0.136
 0.522  1.380  0.223 -0.037 -0.127 -0.135 -0.135
 0.524  1.381  0.223 -0.037 -0.126 -0.134 -0.134
 0.526  1.382  0.224 -0.036 -0.125 -0.133 -0.133
 0.528  1.383  0.225 -0.035 -0.125 -0.132 -0.132
 0.530  1.384  0.226 -0.035 -0.124 -0.132 -0.132
 0.532  1.385  0.227 -0.034 -0.123 -0.131 -0.131
 0.534  1.386  0.228 -0.033 -0.122 -0.130 -0.130
 0.536  1.387  0.229 -0.033 -0.121 -0.129 -0.129
 0.538  1.387  0.229 -0.032 -0.121 -0.128 -0.128
 0.540  1.387  0.230 -0.031 -0.120 -0.127 -0.127
 0.542  1.388  0.230 -0.030 -0.119 -0.126 -0.126
 0.544  1.389  0.231 -0.030 -0.118 -0.125 -0.125
 0.546  1.390  0.231 -0.029 -0.118 -0.125 -0.125
 0.548  1.390  0.232 -0.029 -0.117 -0.124 -0.124
 0.550  1.391  0.233 -0.028 -0.116 -0.123 -0.123
 0.552  1.392  0.233 -0.027 -0.116 -0.123 -0.123
 0.554  1.393  0.234 -0.027 -0.115 -0.122 -0.122
 0.556  1.393  0.235 -0.026 -0.115 -0.121 -0.121
 0.558  1.394  0.235 -0.026 -0.114 -0.120 -0.120
 0.560  1.394  0.236 -0.025 -0.113 -0.120 -0.120
 0.562  1.395  0.236 -0.024 -0.113 -0.119 -0.119
 0.564  1.395  0.237 -0.024 -0.112 -0.118 -0.118
 0.566  1.395  0.237 -0.023 -0.112 -0.117 -0.117
 0.568  1.396  0.237 -0.023 -0.111 -0.117 -0.117
 0.570  1.396  0.237 -0.022 -0.110 -0.116 -0.116
 0.572  1.397  0.238 -0.022 -0.110 -0.116 -0.116
 0.574  1.397  0.238 -0.021 -0.109 -0.115 -0.115
 0.576  1.398  0.238 -0.020 -0.109 -0.114 -0.114
 0.578  1.398  0.239 -0.020 -0.108 -0.114 -0.114
 0.580  1.398  0.239 -0.019 -0.107 -0.113 -0.113
 0.582  1.399  0.240 -0.019 -0.107 -0.112 -0.112
 0.584  1.399  0.240 -0.018 -0.106 -0.112 -0.112
 0.586  1.400  0.240 -0.017 -0.106 -0.111 -0.111
 0.588  1.400  0.241 -0.017 -0.105 -0.110 -0.110
 0.590  1.400  0.241 -0.016 -0.105 -0.110 -0.110
 0.592  1.401  0.241 -0.016 -0.104 -0.109 -0.109
 0.594  1.401  0.241 -0.014 -0.104 -0.109 -0.109
 0.596  1.402  0.242 -0.014 -0.103 -0.108 -0.108
 0.598  1.402  0.242 -0.013 -0.102 -0.107 -0.107
 0.600  1.402  0.242 -0.013 -0.102 -0.107 -0.107
 0.602  1.402  0.242 -0.012 -0.102 -0.106 -0.106
 0.604  1.402  0.242 -0.011 -0.101 -0.105 -0.105
 0.606  1.403  0.243 -0.011 -0.101 -0.105 -0.105
 0.608  1.403  0.243 -0.010 -0.100 -0.104 -0.104
 0.610  1.403  0.243 -0.010 -0.099 -0.103 -0.103
 0.612  1.404  0.243 -0.009 -0.099 -0.103 -0.103
 0.614  1.404  0.243 -0.008 -0.098 -0.102 -0.102
 0.616  1.405  0.243 -0.007 -0.097 -0.102 -0.102
 0.618  1.405  0.243 -0.007 -0.097 -0.101 -0.101
 0.620  1.406  0.243 -0.006 -0.096 -0.100 -0.100
 0.622  1.406  0.243 -0.005 -0.095 -0.100 -0.100
 0.624  1.407  0.243 -0.004 -0.094 -0.099 -0.099
 0.626  1.407  0.243 -0.004 -0.094 -0.098 -0.098
 0.628  1.407  0.243 -0.003 -0.093 -0.098 -0.098
 0.630  1.408  0.243 -0.002 -0.092 -0.097 -0.097
 0.632  1.408  0.243 -0.001 -0.091 -0.096 -0.096
 0.634  1.409  0.243 -0.001 -0.090 -0.096 -0.096
 0.636  1.409  0.243  0.000 -0.090 -0.095 -0.095
 0.638  1.410  0.244  0.001 -0.089 -0.094 -0.094
 0.640  1.410  0.244  0.002 -0.088 -0.094 -0.094
 0.642  1.410  0.244  0.003 -0.087 -0.093 -0.093
 0.644  1.410  0.244  0.003 -0.086 -0.093 -0.093
 0.646  1.411  0.244  0.004 -0.085 -0.092 -0.092
 0.648  1.411  0.244  0.005 -0.085 -0.091 -0.091
 0.650  1.411  0.245  0.006 -0.084 -0.090 -0.090
 0.652  1.412  0.245  0.007 -0.083 -0.090 -0.090
 0.654  1.412  0.246  0.007 -0.082 -0.089 -0.089
 0.656  1.413  0.246  0.009 -0.081 -0.088 -0.088
 0.658  1.413  0.247  0.010 -0.080 -0.087 -0.087
 0.660  1.414  0.248  0.011 -0.079 -0.087 -0.087
 0.662  1.415  0.248  0.012 -0.078 -0.086 -0.086
 0.664  1.415  0.249  0.013 -0.077 -0.086 -0.086
 0.666  1.416  0.250  0.015 -0.076 -0.085 -0.085
 0.668  1.416  0.251  0.016 -0.075 -0.084 -0.084
 0.670  1.417  0.251  0.017 -0.073 -0.083 -0.083
 0.672  1.417  0.252  0.018 -0.072 -0.082 -0.082
 0.674  1.418  0.253  0.020 -0.071 -0.081 -0.081
 0.676  1.418  0.254  0.021 -0.069 -0.081 -0.081
 0.678  1.418  0.255  0.023 -0.068 -0.080 -0.080
 0.680  1.419  0.256  0.025 -0.066 -0.079 -0.079
 0.682  1.419  0.257  0.026 -0.065 -0.078 -0.078
 0.684  1.420  0.258  0.028 -0.064 -0.077 -0.077
 0.686  1.421  0.259  0.029 -0.062 -0.077 -0.077
 0.688  1.422  0.260  0.031 -0.060 -0.076 -0.076
 0.690  1.422  0.262  0.033 -0.058 -0.075 -0.075
 0.692  1.423  0.263  0.035 -0.057 -0.074 -0.074
 0.694  1.424  0.265  0.037 -0.055 -0.073 -0.073
 0.696  1.424  0.265  0.039 -0.053 -0.072 -0.072
 0.698  1.425  0.267  0.041 -0.051 -0.071 -0.071
 0.700  1.426  0.268  0.043 -0.049 -0.070 -0.070
 0.702  1.426  0.270  0.045 -0.047 -0.069 -0.069
 0.704  1.427  0.271  0.047 -0.045 -0.068 -0.068
 0.706  1.427  0.272  0.049 -0.043 -0.067 -0.067
 0.708  1.428  0.274  0.052 -0.040 -0.066 -0.066
 0.710  1.429  0.276  0.054 -0.038 -0.065 -0.065
 0.712  1.430  0.278  0.057 -0.036 -0.064 -0.064
 0.714  1.431  0.279  0.059 -0.033 -0.063 -0.063
 0.716  1.431  0.281  0.062 -0.031 -0.062 -0.062
 0.718  1.432  0.283  0.064 -0.028 -0.061 -0.061
 0.720  1.433  0.285  0.067 -0.026 -0.060 -0.060
 0.722  1.433  0.286  0.069 -0.023 -0.059 -0.059
 0.724  1.434  0.289  0.072 -0.020 -0.058 -0.058
 0.726  1.435  0.291  0.074 -0.017 -0.056 -0.056
 0.728  1.436  0.293  0.077 -0.015 -0.055 -0.055
 0.730  1.437  0.294  0.078 -0.012 -0.054 -0.054
 0.732  1.439  0.297  0.081 -0.009 -0.052 -0.052
 0.734  1.440  0.299  0.083 -0.006 -0.051 -0.051
 0.736  1.441  0.300  0.085 -0.004 -0.049 -0.049
 0.738  1.442  0.303  0.087 -0.001 -0.047 -0.047
 0.740  1.443  0.305  0.088  0.001 -0.045 -0.045
 0.742  1.445  0.307  0.090  0.004 -0.043 -0.043
 0.744  1.447  0.309  0.091  0.006 -0.041 -0.041
 0.746  1.449  0.312  0.093  0.009 -0.039 -0.039
 0.748  1.450  0.314  0.094  0.010 -0.037 -0.037
 0.750  1.452  0.316  0.096  0.012 -0.035 -0.035
 0.752  1.454  0.319  0.096  0.014 -0.033 -0.033
 0.754  1.456  0.322  0.097  0.016 -0.030 -0.030
 0.756  1.457  0.325  0.098  0.017 -0.029 -0.029
 0.758  1.459  0.327  0.099  0.018 -0.026 -0.026
 0.760  1.462  0.330  0.100  0.019 -0.024 -0.024
 0.762  1.464  0.333  0.100  0.020 -0.021 -0.021
 0.764  1.466  0.336  0.101  0.020 -0.019 -0.019
 0.766  1.469  0.339  0.101  0.021 -0.016 -0.016
 0.768  1.471  0.341  0.101  0.021 -0.013 -0.013
 0.770  1.473  0.343  0.102  0.021 -0.010 -0.010
 0.772  1.476  0.346  0.102  0.021 -0.007 -0.007
 0.774  1.479  0.348  0.102  0.020 -0.004 -0.004
 0.776  1.482  0.349  0.102  0.020 -0.001 -0.001
 0.778  1.485  0.351  0.102  0.019  0.002  0.002
 0.780  1.488  0.352  0.101  0.018  0.006  0.006
 0.782  1.491  0.353  0.101  0.017  0.009  0.009
 0.784  1.495  0.354  0.101  0.016  0.012  0.012
 0.786  1.498  0.354  0.100  0.015  0.016  0.016
 0.788  1.501  0.354  0.100  0.014  0.018  0.018
 0.790  1.504  0.353  0.098  0.012  0.022  0.022
 0.792  1.508  0.352  0.098  0.010  0.025  0.025
 0.794  1.510  0.350  0.097  0.008  0.027  0.027
 0.796  1.514  0.348  0.095  0.006  0.030  0.030
 0.798  1.517  0.347  0.093  0.004  0.032  0.032
 0.800  1.519  0.344  0.091  0.001  0.034  0.034
 0.802  1.522  0.341  0.090 -0.001  0.036  0.036
 0.804  1.524  0.337  0.087 -0.004  0.038  0.038
 0.806  1.526  0.334  0.084 -0.007  0.039  0.039
 0.808  1.526  0.329  0.082 -0.010  0.041  0.041
 0.810  1.527  0.325  0.078 -0.014  0.041  0.041
 0.812  1.527  0.320  0.075 -0.017  0.042  0.042
 0.814  1.526  0.315  0.071 -0.021  0.042  0.042
 0.816  1.526  0.310  0.067 -0.025  0.042  0.042
 0.818  1.524  0.304  0.062 -0.028  0.042  0.042
 0.820  1.521  0.298  0.058 -0.033  0.042  0.042
 0.822  1.518  0.291  0.053 -0.037  0.041  0.041
 0.824  1.515  0.284  0.048 -0.041  0.040  0.040
 0.826  1.511  0.277  0.042 -0.046  0.039  0.039
 0.828  1.507  0.269  0.036 -0.051  0.037  0.037
 0.830  1.503  0.261  0.030 -0.055  0.036  0.036
 0.832  1.497  0.252  0.024 -0.061  0.034  0.034
 0.834  1.491  0.244  0.017 -0.066  0.032  0.032
 0.836  1.486  0.234  0.010 -0.071  0.029  0.029
 0.838  1.479  0.225  0.003 -0.077  0.026  0.026
 0.840  1.472  0.215 -0.004 -0.082  0.024  0.024
 0.842  1.464  0.205 -0.011 -0.089  0.020  0.020
 0.844  1.456  0.195 -0.019 -0.094  0.017  0.017
 0.846  1.448  0.184 -0.027 -0.101  0.013  0.013
 0.848  1.439  0.174 -0.036 -0.107  0.010  0.010
 0.850  1.429  0.162 -0.045 -0.114  0.005  0.005
 0.852  1.419  0.152 -0.054 -0.120  0.001  0.001
 0.854  1.408  0.140 -0.063 -0.127 -0.004 -0.004
 0.856  1.396  0.129 -0.073 -0.134 -0.008 -0.008
 0.858  1.385  0.118 -0.083 -0.141 -0.014 -0.014
 0.860  1.372  0.106 -0.094 -0.149 -0.019 -0.019
 0.862  1.359  0.095 -0.104 -0.156 -0.024 -0.024
 0.864  1.347  0.084 -0.114 -0.164 -0.030 -0.030
 0.866  1.333  0.072 -0.124 -0.172 -0.036 -0.036
 0.868  1.319  0.060 -0.135 -0.180 -0.042 -0.042
 0.870  1.306  0.049 -0.145 -0.188 -0.047 -0.047
 0.872  1.292  0.036 -0.155 -0.196 -0.054 -0.054
 0.874  1.278  0.024 -0.165 -0.204 -0.060 -0.060
 0.876  1.264  0.012 -0.175 -0.213 -0.066 -0.066
 0.878  1.250 -0.000 -0.185 -0.222 -0.072 -0.072
 0.880  1.236 -0.013 -0.195 -0.230 -0.079 -0.079
 0.882  1.222 -0.025 -0.204 -0.239 -0.086 -0.086
 0.884  1.208 -0.038 -0.214 -0.247 -0.092 -0.092
 0.886  1.194 -0.050 -0.223 -0.255 -0.099 -0.099
 0.888  1.180 -0.063 -0.231 -0.264 -0.105 -0.105
 0.890  1.166 -0.076 -0.240 -0.271 -0.112 -0.112
 0.892  1.152 -0.090 -0.249 -0.279 -0.119 -0.119
 0.894  1.139 -0.104 -0.257 -0.287 -0.126 -0.126
 0.896  1.125 -0.117 -0.266 -0.294 -0.133 -0.133
 0.898  1.111 -0.131 -0.275 -0.301 -0.141 -0.141
 0.900  1.098 -0.145 -0.282 -0.308 -0.148 -0.148
 0.902  1.085 -0.158 -0.291 -0.315 -0.155 -0.155
 0.904  1.071 -0.172 -0.298 -0.321 -0.163 -0.163
 0.906  1.057 -0.186 -0.306 -0.328 -0.170 -0.170
 0.908  1.044 -0.200 -0.314 -0.334 -0.178 -0.178
 0.910  1.031 -0.214 -0.321 -0.340 -0.186 -0.186
 0.912  1.017 -0.228 -0.328 -0.346 -0.194 -0.194
 0.914  1.004 -0.242 -0.335 -0.351 -0.202 -0.202
 0.916  0.991 -0.255 -0.342 -0.357 -0.211 -0.211
 0.918  0.978 -0.268 -0.349 -0.363 -0.219 -0.219
 0.920  0.964 -0.282 -0.356 -0.368 -0.228 -0.228
 0.922  0.951 -0.294 -0.362 -0.373 -0.236 -0.236
 0.924  0.938 -0.307 -0.369 -0.378 -0.245 -0.245
 0.926  0.925 -0.320 -0.374 -0.383 -0.253 -0.253
 0.928  0.911 -0.332 -0.380 -0.388 -0.262 -0.262
 0.930  0.898 -0.343 -0.386 -0.392 -0.270 -0.270
 0.932  0.885 -0.355 -0.392 -0.396 -0.279 -0.279
 0.934  0.872 -0.365 -0.398 -0.400 -0.287 -0.287
 0.936  0.859 -0.376 -0.403 -0.404 -0.295 -0.295
 0.938  0.847 -0.386 -0.409 -0.408 -0.303 -0.303
 0.940  0.834 -0.395 -0.413 -0.412 -0.311 -0.311
 0.942  0.822 -0.404 -0.419 -0.414 -0.319 -0.319
 0.944  0.809 -0.413 -0.424 -0.418 -0.326 -0.326
 0.946  0.798 -0.421 -0.428 -0.421 -0.334 -0.334
 0.948  0.786 -0.430 -0.432 -0.424 -0.341 -0.341
 0.950  0.776 -0.437 -0.437 -0.426 -0.348 -0.348
 0.952  0.765 -0.445 -0.441 -0.429 -0.354 -0.354
 0.954  0.756 -0.452 -0.445 -0.432 -0.360 -0.360
 0.956  0.746 -0.458 -0.449 -0.434 -0.366 -0.366
 0.958  0.737 -0.465 -0.452 -0.437 -0.372 -0.372
 0.960  0.728 -0.471 -0.456 -0.438 -0.377 -0.377
 0.962  0.720 -0.476 -0.459 -0.441 -0.381 -0.381
 0.964  0.712 -0.481 -0.462 -0.443 -0.386 -0.386
 0.966  0.705 -0.487 -0.465 -0.445 -0.391 -0.391
 0.968  0.698 -0.491 -0.468 -0.446 -0.395 -0.395
 0.970  0.692 -0.495 -0.471 -0.448 -0.399 -0.399
 0.972  0.686 -0.500 -0.473 -0.450 -0.403 -0.403
 0.974  0.679 -0.503 -0.475 -0.451 -0.406 -0.406
 0.976  0.674 -0.506 -0.477 -0.452 -0.409 -0.409
 0.978  0.669 -0.508 -0.479 -0.453 -0.412 -0.412
 0.980  0.664 -0.511 -0.481 -0.455 -0.415 -0.415
 0.982  0.660 -0.513 -0.483 -0.456 -0.418 -0.418
 0.984  0.656 -0.515 -0.484 -0.457 -0.419 -0.419
 0.986  0.653 -0.516 -0.486 -0.457 -0.422 -0.422
 0.988  0.650 -0.517 -0.486 -0.458 -0.423 -0.423
 0.990  0.648 -0.518 -0.487 -0.459 -0.425 -0.425
 0.992  0.646 -0.519 -0.488 -0.459 -0.426 -0.426
 0.994  0.644 -0.520 -0.489 -0.460 -0.427 -0.427
 0.996  0.643 -0.520 -0.489 -0.460 -0.427 -0.427
 0.998  0.642 -0.521 -0.489 -0.460 -0.428 -0.428
