# IsPeriodic    : True
# Period        : 0.778254 days
# Normalization : <g_mag>=0
# 
# Phase u_mag  g_mag  r_mag  i_mag  z_mag  y_mag
 0.000  0.963 -0.138 -0.289 -0.345 -0.335 -0.335
 0.002  0.963 -0.138 -0.289 -0.345 -0.335 -0.335
 0.004  0.963 -0.138 -0.289 -0.345 -0.335 -0.335
 0.006  0.963 -0.138 -0.289 -0.345 -0.335 -0.335
 0.008  0.964 -0.138 -0.289 -0.345 -0.335 -0.335
 0.010  0.964 -0.137 -0.289 -0.345 -0.334 -0.334
 0.012  0.965 -0.137 -0.289 -0.345 -0.334 -0.334
 0.014  0.965 -0.137 -0.288 -0.345 -0.334 -0.334
 0.016  0.966 -0.136 -0.288 -0.344 -0.334 -0.334
 0.018  0.966 -0.136 -0.288 -0.344 -0.333 -0.333
 0.020  0.967 -0.136 -0.288 -0.344 -0.333 -0.333
 0.022  0.968 -0.135 -0.288 -0.343 -0.333 -0.333
 0.024  0.968 -0.135 -0.287 -0.343 -0.332 -0.332
 0.026  0.969 -0.134 -0.287 -0.343 -0.332 -0.332
 0.028  0.970 -0.134 -0.287 -0.342 -0.332 -0.332
 0.030  0.971 -0.133 -0.287 -0.342 -0.331 -0.331
 0.032  0.972 -0.132 -0.286 -0.342 -0.331 -0.331
 0.034  0.972 -0.132 -0.286 -0.342 -0.331 -0.331
 0.036  0.973 -0.131 -0.286 -0.341 -0.330 -0.330
 0.038  0.974 -0.131 -0.285 -0.341 -0.330 -0.330
 0.040  0.975 -0.130 -0.285 -0.341 -0.329 -0.329
 0.042  0.976 -0.129 -0.284 -0.340 -0.329 -0.329
 0.044  0.977 -0.128 -0.284 -0.340 -0.329 -0.329
 0.046  0.977 -0.127 -0.283 -0.340 -0.328 -0.328
 0.048  0.978 -0.126 -0.283 -0.339 -0.328 -0.328
 0.050  0.979 -0.125 -0.283 -0.339 -0.328 -0.328
 0.052  0.980 -0.124 -0.282 -0.339 -0.327 -0.327
 0.054  0.981 -0.123 -0.281 -0.338 -0.327 -0.327
 0.056  0.982 -0.122 -0.281 -0.338 -0.326 -0.326
 0.058  0.983 -0.121 -0.280 -0.338 -0.326 -0.326
 0.060  0.984 -0.120 -0.280 -0.337 -0.326 -0.326
 0.062  0.985 -0.118 -0.279 -0.337 -0.326 -0.326
 0.064  0.986 -0.117 -0.278 -0.337 -0.325 -0.325
 0.066  0.987 -0.116 -0.278 -0.336 -0.325 -0.325
 0.068  0.988 -0.115 -0.277 -0.336 -0.324 -0.324
 0.070  0.989 -0.113 -0.276 -0.336 -0.324 -0.324
 0.072  0.991 -0.112 -0.276 -0.335 -0.324 -0.324
 0.074  0.992 -0.111 -0.275 -0.335 -0.324 -0.324
 0.076  0.993 -0.109 -0.274 -0.335 -0.323 -0.323
 0.078  0.994 -0.108 -0.273 -0.334 -0.323 -0.323
 0.080  0.995 -0.106 -0.273 -0.334 -0.322 -0.322
 0.082  0.996 -0.105 -0.272 -0.334 -0.322 -0.322
 0.084  0.998 -0.104 -0.271 -0.333 -0.322 -0.322
 0.086  0.999 -0.103 -0.270 -0.333 -0.322 -0.322
 0.088  1.000 -0.101 -0.270 -0.332 -0.321 -0.321
 0.090  1.001 -0.100 -0.269 -0.332 -0.321 -0.321
 0.092  1.002 -0.099 -0.268 -0.332 -0.321 -0.321
 0.094  1.004 -0.097 -0.267 -0.331 -0.320 -0.320
 0.096  1.005 -0.096 -0.267 -0.331 -0.320 -0.320
 0.098  1.006 -0.095 -0.266 -0.331 -0.320 -0.320
 0.100  1.007 -0.094 -0.265 -0.330 -0.319 -0.319
 0.102  1.008 -0.093 -0.265 -0.330 -0.319 -0.319
 0.104  1.010 -0.092 -0.264 -0.330 -0.319 -0.319
 0.106  1.011 -0.091 -0.264 -0.329 -0.318 -0.318
 0.108  1.012 -0.089 -0.263 -0.329 -0.318 -0.318
 0.110  1.013 -0.088 -0.262 -0.328 -0.318 -0.318
 0.112  1.014 -0.087 -0.262 -0.328 -0.318 -0.318
 0.114  1.015 -0.086 -0.261 -0.328 -0.317 -0.317
 0.116  1.016 -0.085 -0.261 -0.327 -0.317 -0.317
 0.118  1.017 -0.084 -0.260 -0.327 -0.317 -0.317
 0.120  1.019 -0.083 -0.259 -0.326 -0.316 -0.316
 0.122  1.020 -0.082 -0.259 -0.326 -0.316 -0.316
 0.124  1.020 -0.081 -0.258 -0.325 -0.316 -0.316
 0.126  1.022 -0.080 -0.258 -0.325 -0.315 -0.315
 0.128  1.023 -0.079 -0.257 -0.324 -0.315 -0.315
 0.130  1.024 -0.078 -0.257 -0.324 -0.315 -0.315
 0.132  1.025 -0.077 -0.256 -0.323 -0.315 -0.315
 0.134  1.026 -0.076 -0.256 -0.323 -0.314 -0.314
 0.136  1.027 -0.075 -0.255 -0.323 -0.314 -0.314
 0.138  1.028 -0.075 -0.255 -0.322 -0.314 -0.314
 0.140  1.029 -0.074 -0.255 -0.322 -0.313 -0.313
 0.142  1.029 -0.073 -0.254 -0.321 -0.313 -0.313
 0.144  1.031 -0.072 -0.254 -0.321 -0.313 -0.313
 0.146  1.031 -0.071 -0.253 -0.320 -0.313 -0.313
 0.148  1.032 -0.070 -0.253 -0.320 -0.312 -0.312
 0.150  1.033 -0.070 -0.252 -0.319 -0.312 -0.312
 0.152  1.034 -0.069 -0.252 -0.319 -0.312 -0.312
 0.154  1.035 -0.068 -0.252 -0.318 -0.312 -0.312
 0.156  1.036 -0.067 -0.251 -0.318 -0.311 -0.311
 0.158  1.037 -0.066 -0.251 -0.317 -0.311 -0.311
 0.160  1.038 -0.065 -0.250 -0.316 -0.311 -0.311
 0.162  1.038 -0.064 -0.250 -0.316 -0.310 -0.310
 0.164  1.039 -0.063 -0.249 -0.315 -0.310 -0.310
 0.166  1.040 -0.063 -0.249 -0.315 -0.310 -0.310
 0.168  1.041 -0.062 -0.248 -0.314 -0.310 -0.310
 0.170  1.042 -0.061 -0.248 -0.314 -0.309 -0.309
 0.172  1.043 -0.060 -0.247 -0.313 -0.309 -0.309
 0.174  1.044 -0.059 -0.247 -0.313 -0.309 -0.309
 0.176  1.045 -0.058 -0.246 -0.312 -0.309 -0.309
 0.178  1.045 -0.057 -0.246 -0.312 -0.308 -0.308
 0.180  1.046 -0.056 -0.245 -0.311 -0.308 -0.308
 0.182  1.047 -0.055 -0.245 -0.311 -0.308 -0.308
 0.184  1.048 -0.054 -0.244 -0.310 -0.308 -0.308
 0.186  1.049 -0.053 -0.244 -0.310 -0.307 -0.307
 0.188  1.050 -0.052 -0.243 -0.309 -0.307 -0.307
 0.190  1.051 -0.051 -0.243 -0.309 -0.307 -0.307
 0.192  1.052 -0.050 -0.242 -0.309 -0.307 -0.307
 0.194  1.053 -0.049 -0.241 -0.308 -0.306 -0.306
 0.196  1.054 -0.048 -0.241 -0.308 -0.306 -0.306
 0.198  1.055 -0.047 -0.240 -0.307 -0.306 -0.306
 0.200  1.056 -0.046 -0.240 -0.307 -0.306 -0.306
 0.202  1.057 -0.045 -0.239 -0.306 -0.305 -0.305
 0.204  1.058 -0.044 -0.238 -0.306 -0.305 -0.305
 0.206  1.058 -0.043 -0.238 -0.306 -0.305 -0.305
 0.208  1.060 -0.042 -0.237 -0.305 -0.305 -0.305
 0.210  1.060 -0.041 -0.236 -0.305 -0.304 -0.304
 0.212  1.062 -0.040 -0.236 -0.305 -0.304 -0.304
 0.214  1.063 -0.039 -0.235 -0.304 -0.304 -0.304
 0.216  1.064 -0.038 -0.234 -0.304 -0.304 -0.304
 0.218  1.065 -0.037 -0.234 -0.303 -0.303 -0.303
 0.220  1.065 -0.036 -0.233 -0.303 -0.303 -0.303
 0.222  1.067 -0.035 -0.232 -0.303 -0.303 -0.303
 0.224  1.068 -0.034 -0.232 -0.302 -0.303 -0.303
 0.226  1.069 -0.033 -0.231 -0.302 -0.302 -0.302
 0.228  1.070 -0.032 -0.230 -0.302 -0.302 -0.302
 0.230  1.071 -0.031 -0.230 -0.301 -0.302 -0.302
 0.232  1.072 -0.030 -0.229 -0.301 -0.301 -0.301
 0.234  1.073 -0.029 -0.228 -0.301 -0.301 -0.301
 0.236  1.074 -0.028 -0.228 -0.301 -0.301 -0.301
 0.238  1.075 -0.027 -0.227 -0.300 -0.301 -0.301
 0.240  1.076 -0.026 -0.226 -0.300 -0.301 -0.301
 0.242  1.077 -0.025 -0.225 -0.299 -0.300 -0.300
 0.244  1.078 -0.024 -0.225 -0.299 -0.300 -0.300
 0.246  1.079 -0.023 -0.224 -0.299 -0.300 -0.300
 0.248  1.080 -0.022 -0.223 -0.299 -0.299 -0.299
 0.250  1.081 -0.021 -0.223 -0.298 -0.299 -0.299
 0.252  1.082 -0.020 -0.222 -0.298 -0.299 -0.299
 0.254  1.083 -0.020 -0.221 -0.297 -0.299 -0.299
 0.256  1.083 -0.019 -0.221 -0.297 -0.298 -0.298
 0.258  1.084 -0.018 -0.220 -0.297 -0.298 -0.298
 0.260  1.085 -0.017 -0.219 -0.296 -0.298 -0.298
 0.262  1.086 -0.016 -0.219 -0.296 -0.298 -0.298
 0.264  1.087 -0.016 -0.218 -0.295 -0.297 -0.297
 0.266  1.088 -0.015 -0.217 -0.295 -0.297 -0.297
 0.268  1.089 -0.014 -0.217 -0.295 -0.297 -0.297
 0.270  1.090 -0.013 -0.216 -0.294 -0.296 -0.296
 0.272  1.090 -0.012 -0.215 -0.294 -0.296 -0.296
 0.274  1.091 -0.012 -0.214 -0.293 -0.296 -0.296
 0.276  1.092 -0.011 -0.214 -0.293 -0.295 -0.295
 0.278  1.093 -0.010 -0.213 -0.293 -0.295 -0.295
 0.280  1.094 -0.009 -0.212 -0.292 -0.295 -0.295
 0.282  1.095 -0.009 -0.212 -0.292 -0.294 -0.294
 0.284  1.095 -0.008 -0.211 -0.291 -0.294 -0.294
 0.286  1.096 -0.007 -0.210 -0.291 -0.294 -0.294
 0.288  1.097 -0.007 -0.210 -0.290 -0.294 -0.294
 0.290  1.098 -0.006 -0.209 -0.290 -0.293 -0.293
 0.292  1.098 -0.005 -0.208 -0.289 -0.293 -0.293
 0.294  1.099 -0.005 -0.208 -0.289 -0.292 -0.292
 0.296  1.100 -0.004 -0.207 -0.288 -0.292 -0.292
 0.298  1.100 -0.003 -0.206 -0.288 -0.292 -0.292
 0.300  1.101 -0.002 -0.206 -0.287 -0.292 -0.292
 0.302  1.102 -0.002 -0.205 -0.287 -0.291 -0.291
 0.304  1.102 -0.001 -0.204 -0.286 -0.291 -0.291
 0.306  1.103 -0.000 -0.204 -0.286 -0.290 -0.290
 0.308  1.104  0.000 -0.203 -0.285 -0.290 -0.290
 0.310  1.104  0.001 -0.202 -0.285 -0.290 -0.290
 0.312  1.105  0.002 -0.202 -0.284 -0.289 -0.289
 0.314  1.106  0.002 -0.201 -0.284 -0.289 -0.289
 0.316  1.107  0.003 -0.201 -0.283 -0.289 -0.289
 0.318  1.107  0.004 -0.200 -0.283 -0.288 -0.288
 0.320  1.108  0.005 -0.199 -0.282 -0.288 -0.288
 0.322  1.109  0.006 -0.199 -0.282 -0.288 -0.288
 0.324  1.109  0.006 -0.198 -0.281 -0.287 -0.287
 0.326  1.110  0.007 -0.198 -0.281 -0.287 -0.287
 0.328  1.111  0.008 -0.197 -0.280 -0.287 -0.287
 0.330  1.111  0.008 -0.197 -0.280 -0.286 -0.286
 0.332  1.112  0.009 -0.196 -0.279 -0.286 -0.286
 0.334  1.113  0.010 -0.196 -0.279 -0.286 -0.286
 0.336  1.113  0.011 -0.195 -0.278 -0.285 -0.285
 0.338  1.114  0.011 -0.195 -0.278 -0.285 -0.285
 0.340  1.115  0.012 -0.194 -0.278 -0.285 -0.285
 0.342  1.115  0.013 -0.194 -0.277 -0.284 -0.284
 0.344  1.116  0.014 -0.193 -0.277 -0.284 -0.284
 0.346  1.117  0.014 -0.193 -0.276 -0.284 -0.284
 0.348  1.118  0.015 -0.192 -0.276 -0.283 -0.283
 0.350  1.118  0.016 -0.192 -0.275 -0.283 -0.283
 0.352  1.119  0.017 -0.191 -0.275 -0.283 -0.283
 0.354  1.119  0.018 -0.191 -0.274 -0.283 -0.283
 0.356  1.120  0.018 -0.190 -0.274 -0.282 -0.282
 0.358  1.121  0.019 -0.190 -0.273 -0.282 -0.282
 0.360  1.121  0.020 -0.190 -0.273 -0.282 -0.282
 0.362  1.122  0.021 -0.189 -0.272 -0.281 -0.281
 0.364  1.123  0.021 -0.189 -0.272 -0.281 -0.281
 0.366  1.124  0.022 -0.188 -0.272 -0.281 -0.281
 0.368  1.124  0.023 -0.188 -0.271 -0.281 -0.281
 0.370  1.125  0.024 -0.188 -0.271 -0.280 -0.280
 0.372  1.126  0.024 -0.187 -0.270 -0.280 -0.280
 0.374  1.126  0.025 -0.187 -0.270 -0.280 -0.280
 0.376  1.127  0.026 -0.186 -0.269 -0.279 -0.279
 0.378  1.128  0.027 -0.186 -0.269 -0.279 -0.279
 0.380  1.128  0.027 -0.185 -0.268 -0.279 -0.279
 0.382  1.129  0.028 -0.185 -0.268 -0.279 -0.279
 0.384  1.130  0.029 -0.185 -0.268 -0.278 -0.278
 0.386  1.130  0.029 -0.184 -0.267 -0.278 -0.278
 0.388  1.131  0.030 -0.184 -0.267 -0.278 -0.278
 0.390  1.132  0.031 -0.183 -0.266 -0.277 -0.277
 0.392  1.132  0.031 -0.183 -0.266 -0.277 -0.277
 0.394  1.133  0.032 -0.183 -0.266 -0.277 -0.277
 0.396  1.133  0.033 -0.182 -0.265 -0.277 -0.277
 0.398  1.134  0.033 -0.182 -0.265 -0.276 -0.276
 0.400  1.135  0.034 -0.181 -0.264 -0.276 -0.276
 0.402  1.135  0.035 -0.181 -0.264 -0.276 -0.276
 0.404  1.136  0.035 -0.181 -0.263 -0.275 -0.275
 0.406  1.137  0.036 -0.180 -0.263 -0.275 -0.275
 0.408  1.137  0.036 -0.180 -0.263 -0.275 -0.275
 0.410  1.138  0.037 -0.179 -0.262 -0.274 -0.274
 0.412  1.138  0.037 -0.179 -0.262 -0.274 -0.274
 0.414  1.139  0.038 -0.179 -0.262 -0.274 -0.274
 0.416  1.140  0.038 -0.178 -0.261 -0.274 -0.274
 0.418  1.140  0.039 -0.178 -0.261 -0.273 -0.273
 0.420  1.141  0.040 -0.177 -0.260 -0.273 -0.273
 0.422  1.142  0.040 -0.177 -0.260 -0.272 -0.272
 0.424  1.142  0.041 -0.177 -0.260 -0.272 -0.272
 0.426  1.143  0.041 -0.176 -0.259 -0.272 -0.272
 0.428  1.143  0.042 -0.176 -0.259 -0.272 -0.272
 0.430  1.144  0.042 -0.175 -0.258 -0.271 -0.271
 0.432  1.145  0.043 -0.175 -0.258 -0.271 -0.271
 0.434  1.145  0.043 -0.175 -0.258 -0.270 -0.270
 0.436  1.146  0.044 -0.174 -0.257 -0.270 -0.270
 0.438  1.146  0.044 -0.174 -0.257 -0.270 -0.270
 0.440  1.147  0.045 -0.173 -0.256 -0.269 -0.269
 0.442  1.147  0.045 -0.173 -0.256 -0.269 -0.269
 0.444  1.148  0.046 -0.173 -0.256 -0.269 -0.269
 0.446  1.149  0.046 -0.172 -0.255 -0.268 -0.268
 0.448  1.149  0.046 -0.172 -0.255 -0.268 -0.268
 0.450  1.149  0.047 -0.172 -0.255 -0.267 -0.267
 0.452  1.150  0.047 -0.171 -0.254 -0.267 -0.267
 0.454  1.151  0.048 -0.171 -0.254 -0.267 -0.267
 0.456  1.151  0.048 -0.170 -0.254 -0.266 -0.266
 0.458  1.152  0.049 -0.170 -0.253 -0.266 -0.266
 0.460  1.152  0.049 -0.170 -0.253 -0.266 -0.266
 0.462  1.152  0.050 -0.169 -0.253 -0.265 -0.265
 0.464  1.153  0.050 -0.169 -0.252 -0.265 -0.265
 0.466  1.153  0.051 -0.169 -0.252 -0.265 -0.265
 0.468  1.154  0.051 -0.168 -0.252 -0.264 -0.264
 0.470  1.154  0.051 -0.168 -0.251 -0.264 -0.264
 0.472  1.155  0.052 -0.167 -0.251 -0.264 -0.264
 0.474  1.155  0.052 -0.167 -0.250 -0.263 -0.263
 0.476  1.156  0.053 -0.167 -0.250 -0.263 -0.263
 0.478  1.156  0.053 -0.166 -0.250 -0.263 -0.263
 0.480  1.156  0.053 -0.166 -0.249 -0.262 -0.262
 0.482  1.157  0.054 -0.166 -0.249 -0.262 -0.262
 0.484  1.157  0.054 -0.165 -0.249 -0.262 -0.262
 0.486  1.158  0.055 -0.165 -0.248 -0.261 -0.261
 0.488  1.158  0.055 -0.165 -0.248 -0.261 -0.261
 0.490  1.158  0.056 -0.164 -0.248 -0.261 -0.261
 0.492  1.158  0.056 -0.164 -0.247 -0.261 -0.261
 0.494  1.159  0.056 -0.164 -0.247 -0.260 -0.260
 0.496  1.159  0.056 -0.163 -0.247 -0.260 -0.260
 0.498  1.159  0.057 -0.163 -0.246 -0.260 -0.260
 0.500  1.159  0.057 -0.163 -0.246 -0.260 -0.260
 0.502  1.160  0.058 -0.162 -0.246 -0.259 -0.259
 0.504  1.160  0.058 -0.162 -0.245 -0.259 -0.259
 0.506  1.160  0.058 -0.162 -0.245 -0.259 -0.259
 0.508  1.161  0.059 -0.162 -0.244 -0.259 -0.259
 0.510  1.161  0.059 -0.161 -0.244 -0.258 -0.258
 0.512  1.161  0.059 -0.161 -0.244 -0.258 -0.258
 0.514  1.161  0.060 -0.161 -0.243 -0.258 -0.258
 0.516  1.161  0.060 -0.160 -0.243 -0.258 -0.258
 0.518  1.162  0.060 -0.160 -0.243 -0.258 -0.258
 0.520  1.162  0.060 -0.160 -0.242 -0.258 -0.258
 0.522  1.162  0.061 -0.160 -0.242 -0.257 -0.257
 0.524  1.162  0.061 -0.159 -0.242 -0.257 -0.257
 0.526  1.163  0.061 -0.159 -0.241 -0.257 -0.257
 0.528  1.163  0.061 -0.159 -0.241 -0.257 -0.257
 0.530  1.163  0.062 -0.158 -0.241 -0.257 -0.257
 0.532  1.163  0.062 -0.158 -0.240 -0.257 -0.257
 0.534  1.163  0.062 -0.158 -0.240 -0.256 -0.256
 0.536  1.163  0.062 -0.158 -0.240 -0.256 -0.256
 0.538  1.164  0.063 -0.157 -0.240 -0.256 -0.256
 0.540  1.164  0.063 -0.157 -0.239 -0.256 -0.256
 0.542  1.164  0.063 -0.157 -0.239 -0.256 -0.256
 0.544  1.164  0.063 -0.157 -0.239 -0.256 -0.256
 0.546  1.164  0.063 -0.156 -0.238 -0.255 -0.255
 0.548  1.164  0.063 -0.156 -0.238 -0.255 -0.255
 0.550  1.165  0.063 -0.156 -0.238 -0.255 -0.255
 0.552  1.165  0.064 -0.156 -0.237 -0.255 -0.255
 0.554  1.165  0.064 -0.155 -0.237 -0.255 -0.255
 0.556  1.165  0.064 -0.155 -0.237 -0.254 -0.254
 0.558  1.165  0.064 -0.155 -0.237 -0.254 -0.254
 0.560  1.165  0.064 -0.155 -0.236 -0.254 -0.254
 0.562  1.166  0.064 -0.154 -0.236 -0.254 -0.254
 0.564  1.166  0.064 -0.154 -0.236 -0.254 -0.254
 0.566  1.166  0.064 -0.154 -0.236 -0.254 -0.254
 0.568  1.166  0.064 -0.154 -0.235 -0.253 -0.253
 0.570  1.166  0.064 -0.154 -0.235 -0.253 -0.253
 0.572  1.166  0.064 -0.153 -0.235 -0.253 -0.253
 0.574  1.167  0.064 -0.153 -0.234 -0.253 -0.253
 0.576  1.167  0.064 -0.153 -0.234 -0.253 -0.253
 0.578  1.167  0.064 -0.153 -0.234 -0.253 -0.253
 0.580  1.167  0.064 -0.153 -0.234 -0.252 -0.252
 0.582  1.167  0.064 -0.152 -0.233 -0.252 -0.252
 0.584  1.167  0.064 -0.152 -0.233 -0.252 -0.252
 0.586  1.168  0.064 -0.152 -0.233 -0.252 -0.252
 0.588  1.168  0.064 -0.152 -0.233 -0.252 -0.252
 0.590  1.168  0.064 -0.152 -0.233 -0.251 -0.251
 0.592  1.168  0.064 -0.151 -0.232 -0.251 -0.251
 0.594  1.168  0.064 -0.151 -0.232 -0.251 -0.251
 0.596  1.168  0.064 -0.151 -0.232 -0.251 -0.251
 0.598  1.168  0.064 -0.151 -0.232 -0.251 -0.251
 0.600  1.168  0.064 -0.150 -0.231 -0.251 -0.251
 0.602  1.169  0.064 -0.150 -0.231 -0.250 -0.250
 0.604  1.169  0.064 -0.150 -0.231 -0.250 -0.250
 0.606  1.169  0.064 -0.150 -0.231 -0.250 -0.250
 0.608  1.169  0.064 -0.149 -0.231 -0.250 -0.250
 0.610  1.169  0.064 -0.149 -0.230 -0.250 -0.250
 0.612  1.169  0.064 -0.149 -0.230 -0.249 -0.249
 0.614  1.169  0.065 -0.149 -0.230 -0.249 -0.249
 0.616  1.169  0.065 -0.148 -0.230 -0.249 -0.249
 0.618  1.170  0.065 -0.148 -0.230 -0.249 -0.249
 0.620  1.170  0.065 -0.148 -0.229 -0.249 -0.249
 0.622  1.170  0.065 -0.148 -0.229 -0.248 -0.248
 0.624  1.170  0.065 -0.147 -0.229 -0.248 -0.248
 0.626  1.170  0.065 -0.147 -0.229 -0.248 -0.248
 0.628  1.170  0.065 -0.147 -0.229 -0.248 -0.248
 0.630  1.170  0.065 -0.146 -0.228 -0.247 -0.247
 0.632  1.170  0.065 -0.146 -0.228 -0.247 -0.247
 0.634  1.170  0.065 -0.146 -0.228 -0.247 -0.247
 0.636  1.170  0.066 -0.146 -0.228 -0.247 -0.247
 0.638  1.170  0.066 -0.145 -0.228 -0.246 -0.246
 0.640  1.170  0.066 -0.145 -0.227 -0.246 -0.246
 0.642  1.170  0.066 -0.145 -0.227 -0.246 -0.246
 0.644  1.170  0.066 -0.144 -0.227 -0.246 -0.246
 0.646  1.170  0.066 -0.144 -0.227 -0.245 -0.245
 0.648  1.170  0.066 -0.144 -0.227 -0.245 -0.245
 0.650  1.170  0.066 -0.143 -0.227 -0.245 -0.245
 0.652  1.170  0.067 -0.143 -0.226 -0.244 -0.244
 0.654  1.170  0.067 -0.143 -0.226 -0.244 -0.244
 0.656  1.170  0.067 -0.142 -0.226 -0.244 -0.244
 0.658  1.170  0.067 -0.142 -0.226 -0.244 -0.244
 0.660  1.170  0.067 -0.142 -0.226 -0.243 -0.243
 0.662  1.170  0.067 -0.141 -0.226 -0.243 -0.243
 0.664  1.171  0.068 -0.141 -0.226 -0.243 -0.243
 0.666  1.171  0.068 -0.141 -0.225 -0.242 -0.242
 0.668  1.171  0.068 -0.140 -0.225 -0.242 -0.242
 0.670  1.171  0.069 -0.140 -0.225 -0.242 -0.242
 0.672  1.171  0.069 -0.139 -0.225 -0.242 -0.242
 0.674  1.171  0.069 -0.139 -0.225 -0.241 -0.241
 0.676  1.171  0.070 -0.138 -0.224 -0.241 -0.241
 0.678  1.171  0.070 -0.138 -0.224 -0.240 -0.240
 0.680  1.171  0.070 -0.137 -0.224 -0.240 -0.240
 0.682  1.171  0.071 -0.137 -0.224 -0.240 -0.240
 0.684  1.171  0.071 -0.136 -0.224 -0.239 -0.239
 0.686  1.171  0.071 -0.136 -0.223 -0.239 -0.239
 0.688  1.171  0.072 -0.135 -0.223 -0.238 -0.238
 0.690  1.172  0.072 -0.135 -0.223 -0.238 -0.238
 0.692  1.172  0.073 -0.134 -0.223 -0.238 -0.238
 0.694  1.172  0.073 -0.133 -0.223 -0.237 -0.237
 0.696  1.172  0.073 -0.133 -0.222 -0.237 -0.237
 0.698  1.172  0.074 -0.132 -0.222 -0.236 -0.236
 0.700  1.173  0.074 -0.132 -0.222 -0.236 -0.236
 0.702  1.173  0.075 -0.131 -0.222 -0.235 -0.235
 0.704  1.173  0.075 -0.130 -0.221 -0.235 -0.235
 0.706  1.173  0.076 -0.130 -0.221 -0.234 -0.234
 0.708  1.173  0.076 -0.129 -0.221 -0.234 -0.234
 0.710  1.173  0.077 -0.128 -0.220 -0.233 -0.233
 0.712  1.174  0.078 -0.128 -0.220 -0.233 -0.233
 0.714  1.174  0.078 -0.127 -0.220 -0.232 -0.232
 0.716  1.174  0.078 -0.126 -0.219 -0.231 -0.231
 0.718  1.175  0.079 -0.125 -0.219 -0.231 -0.231
 0.720  1.175  0.080 -0.125 -0.219 -0.230 -0.230
 0.722  1.175  0.080 -0.124 -0.218 -0.230 -0.230
 0.724  1.175  0.081 -0.124 -0.218 -0.229 -0.229
 0.726  1.176  0.081 -0.123 -0.218 -0.228 -0.228
 0.728  1.176  0.082 -0.123 -0.217 -0.228 -0.228
 0.730  1.176  0.082 -0.122 -0.217 -0.227 -0.227
 0.732  1.177  0.083 -0.122 -0.217 -0.226 -0.226
 0.734  1.177  0.083 -0.122 -0.217 -0.226 -0.226
 0.736  1.177  0.084 -0.122 -0.216 -0.225 -0.225
 0.738  1.177  0.085 -0.122 -0.216 -0.224 -0.224
 0.740  1.178  0.085 -0.122 -0.216 -0.224 -0.224
 0.742  1.178  0.085 -0.123 -0.216 -0.223 -0.223
 0.744  1.178  0.086 -0.123 -0.216 -0.223 -0.223
 0.746  1.178  0.087 -0.124 -0.216 -0.222 -0.222
 0.748  1.179  0.087 -0.124 -0.216 -0.222 -0.222
 0.750  1.179  0.088 -0.125 -0.216 -0.221 -0.221
 0.752  1.179  0.088 -0.125 -0.216 -0.220 -0.220
 0.754  1.179  0.089 -0.126 -0.216 -0.220 -0.220
 0.756  1.180  0.089 -0.127 -0.216 -0.219 -0.219
 0.758  1.180  0.089 -0.128 -0.216 -0.219 -0.219
 0.760  1.180  0.090 -0.129 -0.216 -0.219 -0.219
 0.762  1.180  0.090 -0.130 -0.217 -0.218 -0.218
 0.764  1.180  0.091 -0.131 -0.217 -0.218 -0.218
 0.766  1.180  0.091 -0.132 -0.217 -0.218 -0.218
 0.768  1.181  0.092 -0.134 -0.218 -0.217 -0.217
 0.770  1.181  0.092 -0.135 -0.218 -0.217 -0.217
 0.772  1.181  0.093 -0.137 -0.219 -0.217 -0.217
 0.774  1.181  0.093 -0.139 -0.219 -0.217 -0.217
 0.776  1.181  0.093 -0.141 -0.220 -0.217 -0.217
 0.778  1.181  0.094 -0.142 -0.221 -0.217 -0.217
 0.780  1.181  0.094 -0.144 -0.221 -0.217 -0.217
 0.782  1.181  0.095 -0.146 -0.222 -0.216 -0.216
 0.784  1.181  0.095 -0.149 -0.223 -0.216 -0.216
 0.786  1.181  0.096 -0.151 -0.224 -0.216 -0.216
 0.788  1.181  0.096 -0.153 -0.224 -0.216 -0.216
 0.790  1.181  0.096 -0.155 -0.225 -0.216 -0.216
 0.792  1.182  0.096 -0.158 -0.226 -0.216 -0.216
 0.794  1.182  0.096 -0.160 -0.227 -0.216 -0.216
 0.796  1.182  0.096 -0.162 -0.228 -0.216 -0.216
 0.798  1.182  0.096 -0.165 -0.229 -0.217 -0.217
 0.800  1.182  0.095 -0.167 -0.231 -0.217 -0.217
 0.802  1.181  0.095 -0.169 -0.232 -0.217 -0.217
 0.804  1.181  0.094 -0.172 -0.233 -0.217 -0.217
 0.806  1.181  0.093 -0.174 -0.234 -0.217 -0.217
 0.808  1.181  0.093 -0.176 -0.235 -0.218 -0.218
 0.810  1.180  0.092 -0.179 -0.237 -0.218 -0.218
 0.812  1.180  0.090 -0.181 -0.238 -0.218 -0.218
 0.814  1.179  0.089 -0.183 -0.239 -0.219 -0.219
 0.816  1.178  0.088 -0.185 -0.240 -0.219 -0.219
 0.818  1.177  0.086 -0.187 -0.242 -0.220 -0.220
 0.820  1.176  0.085 -0.190 -0.243 -0.220 -0.220
 0.822  1.175  0.083 -0.192 -0.244 -0.221 -0.221
 0.824  1.174  0.082 -0.194 -0.246 -0.222 -0.222
 0.826  1.173  0.079 -0.196 -0.247 -0.223 -0.223
 0.828  1.171  0.077 -0.198 -0.248 -0.223 -0.223
 0.830  1.170  0.075 -0.200 -0.250 -0.224 -0.224
 0.832  1.168  0.073 -0.202 -0.251 -0.225 -0.225
 0.834  1.166  0.071 -0.204 -0.252 -0.226 -0.226
 0.836  1.164  0.068 -0.206 -0.254 -0.227 -0.227
 0.838  1.162  0.065 -0.208 -0.255 -0.229 -0.229
 0.840  1.160  0.062 -0.210 -0.257 -0.230 -0.230
 0.842  1.158  0.060 -0.212 -0.258 -0.231 -0.231
 0.844  1.156  0.056 -0.214 -0.259 -0.232 -0.232
 0.846  1.153  0.053 -0.216 -0.261 -0.234 -0.234
 0.848  1.151  0.050 -0.218 -0.262 -0.235 -0.235
 0.850  1.148  0.047 -0.220 -0.264 -0.237 -0.237
 0.852  1.145  0.043 -0.222 -0.265 -0.238 -0.238
 0.854  1.142  0.040 -0.224 -0.267 -0.240 -0.240
 0.856  1.139  0.036 -0.226 -0.268 -0.241 -0.241
 0.858  1.136  0.032 -0.228 -0.270 -0.243 -0.243
 0.860  1.133  0.029 -0.230 -0.272 -0.245 -0.245
 0.862  1.129  0.025 -0.231 -0.273 -0.247 -0.247
 0.864  1.126  0.021 -0.233 -0.275 -0.249 -0.249
 0.866  1.122  0.017 -0.235 -0.276 -0.251 -0.251
 0.868  1.118  0.013 -0.237 -0.278 -0.253 -0.253
 0.870  1.115  0.010 -0.238 -0.280 -0.255 -0.255
 0.872  1.111  0.006 -0.240 -0.281 -0.257 -0.257
 0.874  1.107  0.002 -0.242 -0.283 -0.259 -0.259
 0.876  1.103 -0.001 -0.243 -0.284 -0.261 -0.261
 0.878  1.099 -0.005 -0.245 -0.286 -0.264 -0.264
 0.880  1.095 -0.008 -0.246 -0.288 -0.266 -0.266
 0.882  1.091 -0.012 -0.248 -0.289 -0.268 -0.268
 0.884  1.088 -0.015 -0.250 -0.291 -0.271 -0.271
 0.886  1.084 -0.019 -0.251 -0.292 -0.273 -0.273
 0.888  1.080 -0.022 -0.252 -0.294 -0.275 -0.275
 0.890  1.076 -0.026 -0.254 -0.295 -0.277 -0.277
 0.892  1.072 -0.029 -0.255 -0.297 -0.280 -0.280
 0.894  1.069 -0.032 -0.257 -0.298 -0.282 -0.282
 0.896  1.065 -0.036 -0.258 -0.300 -0.284 -0.284
 0.898  1.062 -0.039 -0.259 -0.301 -0.286 -0.286
 0.900  1.058 -0.042 -0.260 -0.303 -0.288 -0.288
 0.902  1.055 -0.045 -0.262 -0.304 -0.290 -0.290
 0.904  1.052 -0.049 -0.263 -0.306 -0.292 -0.292
 0.906  1.049 -0.052 -0.264 -0.307 -0.293 -0.293
 0.908  1.045 -0.055 -0.265 -0.308 -0.295 -0.295
 0.910  1.042 -0.058 -0.266 -0.310 -0.297 -0.297
 0.912  1.039 -0.062 -0.267 -0.311 -0.299 -0.299
 0.914  1.036 -0.065 -0.268 -0.312 -0.300 -0.300
 0.916  1.033 -0.068 -0.269 -0.314 -0.302 -0.302
 0.918  1.030 -0.071 -0.270 -0.315 -0.304 -0.304
 0.920  1.027 -0.074 -0.271 -0.316 -0.305 -0.305
 0.922  1.024 -0.077 -0.272 -0.318 -0.307 -0.307
 0.924  1.021 -0.080 -0.273 -0.319 -0.308 -0.308
 0.926  1.019 -0.083 -0.274 -0.320 -0.310 -0.310
 0.928  1.016 -0.086 -0.275 -0.321 -0.311 -0.311
 0.930  1.013 -0.088 -0.275 -0.322 -0.312 -0.312
 0.932  1.010 -0.091 -0.276 -0.323 -0.314 -0.314
 0.934  1.008 -0.094 -0.277 -0.325 -0.315 -0.315
 0.936  1.005 -0.096 -0.278 -0.326 -0.316 -0.316
 0.938  1.003 -0.099 -0.278 -0.327 -0.317 -0.317
 0.940  1.000 -0.102 -0.279 -0.328 -0.318 -0.318
 0.942  0.998 -0.104 -0.280 -0.329 -0.319 -0.319
 0.944  0.996 -0.106 -0.280 -0.330 -0.320 -0.320
 0.946  0.993 -0.109 -0.281 -0.331 -0.321 -0.321
 0.948  0.991 -0.111 -0.281 -0.332 -0.322 -0.322
 0.950  0.989 -0.113 -0.282 -0.333 -0.323 -0.323
 0.952  0.987 -0.115 -0.283 -0.334 -0.324 -0.324
 0.954  0.985 -0.117 -0.283 -0.335 -0.325 -0.325
 0.956  0.983 -0.119 -0.284 -0.336 -0.326 -0.326
 0.958  0.982 -0.120 -0.284 -0.337 -0.327 -0.327
 0.960  0.980 -0.122 -0.284 -0.338 -0.327 -0.327
 0.962  0.978 -0.124 -0.285 -0.338 -0.328 -0.328
 0.964  0.977 -0.125 -0.285 -0.339 -0.329 -0.329
 0.966  0.975 -0.126 -0.286 -0.340 -0.329 -0.329
 0.968  0.974 -0.128 -0.286 -0.340 -0.330 -0.330
 0.970  0.972 -0.129 -0.286 -0.341 -0.331 -0.331
 0.972  0.971 -0.130 -0.287 -0.342 -0.331 -0.331
 0.974  0.970 -0.131 -0.287 -0.342 -0.332 -0.332
 0.976  0.969 -0.132 -0.287 -0.343 -0.332 -0.332
 0.978  0.968 -0.133 -0.288 -0.343 -0.332 -0.332
 0.980  0.967 -0.134 -0.288 -0.344 -0.333 -0.333
 0.982  0.966 -0.135 -0.288 -0.344 -0.333 -0.333
 0.984  0.966 -0.135 -0.288 -0.344 -0.333 -0.333
 0.986  0.965 -0.136 -0.288 -0.344 -0.334 -0.334
 0.988  0.965 -0.136 -0.288 -0.345 -0.334 -0.334
 0.990  0.964 -0.137 -0.289 -0.345 -0.334 -0.334
 0.992  0.964 -0.137 -0.289 -0.345 -0.334 -0.334
 0.994  0.963 -0.138 -0.289 -0.345 -0.335 -0.335
 0.996  0.963 -0.138 -0.289 -0.345 -0.335 -0.335
 0.998  0.963 -0.138 -0.289 -0.345 -0.335 -0.335
