# IsPeriodic    : True
# Period        : 0.566611 days
# Normalization : <g_mag>=0
# 
# Phase u_mag  g_mag  r_mag  i_mag  z_mag  y_mag
0 0.743 -0.493 -0.528 -0.475 -0.494 -0.494
0.00113322 0.743 -0.493 -0.528 -0.475 -0.494 -0.494
0.00226644 0.744 -0.493 -0.528 -0.475 -0.493 -0.493
0.00339967 0.745 -0.492 -0.527 -0.475 -0.493 -0.493
0.00453289 0.746 -0.490 -0.526 -0.474 -0.493 -0.493
0.00566611 0.748 -0.489 -0.526 -0.473 -0.492 -0.492
0.00679933 0.750 -0.486 -0.525 -0.473 -0.491 -0.491
0.00793255 0.753 -0.484 -0.524 -0.471 -0.490 -0.490
0.00906578 0.755 -0.482 -0.523 -0.470 -0.488 -0.488
0.010199 0.758 -0.480 -0.522 -0.469 -0.488 -0.488
0.0113322 0.761 -0.476 -0.520 -0.467 -0.486 -0.486
0.0124654 0.765 -0.473 -0.519 -0.466 -0.485 -0.485
0.0135987 0.767 -0.470 -0.517 -0.464 -0.483 -0.483
0.0147319 0.771 -0.467 -0.516 -0.462 -0.482 -0.482
0.0158651 0.774 -0.464 -0.514 -0.461 -0.480 -0.480
0.0169983 0.777 -0.460 -0.512 -0.459 -0.479 -0.479
0.0181316 0.780 -0.457 -0.510 -0.456 -0.477 -0.477
0.0192648 0.783 -0.454 -0.509 -0.455 -0.476 -0.476
0.020398 0.786 -0.450 -0.507 -0.453 -0.475 -0.475
0.0215312 0.789 -0.447 -0.504 -0.451 -0.473 -0.473
0.0226644 0.792 -0.443 -0.503 -0.449 -0.471 -0.471
0.0237977 0.795 -0.440 -0.500 -0.447 -0.470 -0.470
0.0249309 0.798 -0.436 -0.498 -0.445 -0.468 -0.468
0.0260641 0.801 -0.433 -0.495 -0.443 -0.466 -0.466
0.0271973 0.804 -0.429 -0.493 -0.441 -0.465 -0.465
0.0283305 0.808 -0.425 -0.490 -0.439 -0.463 -0.463
0.0294638 0.811 -0.421 -0.487 -0.437 -0.461 -0.461
0.030597 0.815 -0.418 -0.484 -0.436 -0.459 -0.459
0.0317302 0.818 -0.414 -0.481 -0.434 -0.456 -0.456
0.0328634 0.822 -0.411 -0.478 -0.432 -0.455 -0.455
0.0339967 0.826 -0.407 -0.475 -0.431 -0.452 -0.452
0.0351299 0.829 -0.403 -0.471 -0.429 -0.450 -0.450
0.0362631 0.833 -0.398 -0.468 -0.427 -0.448 -0.448
0.0373963 0.837 -0.394 -0.464 -0.425 -0.445 -0.445
0.0385295 0.840 -0.390 -0.461 -0.424 -0.443 -0.443
0.0396628 0.845 -0.387 -0.457 -0.422 -0.441 -0.441
0.040796 0.848 -0.382 -0.454 -0.420 -0.438 -0.438
0.0419292 0.852 -0.378 -0.450 -0.418 -0.436 -0.436
0.0430624 0.856 -0.373 -0.446 -0.417 -0.434 -0.434
0.0441957 0.860 -0.370 -0.442 -0.415 -0.431 -0.431
0.0453289 0.864 -0.365 -0.438 -0.413 -0.428 -0.428
0.0464621 0.868 -0.361 -0.435 -0.412 -0.426 -0.426
0.0475953 0.872 -0.356 -0.431 -0.410 -0.423 -0.423
0.0487285 0.876 -0.352 -0.427 -0.408 -0.421 -0.421
0.0498618 0.880 -0.347 -0.424 -0.407 -0.419 -0.419
0.050995 0.884 -0.343 -0.420 -0.405 -0.417 -0.417
0.0521282 0.888 -0.339 -0.416 -0.404 -0.414 -0.414
0.0532614 0.891 -0.334 -0.413 -0.402 -0.412 -0.412
0.0543947 0.896 -0.330 -0.410 -0.400 -0.410 -0.410
0.0555279 0.899 -0.325 -0.406 -0.399 -0.407 -0.407
0.0566611 0.903 -0.321 -0.403 -0.397 -0.406 -0.406
0.0577943 0.907 -0.317 -0.400 -0.395 -0.403 -0.403
0.0589275 0.911 -0.312 -0.397 -0.394 -0.402 -0.402
0.0600608 0.914 -0.308 -0.394 -0.392 -0.399 -0.399
0.061194 0.918 -0.304 -0.391 -0.391 -0.397 -0.397
0.0623272 0.921 -0.300 -0.388 -0.389 -0.395 -0.395
0.0634604 0.925 -0.296 -0.385 -0.388 -0.393 -0.393
0.0645937 0.928 -0.292 -0.382 -0.386 -0.391 -0.391
0.0657269 0.932 -0.288 -0.379 -0.384 -0.390 -0.390
0.0668601 0.935 -0.284 -0.376 -0.383 -0.388 -0.388
0.0679933 0.938 -0.281 -0.374 -0.382 -0.386 -0.386
0.0691265 0.942 -0.277 -0.371 -0.380 -0.384 -0.384
0.0702598 0.945 -0.273 -0.369 -0.378 -0.382 -0.382
0.071393 0.948 -0.269 -0.366 -0.376 -0.380 -0.380
0.0725262 0.951 -0.265 -0.363 -0.375 -0.379 -0.379
0.0736594 0.954 -0.262 -0.361 -0.374 -0.377 -0.377
0.0747927 0.957 -0.258 -0.359 -0.372 -0.375 -0.375
0.0759259 0.960 -0.254 -0.356 -0.370 -0.374 -0.374
0.0770591 0.964 -0.251 -0.354 -0.369 -0.373 -0.373
0.0781923 0.966 -0.247 -0.352 -0.367 -0.371 -0.371
0.0793255 0.969 -0.244 -0.350 -0.366 -0.369 -0.369
0.0804588 0.972 -0.241 -0.348 -0.364 -0.368 -0.368
0.081592 0.975 -0.237 -0.346 -0.363 -0.367 -0.367
0.0827252 0.978 -0.234 -0.344 -0.361 -0.365 -0.365
0.0838584 0.981 -0.231 -0.341 -0.360 -0.364 -0.364
0.0849916 0.983 -0.228 -0.340 -0.358 -0.363 -0.363
0.0861249 0.986 -0.225 -0.337 -0.357 -0.361 -0.361
0.0872581 0.989 -0.222 -0.335 -0.355 -0.360 -0.360
0.0883913 0.992 -0.219 -0.333 -0.354 -0.359 -0.359
0.0895245 0.995 -0.216 -0.331 -0.352 -0.357 -0.357
0.0906578 0.997 -0.212 -0.330 -0.351 -0.356 -0.356
0.091791 1.000 -0.210 -0.327 -0.349 -0.354 -0.354
0.0929242 1.003 -0.207 -0.325 -0.347 -0.353 -0.353
0.0940574 1.005 -0.204 -0.324 -0.346 -0.352 -0.352
0.0951906 1.008 -0.201 -0.321 -0.345 -0.350 -0.350
0.0963239 1.010 -0.198 -0.320 -0.343 -0.349 -0.349
0.0974571 1.013 -0.195 -0.318 -0.342 -0.348 -0.348
0.0985903 1.016 -0.192 -0.315 -0.340 -0.346 -0.346
0.0997235 1.019 -0.188 -0.314 -0.339 -0.345 -0.345
0.100857 1.022 -0.185 -0.312 -0.337 -0.343 -0.343
0.10199 1.024 -0.182 -0.309 -0.336 -0.342 -0.342
0.103123 1.027 -0.179 -0.308 -0.334 -0.341 -0.341
0.104256 1.030 -0.176 -0.306 -0.333 -0.339 -0.339
0.10539 1.032 -0.173 -0.304 -0.332 -0.338 -0.338
0.106523 1.035 -0.170 -0.302 -0.330 -0.337 -0.337
0.107656 1.038 -0.167 -0.300 -0.329 -0.335 -0.335
0.108789 1.041 -0.164 -0.298 -0.328 -0.334 -0.334
0.109923 1.043 -0.161 -0.296 -0.327 -0.333 -0.333
0.111056 1.046 -0.157 -0.294 -0.325 -0.332 -0.332
0.112189 1.049 -0.154 -0.292 -0.324 -0.330 -0.330
0.113322 1.051 -0.151 -0.290 -0.322 -0.329 -0.329
0.114455 1.054 -0.147 -0.288 -0.321 -0.327 -0.327
0.115589 1.056 -0.144 -0.286 -0.320 -0.326 -0.326
0.116722 1.059 -0.140 -0.284 -0.319 -0.325 -0.325
0.117855 1.062 -0.137 -0.282 -0.317 -0.323 -0.323
0.118988 1.065 -0.134 -0.281 -0.316 -0.322 -0.322
0.120122 1.068 -0.130 -0.279 -0.315 -0.321 -0.321
0.121255 1.071 -0.127 -0.276 -0.314 -0.319 -0.319
0.122388 1.073 -0.123 -0.275 -0.313 -0.318 -0.318
0.123521 1.076 -0.120 -0.273 -0.311 -0.316 -0.316
0.124654 1.078 -0.116 -0.271 -0.310 -0.315 -0.315
0.125788 1.081 -0.112 -0.269 -0.309 -0.314 -0.314
0.126921 1.084 -0.109 -0.267 -0.308 -0.312 -0.312
0.128054 1.087 -0.105 -0.265 -0.307 -0.311 -0.311
0.129187 1.090 -0.101 -0.263 -0.306 -0.310 -0.310
0.130321 1.093 -0.098 -0.262 -0.305 -0.309 -0.309
0.131454 1.095 -0.094 -0.260 -0.304 -0.307 -0.307
0.132587 1.098 -0.090 -0.258 -0.303 -0.306 -0.306
0.13372 1.100 -0.086 -0.256 -0.302 -0.305 -0.305
0.134853 1.102 -0.083 -0.254 -0.301 -0.303 -0.303
0.135987 1.105 -0.079 -0.252 -0.300 -0.302 -0.302
0.13712 1.108 -0.075 -0.250 -0.298 -0.301 -0.301
0.138253 1.110 -0.072 -0.249 -0.298 -0.299 -0.299
0.139386 1.113 -0.069 -0.247 -0.297 -0.298 -0.298
0.14052 1.115 -0.065 -0.245 -0.295 -0.297 -0.297
0.141653 1.118 -0.062 -0.243 -0.294 -0.296 -0.296
0.142786 1.120 -0.058 -0.242 -0.293 -0.294 -0.294
0.143919 1.123 -0.055 -0.240 -0.292 -0.294 -0.294
0.145052 1.125 -0.051 -0.239 -0.291 -0.292 -0.292
0.146186 1.128 -0.048 -0.237 -0.290 -0.291 -0.291
0.147319 1.130 -0.045 -0.235 -0.289 -0.290 -0.290
0.148452 1.132 -0.042 -0.233 -0.287 -0.289 -0.289
0.149585 1.135 -0.039 -0.231 -0.286 -0.288 -0.288
0.150719 1.137 -0.036 -0.230 -0.285 -0.286 -0.286
0.151852 1.139 -0.033 -0.228 -0.284 -0.285 -0.285
0.152985 1.142 -0.030 -0.227 -0.283 -0.284 -0.284
0.154118 1.144 -0.027 -0.225 -0.282 -0.283 -0.283
0.155251 1.146 -0.024 -0.223 -0.280 -0.282 -0.282
0.156385 1.149 -0.021 -0.221 -0.279 -0.281 -0.281
0.157518 1.151 -0.018 -0.220 -0.278 -0.279 -0.279
0.158651 1.153 -0.015 -0.218 -0.277 -0.278 -0.278
0.159784 1.155 -0.012 -0.217 -0.275 -0.277 -0.277
0.160918 1.157 -0.009 -0.216 -0.274 -0.276 -0.276
0.162051 1.159 -0.007 -0.214 -0.273 -0.275 -0.275
0.163184 1.161 -0.003 -0.212 -0.272 -0.274 -0.274
0.164317 1.163 -0.001 -0.211 -0.270 -0.273 -0.273
0.16545 1.166 0.001 -0.209 -0.269 -0.272 -0.272
0.166584 1.168 0.004 -0.207 -0.268 -0.271 -0.271
0.167717 1.170 0.007 -0.206 -0.266 -0.270 -0.270
0.16885 1.172 0.009 -0.204 -0.265 -0.268 -0.268
0.169983 1.174 0.012 -0.203 -0.263 -0.267 -0.267
0.171117 1.175 0.014 -0.201 -0.262 -0.267 -0.267
0.17225 1.178 0.017 -0.200 -0.261 -0.265 -0.265
0.173383 1.180 0.019 -0.198 -0.259 -0.264 -0.264
0.174516 1.182 0.021 -0.197 -0.258 -0.263 -0.263
0.175649 1.184 0.024 -0.195 -0.256 -0.262 -0.262
0.176783 1.185 0.027 -0.193 -0.255 -0.261 -0.261
0.177916 1.187 0.029 -0.191 -0.254 -0.260 -0.260
0.179049 1.190 0.031 -0.190 -0.252 -0.259 -0.259
0.180182 1.192 0.034 -0.188 -0.250 -0.258 -0.258
0.181316 1.193 0.036 -0.187 -0.249 -0.257 -0.257
0.182449 1.195 0.039 -0.185 -0.248 -0.256 -0.256
0.183582 1.197 0.041 -0.183 -0.246 -0.255 -0.255
0.184715 1.199 0.044 -0.182 -0.245 -0.254 -0.254
0.185848 1.201 0.046 -0.180 -0.244 -0.252 -0.252
0.186982 1.203 0.048 -0.178 -0.242 -0.251 -0.251
0.188115 1.205 0.051 -0.177 -0.241 -0.251 -0.251
0.189248 1.207 0.054 -0.175 -0.240 -0.250 -0.250
0.190381 1.209 0.056 -0.174 -0.238 -0.248 -0.248
0.191515 1.211 0.058 -0.172 -0.237 -0.247 -0.247
0.192648 1.212 0.061 -0.170 -0.236 -0.246 -0.246
0.193781 1.214 0.064 -0.168 -0.234 -0.245 -0.245
0.194914 1.216 0.066 -0.166 -0.233 -0.244 -0.244
0.196047 1.218 0.068 -0.165 -0.232 -0.243 -0.243
0.197181 1.220 0.072 -0.163 -0.231 -0.242 -0.242
0.198314 1.222 0.074 -0.161 -0.230 -0.241 -0.241
0.199447 1.224 0.076 -0.159 -0.228 -0.240 -0.240
0.20058 1.226 0.079 -0.158 -0.227 -0.239 -0.239
0.201714 1.227 0.082 -0.156 -0.226 -0.238 -0.238
0.202847 1.229 0.084 -0.155 -0.225 -0.237 -0.237
0.20398 1.231 0.086 -0.153 -0.223 -0.236 -0.236
0.205113 1.233 0.089 -0.151 -0.222 -0.235 -0.235
0.206246 1.235 0.092 -0.149 -0.221 -0.234 -0.234
0.20738 1.236 0.094 -0.148 -0.220 -0.233 -0.233
0.208513 1.238 0.096 -0.146 -0.219 -0.231 -0.231
0.209646 1.240 0.099 -0.144 -0.218 -0.230 -0.230
0.210779 1.242 0.102 -0.142 -0.216 -0.230 -0.230
0.211913 1.243 0.104 -0.140 -0.215 -0.228 -0.228
0.213046 1.246 0.107 -0.139 -0.214 -0.227 -0.227
0.214179 1.247 0.110 -0.138 -0.213 -0.226 -0.226
0.215312 1.249 0.112 -0.136 -0.212 -0.225 -0.225
0.216445 1.250 0.115 -0.134 -0.211 -0.224 -0.224
0.217579 1.253 0.117 -0.132 -0.210 -0.223 -0.223
0.218712 1.254 0.120 -0.131 -0.209 -0.222 -0.222
0.219845 1.256 0.122 -0.129 -0.208 -0.220 -0.220
0.220978 1.258 0.124 -0.127 -0.207 -0.219 -0.219
0.222112 1.260 0.127 -0.126 -0.206 -0.218 -0.218
0.223245 1.261 0.129 -0.125 -0.204 -0.217 -0.217
0.224378 1.263 0.131 -0.123 -0.203 -0.216 -0.216
0.225511 1.265 0.133 -0.122 -0.202 -0.215 -0.215
0.226644 1.266 0.136 -0.120 -0.201 -0.213 -0.213
0.227778 1.268 0.137 -0.118 -0.200 -0.213 -0.213
0.228911 1.270 0.140 -0.117 -0.199 -0.211 -0.211
0.230044 1.272 0.142 -0.115 -0.198 -0.210 -0.210
0.231177 1.273 0.144 -0.114 -0.196 -0.209 -0.209
0.232311 1.275 0.146 -0.112 -0.196 -0.208 -0.208
0.233444 1.277 0.148 -0.111 -0.194 -0.207 -0.207
0.234577 1.278 0.150 -0.109 -0.193 -0.205 -0.205
0.23571 1.280 0.152 -0.108 -0.192 -0.204 -0.204
0.236843 1.282 0.154 -0.106 -0.191 -0.203 -0.203
0.237977 1.283 0.155 -0.105 -0.190 -0.202 -0.202
0.23911 1.284 0.157 -0.103 -0.189 -0.201 -0.201
0.240243 1.287 0.159 -0.102 -0.187 -0.199 -0.199
0.241376 1.288 0.161 -0.101 -0.186 -0.198 -0.198
0.24251 1.289 0.163 -0.099 -0.185 -0.197 -0.197
0.243643 1.292 0.164 -0.098 -0.184 -0.196 -0.196
0.244776 1.293 0.166 -0.097 -0.183 -0.194 -0.194
0.245909 1.294 0.168 -0.095 -0.181 -0.193 -0.193
0.247042 1.296 0.169 -0.094 -0.180 -0.192 -0.192
0.248176 1.298 0.171 -0.093 -0.179 -0.191 -0.191
0.249309 1.299 0.172 -0.091 -0.178 -0.190 -0.190
0.250442 1.301 0.174 -0.090 -0.176 -0.188 -0.188
0.251575 1.302 0.175 -0.088 -0.175 -0.187 -0.187
0.252709 1.304 0.177 -0.087 -0.174 -0.186 -0.186
0.253842 1.305 0.178 -0.086 -0.172 -0.185 -0.185
0.254975 1.306 0.179 -0.084 -0.172 -0.184 -0.184
0.256108 1.309 0.181 -0.083 -0.170 -0.182 -0.182
0.257241 1.310 0.182 -0.082 -0.169 -0.181 -0.181
0.258375 1.311 0.184 -0.080 -0.168 -0.180 -0.180
0.259508 1.312 0.185 -0.079 -0.166 -0.179 -0.179
0.260641 1.314 0.186 -0.078 -0.165 -0.178 -0.178
0.261774 1.315 0.188 -0.077 -0.164 -0.177 -0.177
0.262908 1.316 0.189 -0.075 -0.163 -0.176 -0.176
0.264041 1.318 0.190 -0.074 -0.162 -0.175 -0.175
0.265174 1.319 0.192 -0.073 -0.160 -0.174 -0.174
0.266307 1.320 0.193 -0.071 -0.160 -0.173 -0.173
0.26744 1.321 0.195 -0.070 -0.158 -0.171 -0.171
0.268574 1.323 0.195 -0.069 -0.157 -0.170 -0.170
0.269707 1.323 0.197 -0.068 -0.156 -0.170 -0.170
0.27084 1.325 0.199 -0.067 -0.155 -0.169 -0.169
0.271973 1.326 0.199 -0.065 -0.154 -0.167 -0.167
0.273107 1.327 0.201 -0.064 -0.153 -0.166 -0.166
0.27424 1.328 0.202 -0.063 -0.152 -0.165 -0.165
0.275373 1.329 0.204 -0.062 -0.151 -0.165 -0.165
0.276506 1.331 0.205 -0.061 -0.150 -0.164 -0.164
0.277639 1.331 0.206 -0.060 -0.149 -0.163 -0.163
0.278773 1.332 0.208 -0.058 -0.148 -0.162 -0.162
0.279906 1.333 0.209 -0.057 -0.147 -0.161 -0.161
0.281039 1.334 0.210 -0.056 -0.146 -0.160 -0.160
0.282172 1.335 0.212 -0.055 -0.145 -0.159 -0.159
0.283305 1.336 0.212 -0.054 -0.144 -0.158 -0.158
0.284439 1.337 0.214 -0.052 -0.143 -0.157 -0.157
0.285572 1.338 0.216 -0.051 -0.143 -0.156 -0.156
0.286705 1.338 0.216 -0.050 -0.142 -0.155 -0.155
0.287838 1.339 0.218 -0.049 -0.141 -0.154 -0.154
0.288972 1.340 0.219 -0.048 -0.140 -0.154 -0.154
0.290105 1.340 0.220 -0.047 -0.139 -0.153 -0.153
0.291238 1.341 0.222 -0.046 -0.139 -0.152 -0.152
0.292371 1.342 0.223 -0.045 -0.138 -0.151 -0.151
0.293504 1.343 0.224 -0.044 -0.137 -0.150 -0.150
0.294638 1.343 0.226 -0.044 -0.136 -0.150 -0.150
0.295771 1.344 0.226 -0.042 -0.136 -0.149 -0.149
0.296904 1.345 0.228 -0.042 -0.135 -0.148 -0.148
0.298037 1.345 0.229 -0.041 -0.134 -0.148 -0.148
0.299171 1.346 0.230 -0.040 -0.134 -0.147 -0.147
0.300304 1.347 0.231 -0.039 -0.133 -0.146 -0.146
0.301437 1.348 0.232 -0.039 -0.132 -0.145 -0.145
0.30257 1.348 0.233 -0.038 -0.132 -0.144 -0.144
0.303703 1.349 0.233 -0.037 -0.131 -0.144 -0.144
0.304837 1.350 0.234 -0.037 -0.130 -0.143 -0.143
0.30597 1.350 0.235 -0.036 -0.130 -0.143 -0.143
0.307103 1.350 0.236 -0.035 -0.129 -0.142 -0.142
0.308236 1.351 0.236 -0.035 -0.129 -0.141 -0.141
0.30937 1.352 0.236 -0.034 -0.128 -0.141 -0.141
0.310503 1.352 0.237 -0.034 -0.127 -0.140 -0.140
0.311636 1.352 0.238 -0.033 -0.127 -0.139 -0.139
0.312769 1.353 0.238 -0.033 -0.126 -0.138 -0.138
0.313902 1.354 0.238 -0.032 -0.126 -0.138 -0.138
0.315036 1.355 0.239 -0.032 -0.125 -0.138 -0.138
0.316169 1.355 0.239 -0.032 -0.124 -0.137 -0.137
0.317302 1.355 0.239 -0.031 -0.124 -0.136 -0.136
0.318435 1.356 0.240 -0.031 -0.124 -0.136 -0.136
0.319569 1.356 0.240 -0.031 -0.123 -0.135 -0.135
0.320702 1.357 0.240 -0.031 -0.123 -0.135 -0.135
0.321835 1.357 0.240 -0.030 -0.122 -0.134 -0.134
0.322968 1.357 0.240 -0.030 -0.122 -0.133 -0.133
0.324101 1.358 0.239 -0.029 -0.121 -0.133 -0.133
0.325235 1.358 0.239 -0.029 -0.121 -0.133 -0.133
0.326368 1.359 0.239 -0.029 -0.120 -0.132 -0.132
0.327501 1.359 0.238 -0.029 -0.120 -0.132 -0.132
0.328634 1.360 0.238 -0.029 -0.119 -0.131 -0.131
0.329768 1.360 0.237 -0.029 -0.119 -0.131 -0.131
0.330901 1.360 0.236 -0.029 -0.118 -0.130 -0.130
0.332034 1.360 0.236 -0.028 -0.118 -0.130 -0.130
0.333167 1.361 0.236 -0.028 -0.118 -0.129 -0.129
0.3343 1.361 0.236 -0.028 -0.117 -0.129 -0.129
0.335434 1.361 0.235 -0.028 -0.117 -0.128 -0.128
0.336567 1.362 0.234 -0.028 -0.117 -0.128 -0.128
0.3377 1.362 0.234 -0.028 -0.116 -0.128 -0.128
0.338833 1.362 0.233 -0.028 -0.116 -0.127 -0.127
0.339967 1.362 0.233 -0.027 -0.115 -0.127 -0.127
0.3411 1.362 0.233 -0.027 -0.115 -0.127 -0.127
0.342233 1.362 0.233 -0.026 -0.114 -0.126 -0.126
0.343366 1.362 0.232 -0.026 -0.114 -0.126 -0.126
0.344499 1.362 0.232 -0.026 -0.114 -0.126 -0.126
0.345633 1.362 0.232 -0.026 -0.113 -0.125 -0.125
0.346766 1.362 0.232 -0.026 -0.113 -0.125 -0.125
0.347899 1.362 0.232 -0.025 -0.112 -0.124 -0.124
0.349032 1.362 0.232 -0.025 -0.112 -0.124 -0.124
0.350166 1.362 0.232 -0.025 -0.112 -0.124 -0.124
0.351299 1.362 0.232 -0.025 -0.111 -0.123 -0.123
0.352432 1.362 0.232 -0.025 -0.111 -0.123 -0.123
0.353565 1.362 0.232 -0.024 -0.111 -0.123 -0.123
0.354698 1.362 0.233 -0.024 -0.110 -0.122 -0.122
0.355832 1.362 0.233 -0.024 -0.110 -0.122 -0.122
0.356965 1.362 0.233 -0.024 -0.109 -0.122 -0.122
0.358098 1.362 0.233 -0.023 -0.109 -0.122 -0.122
0.359231 1.362 0.234 -0.023 -0.109 -0.122 -0.122
0.360365 1.362 0.235 -0.022 -0.108 -0.121 -0.121
0.361498 1.361 0.235 -0.022 -0.108 -0.121 -0.121
0.362631 1.361 0.236 -0.022 -0.107 -0.121 -0.121
0.363764 1.360 0.236 -0.022 -0.107 -0.121 -0.121
0.364897 1.360 0.237 -0.021 -0.106 -0.120 -0.120
0.366031 1.360 0.238 -0.021 -0.106 -0.120 -0.120
0.367164 1.360 0.239 -0.021 -0.105 -0.120 -0.120
0.368297 1.360 0.240 -0.021 -0.105 -0.120 -0.120
0.36943 1.359 0.240 -0.021 -0.105 -0.119 -0.119
0.370564 1.359 0.242 -0.020 -0.105 -0.119 -0.119
0.371697 1.358 0.243 -0.020 -0.104 -0.119 -0.119
0.37283 1.358 0.243 -0.020 -0.104 -0.119 -0.119
0.373963 1.357 0.245 -0.020 -0.103 -0.119 -0.119
0.375096 1.357 0.246 -0.020 -0.103 -0.118 -0.118
0.37623 1.357 0.247 -0.020 -0.102 -0.118 -0.118
0.377363 1.357 0.248 -0.020 -0.102 -0.118 -0.118
0.378496 1.356 0.250 -0.020 -0.101 -0.118 -0.118
0.379629 1.356 0.250 -0.020 -0.101 -0.118 -0.118
0.380763 1.355 0.252 -0.020 -0.100 -0.117 -0.117
0.381896 1.355 0.253 -0.020 -0.099 -0.117 -0.117
0.383029 1.355 0.253 -0.021 -0.099 -0.117 -0.117
0.384162 1.355 0.255 -0.021 -0.098 -0.117 -0.117
0.385295 1.354 0.256 -0.021 -0.098 -0.117 -0.117
0.386429 1.354 0.257 -0.021 -0.097 -0.117 -0.117
0.387562 1.353 0.258 -0.021 -0.096 -0.116 -0.116
0.388695 1.353 0.259 -0.022 -0.095 -0.116 -0.116
0.389828 1.352 0.260 -0.022 -0.094 -0.116 -0.116
0.390962 1.352 0.261 -0.022 -0.093 -0.116 -0.116
0.392095 1.352 0.262 -0.023 -0.093 -0.116 -0.116
0.393228 1.352 0.263 -0.024 -0.092 -0.115 -0.115
0.394361 1.352 0.264 -0.024 -0.090 -0.115 -0.115
0.395494 1.352 0.264 -0.025 -0.089 -0.115 -0.115
0.396628 1.351 0.266 -0.025 -0.088 -0.115 -0.115
0.397761 1.351 0.267 -0.026 -0.087 -0.115 -0.115
0.398894 1.351 0.267 -0.026 -0.086 -0.114 -0.114
0.400027 1.350 0.268 -0.027 -0.084 -0.114 -0.114
0.401161 1.350 0.269 -0.028 -0.083 -0.114 -0.114
0.402294 1.350 0.270 -0.029 -0.082 -0.114 -0.114
0.403427 1.350 0.270 -0.029 -0.080 -0.113 -0.113
0.40456 1.350 0.271 -0.031 -0.079 -0.113 -0.113
0.405693 1.349 0.272 -0.031 -0.077 -0.113 -0.113
0.406827 1.349 0.273 -0.032 -0.076 -0.113 -0.113
0.40796 1.349 0.274 -0.032 -0.074 -0.113 -0.113
0.409093 1.348 0.275 -0.034 -0.073 -0.112 -0.112
0.410226 1.348 0.275 -0.034 -0.071 -0.112 -0.112
0.41136 1.348 0.276 -0.035 -0.069 -0.112 -0.112
0.412493 1.348 0.277 -0.035 -0.067 -0.111 -0.111
0.413626 1.348 0.277 -0.035 -0.065 -0.111 -0.111
0.414759 1.349 0.278 -0.035 -0.063 -0.111 -0.111
0.415892 1.349 0.279 -0.036 -0.062 -0.111 -0.111
0.417026 1.350 0.279 -0.036 -0.060 -0.110 -0.110
0.418159 1.350 0.280 -0.035 -0.058 -0.110 -0.110
0.419292 1.351 0.280 -0.035 -0.056 -0.109 -0.109
0.420425 1.352 0.281 -0.035 -0.054 -0.109 -0.109
0.421559 1.352 0.281 -0.035 -0.052 -0.108 -0.108
0.422692 1.354 0.281 -0.034 -0.050 -0.107 -0.107
0.423825 1.355 0.281 -0.034 -0.048 -0.107 -0.107
0.424958 1.356 0.281 -0.033 -0.046 -0.106 -0.106
0.426091 1.357 0.281 -0.032 -0.045 -0.106 -0.106
0.427225 1.360 0.280 -0.032 -0.043 -0.105 -0.105
0.428358 1.361 0.280 -0.031 -0.041 -0.104 -0.104
0.429491 1.362 0.279 -0.030 -0.040 -0.103 -0.103
0.430624 1.365 0.278 -0.029 -0.038 -0.103 -0.103
0.431758 1.367 0.278 -0.028 -0.037 -0.102 -0.102
0.432891 1.369 0.277 -0.026 -0.035 -0.101 -0.101
0.434024 1.371 0.276 -0.025 -0.034 -0.100 -0.100
0.435157 1.374 0.275 -0.024 -0.033 -0.099 -0.099
0.43629 1.377 0.274 -0.022 -0.031 -0.098 -0.098
0.437424 1.379 0.273 -0.021 -0.030 -0.097 -0.097
0.438557 1.382 0.272 -0.019 -0.028 -0.096 -0.096
0.43969 1.385 0.270 -0.017 -0.027 -0.095 -0.095
0.440823 1.389 0.269 -0.015 -0.027 -0.094 -0.094
0.441957 1.391 0.267 -0.013 -0.025 -0.093 -0.093
0.44309 1.395 0.266 -0.011 -0.024 -0.092 -0.092
0.444223 1.399 0.264 -0.008 -0.023 -0.091 -0.091
0.445356 1.402 0.262 -0.006 -0.022 -0.090 -0.090
0.446489 1.406 0.260 -0.004 -0.021 -0.089 -0.089
0.447623 1.410 0.258 -0.002 -0.021 -0.087 -0.087
0.448756 1.413 0.257 0.001 -0.020 -0.086 -0.086
0.449889 1.418 0.254 0.003 -0.019 -0.085 -0.085
0.451022 1.421 0.252 0.005 -0.018 -0.084 -0.084
0.452156 1.425 0.250 0.007 -0.017 -0.083 -0.083
0.453289 1.429 0.247 0.010 -0.016 -0.081 -0.081
0.454422 1.432 0.245 0.012 -0.015 -0.080 -0.080
0.455555 1.435 0.242 0.014 -0.015 -0.079 -0.079
0.456688 1.439 0.239 0.016 -0.014 -0.078 -0.078
0.457822 1.442 0.236 0.018 -0.014 -0.076 -0.076
0.458955 1.444 0.233 0.021 -0.014 -0.075 -0.075
0.460088 1.446 0.229 0.023 -0.014 -0.074 -0.074
0.461221 1.447 0.225 0.024 -0.014 -0.072 -0.072
0.462355 1.449 0.221 0.027 -0.014 -0.071 -0.071
0.463488 1.450 0.216 0.028 -0.015 -0.069 -0.069
0.464621 1.451 0.212 0.030 -0.015 -0.068 -0.068
0.465754 1.451 0.207 0.033 -0.017 -0.067 -0.067
0.466887 1.451 0.202 0.034 -0.018 -0.065 -0.065
0.468021 1.450 0.196 0.036 -0.020 -0.064 -0.064
0.469154 1.450 0.191 0.038 -0.021 -0.063 -0.063
0.470287 1.449 0.185 0.040 -0.024 -0.062 -0.062
0.47142 1.447 0.178 0.041 -0.026 -0.060 -0.060
0.472554 1.446 0.172 0.043 -0.029 -0.059 -0.059
0.473687 1.445 0.166 0.044 -0.033 -0.058 -0.058
0.47482 1.442 0.159 0.046 -0.036 -0.056 -0.056
0.475953 1.440 0.151 0.048 -0.039 -0.055 -0.055
0.477086 1.437 0.144 0.049 -0.044 -0.053 -0.053
0.47822 1.435 0.137 0.051 -0.048 -0.052 -0.052
0.479353 1.431 0.129 0.053 -0.053 -0.051 -0.051
0.480486 1.428 0.120 0.054 -0.058 -0.049 -0.049
0.481619 1.424 0.112 0.056 -0.063 -0.048 -0.048
0.482753 1.420 0.103 0.057 -0.069 -0.046 -0.046
0.483886 1.416 0.094 0.059 -0.074 -0.045 -0.045
0.485019 1.411 0.085 0.060 -0.080 -0.043 -0.043
0.486152 1.405 0.075 0.061 -0.087 -0.041 -0.041
0.487285 1.400 0.065 0.062 -0.093 -0.040 -0.040
0.488419 1.394 0.055 0.063 -0.100 -0.039 -0.039
0.489552 1.388 0.045 0.063 -0.107 -0.038 -0.038
0.490685 1.382 0.034 0.063 -0.114 -0.037 -0.037
0.491818 1.374 0.024 0.063 -0.122 -0.037 -0.037
0.492952 1.368 0.013 0.062 -0.130 -0.037 -0.037
0.494085 1.360 0.002 0.060 -0.139 -0.037 -0.037
0.495218 1.353 -0.010 0.058 -0.148 -0.039 -0.039
0.496351 1.345 -0.021 0.055 -0.156 -0.040 -0.040
0.497484 1.338 -0.032 0.052 -0.166 -0.042 -0.042
0.498618 1.329 -0.044 0.047 -0.175 -0.045 -0.045
0.499751 1.321 -0.055 0.043 -0.184 -0.047 -0.047
0.500884 1.312 -0.067 0.037 -0.194 -0.051 -0.051
0.502017 1.304 -0.079 0.032 -0.203 -0.055 -0.055
0.503151 1.294 -0.090 0.026 -0.213 -0.059 -0.059
0.504284 1.284 -0.102 0.020 -0.222 -0.063 -0.063
0.505417 1.275 -0.113 0.013 -0.231 -0.068 -0.068
0.50655 1.265 -0.123 0.005 -0.240 -0.074 -0.074
0.507683 1.255 -0.135 -0.003 -0.249 -0.079 -0.079
0.508817 1.245 -0.146 -0.011 -0.257 -0.085 -0.085
0.50995 1.234 -0.156 -0.020 -0.265 -0.091 -0.091
0.511083 1.224 -0.167 -0.029 -0.274 -0.098 -0.098
0.512216 1.212 -0.178 -0.039 -0.281 -0.106 -0.106
0.51335 1.201 -0.188 -0.049 -0.289 -0.113 -0.113
0.514483 1.189 -0.198 -0.061 -0.297 -0.122 -0.122
0.515616 1.178 -0.208 -0.073 -0.304 -0.131 -0.131
0.516749 1.166 -0.218 -0.085 -0.312 -0.140 -0.140
0.517882 1.153 -0.228 -0.098 -0.319 -0.150 -0.150
0.519016 1.140 -0.238 -0.112 -0.326 -0.160 -0.160
0.520149 1.127 -0.248 -0.126 -0.333 -0.171 -0.171
0.521282 1.114 -0.258 -0.141 -0.340 -0.183 -0.183
0.522415 1.100 -0.267 -0.156 -0.346 -0.194 -0.194
0.523549 1.087 -0.277 -0.172 -0.352 -0.207 -0.207
0.524682 1.073 -0.287 -0.188 -0.359 -0.219 -0.219
0.525815 1.059 -0.296 -0.204 -0.365 -0.231 -0.231
0.526948 1.044 -0.305 -0.220 -0.371 -0.244 -0.244
0.528081 1.030 -0.315 -0.236 -0.377 -0.256 -0.256
0.529215 1.015 -0.325 -0.252 -0.382 -0.269 -0.269
0.530348 1.000 -0.334 -0.268 -0.388 -0.282 -0.282
0.531481 0.985 -0.343 -0.283 -0.393 -0.295 -0.295
0.532614 0.970 -0.352 -0.299 -0.398 -0.308 -0.308
0.533748 0.956 -0.360 -0.314 -0.403 -0.320 -0.320
0.534881 0.941 -0.370 -0.329 -0.408 -0.332 -0.332
0.536014 0.927 -0.378 -0.343 -0.412 -0.344 -0.344
0.537147 0.913 -0.386 -0.357 -0.417 -0.355 -0.355
0.53828 0.900 -0.394 -0.370 -0.421 -0.366 -0.366
0.539414 0.887 -0.402 -0.383 -0.425 -0.377 -0.377
0.540547 0.875 -0.409 -0.395 -0.430 -0.386 -0.386
0.54168 0.864 -0.417 -0.406 -0.433 -0.396 -0.396
0.542813 0.853 -0.424 -0.417 -0.437 -0.405 -0.405
0.543947 0.843 -0.430 -0.427 -0.440 -0.413 -0.413
0.54508 0.833 -0.436 -0.437 -0.444 -0.421 -0.421
0.546213 0.824 -0.442 -0.445 -0.447 -0.428 -0.428
0.547346 0.815 -0.448 -0.454 -0.450 -0.435 -0.435
0.548479 0.807 -0.453 -0.463 -0.453 -0.442 -0.442
0.549613 0.799 -0.459 -0.470 -0.455 -0.448 -0.448
0.550746 0.792 -0.463 -0.477 -0.458 -0.454 -0.454
0.551879 0.785 -0.467 -0.484 -0.460 -0.459 -0.459
0.553012 0.779 -0.471 -0.490 -0.462 -0.464 -0.464
0.554146 0.773 -0.475 -0.496 -0.464 -0.469 -0.469
0.555279 0.767 -0.478 -0.502 -0.466 -0.474 -0.474
0.556412 0.763 -0.481 -0.506 -0.468 -0.478 -0.478
0.557545 0.758 -0.484 -0.511 -0.469 -0.482 -0.482
0.558678 0.754 -0.486 -0.515 -0.471 -0.485 -0.485
0.559812 0.750 -0.488 -0.519 -0.472 -0.488 -0.488
0.560945 0.748 -0.490 -0.521 -0.473 -0.490 -0.490
0.562078 0.746 -0.491 -0.523 -0.473 -0.492 -0.492
0.563211 0.744 -0.492 -0.525 -0.474 -0.493 -0.493
0.564345 0.743 -0.493 -0.527 -0.475 -0.494 -0.494
0.565478 0.743 -0.493 -0.528 -0.475 -0.494 -0.494
