# IsPeriodic    : True
# Period        : 0.613291 days
# Normalization : <g_mag>=0
# 
# Phase u_mag  g_mag  r_mag  i_mag  z_mag  y_mag
0 0.809 -0.366 -0.440 -0.445 -0.446 -0.446
0.00122658 0.809 -0.366 -0.440 -0.445 -0.446 -0.446
0.00245316 0.809 -0.366 -0.440 -0.445 -0.446 -0.446
0.00367975 0.809 -0.365 -0.440 -0.445 -0.445 -0.445
0.00490633 0.810 -0.365 -0.440 -0.445 -0.445 -0.445
0.00613291 0.811 -0.364 -0.440 -0.445 -0.444 -0.444
0.00735949 0.812 -0.363 -0.440 -0.444 -0.444 -0.444
0.00858607 0.813 -0.362 -0.439 -0.444 -0.443 -0.443
0.00981266 0.815 -0.361 -0.439 -0.444 -0.442 -0.442
0.0110392 0.816 -0.360 -0.438 -0.444 -0.441 -0.441
0.0122658 0.818 -0.358 -0.438 -0.443 -0.440 -0.440
0.0134924 0.820 -0.357 -0.437 -0.443 -0.439 -0.439
0.014719 0.822 -0.356 -0.436 -0.442 -0.438 -0.438
0.0159456 0.824 -0.354 -0.436 -0.442 -0.437 -0.437
0.0171721 0.826 -0.353 -0.435 -0.441 -0.436 -0.436
0.0183987 0.828 -0.351 -0.434 -0.441 -0.435 -0.435
0.0196253 0.830 -0.349 -0.433 -0.440 -0.434 -0.434
0.0208519 0.832 -0.347 -0.432 -0.439 -0.433 -0.433
0.0220785 0.834 -0.346 -0.432 -0.438 -0.433 -0.433
0.0233051 0.836 -0.344 -0.431 -0.438 -0.432 -0.432
0.0245316 0.838 -0.341 -0.429 -0.437 -0.431 -0.431
0.0257582 0.840 -0.339 -0.428 -0.436 -0.430 -0.430
0.0269848 0.843 -0.337 -0.427 -0.435 -0.429 -0.429
0.0282114 0.845 -0.335 -0.426 -0.434 -0.429 -0.429
0.029438 0.847 -0.333 -0.425 -0.433 -0.428 -0.428
0.0306646 0.850 -0.330 -0.424 -0.432 -0.427 -0.427
0.0318911 0.853 -0.328 -0.422 -0.431 -0.426 -0.426
0.0331177 0.855 -0.325 -0.420 -0.430 -0.425 -0.425
0.0343443 0.858 -0.322 -0.419 -0.428 -0.424 -0.424
0.0355709 0.861 -0.319 -0.417 -0.427 -0.424 -0.424
0.0367975 0.864 -0.317 -0.416 -0.426 -0.423 -0.423
0.038024 0.867 -0.314 -0.414 -0.425 -0.422 -0.422
0.0392506 0.870 -0.311 -0.412 -0.424 -0.421 -0.421
0.0404772 0.874 -0.308 -0.411 -0.422 -0.420 -0.420
0.0417038 0.877 -0.304 -0.409 -0.420 -0.420 -0.420
0.0429304 0.880 -0.301 -0.407 -0.419 -0.419 -0.419
0.044157 0.883 -0.297 -0.405 -0.418 -0.418 -0.418
0.0453835 0.887 -0.294 -0.403 -0.416 -0.417 -0.417
0.0466101 0.890 -0.291 -0.401 -0.415 -0.417 -0.417
0.0478367 0.894 -0.287 -0.399 -0.413 -0.416 -0.416
0.0490633 0.897 -0.283 -0.397 -0.412 -0.415 -0.415
0.0502899 0.901 -0.280 -0.395 -0.410 -0.415 -0.415
0.0515164 0.904 -0.276 -0.393 -0.409 -0.414 -0.414
0.052743 0.908 -0.272 -0.391 -0.407 -0.413 -0.413
0.0539696 0.911 -0.269 -0.389 -0.406 -0.412 -0.412
0.0551962 0.915 -0.265 -0.387 -0.405 -0.412 -0.412
0.0564228 0.918 -0.261 -0.385 -0.403 -0.411 -0.411
0.0576494 0.921 -0.258 -0.383 -0.402 -0.410 -0.410
0.0588759 0.925 -0.255 -0.381 -0.401 -0.409 -0.409
0.0601025 0.928 -0.251 -0.380 -0.400 -0.408 -0.408
0.0613291 0.931 -0.247 -0.378 -0.398 -0.408 -0.408
0.0625557 0.935 -0.244 -0.376 -0.397 -0.407 -0.407
0.0637823 0.938 -0.241 -0.375 -0.396 -0.406 -0.406
0.0650088 0.941 -0.237 -0.373 -0.395 -0.405 -0.405
0.0662354 0.944 -0.234 -0.371 -0.394 -0.404 -0.404
0.067462 0.947 -0.231 -0.370 -0.393 -0.403 -0.403
0.0686886 0.950 -0.228 -0.368 -0.392 -0.402 -0.402
0.0699152 0.953 -0.225 -0.366 -0.390 -0.401 -0.401
0.0711418 0.956 -0.222 -0.365 -0.390 -0.400 -0.400
0.0723683 0.959 -0.219 -0.364 -0.389 -0.399 -0.399
0.0735949 0.962 -0.216 -0.362 -0.388 -0.398 -0.398
0.0748215 0.965 -0.212 -0.360 -0.387 -0.397 -0.397
0.0760481 0.967 -0.209 -0.359 -0.386 -0.396 -0.396
0.0772747 0.970 -0.207 -0.358 -0.385 -0.395 -0.395
0.0785012 0.972 -0.204 -0.356 -0.384 -0.394 -0.394
0.0797278 0.975 -0.201 -0.355 -0.383 -0.392 -0.392
0.0809544 0.978 -0.198 -0.354 -0.383 -0.391 -0.391
0.082181 0.980 -0.196 -0.352 -0.382 -0.390 -0.390
0.0834076 0.983 -0.193 -0.351 -0.381 -0.389 -0.389
0.0846342 0.985 -0.190 -0.350 -0.380 -0.388 -0.388
0.0858607 0.988 -0.188 -0.349 -0.379 -0.386 -0.386
0.0870873 0.989 -0.186 -0.348 -0.379 -0.385 -0.385
0.0883139 0.992 -0.183 -0.347 -0.378 -0.384 -0.384
0.0895405 0.994 -0.181 -0.345 -0.377 -0.383 -0.383
0.0907671 0.997 -0.178 -0.344 -0.377 -0.381 -0.381
0.0919936 0.999 -0.176 -0.343 -0.376 -0.380 -0.380
0.0932202 1.001 -0.173 -0.342 -0.376 -0.379 -0.379
0.0944468 1.003 -0.171 -0.341 -0.375 -0.377 -0.377
0.0956734 1.005 -0.169 -0.340 -0.374 -0.376 -0.376
0.0969 1.007 -0.167 -0.339 -0.373 -0.375 -0.375
0.0981266 1.010 -0.164 -0.337 -0.372 -0.373 -0.373
0.0993531 1.011 -0.162 -0.336 -0.372 -0.372 -0.372
0.10058 1.013 -0.160 -0.335 -0.371 -0.371 -0.371
0.101806 1.016 -0.157 -0.334 -0.370 -0.369 -0.369
0.103033 1.017 -0.155 -0.332 -0.370 -0.368 -0.368
0.104259 1.020 -0.153 -0.331 -0.369 -0.367 -0.367
0.105486 1.022 -0.150 -0.330 -0.368 -0.366 -0.366
0.106713 1.024 -0.148 -0.328 -0.367 -0.364 -0.364
0.107939 1.026 -0.145 -0.327 -0.367 -0.363 -0.363
0.109166 1.028 -0.143 -0.326 -0.366 -0.362 -0.362
0.110392 1.030 -0.140 -0.324 -0.365 -0.361 -0.361
0.111619 1.033 -0.138 -0.323 -0.364 -0.360 -0.360
0.112846 1.035 -0.136 -0.321 -0.363 -0.359 -0.359
0.114072 1.037 -0.133 -0.320 -0.362 -0.358 -0.358
0.115299 1.039 -0.131 -0.318 -0.362 -0.357 -0.357
0.116525 1.041 -0.128 -0.317 -0.361 -0.356 -0.356
0.117752 1.043 -0.126 -0.315 -0.360 -0.355 -0.355
0.118978 1.046 -0.123 -0.314 -0.359 -0.354 -0.354
0.120205 1.048 -0.120 -0.312 -0.358 -0.353 -0.353
0.121432 1.050 -0.118 -0.311 -0.357 -0.352 -0.352
0.122658 1.052 -0.115 -0.309 -0.356 -0.351 -0.351
0.123885 1.054 -0.113 -0.307 -0.355 -0.350 -0.350
0.125111 1.057 -0.110 -0.305 -0.354 -0.349 -0.349
0.126338 1.059 -0.107 -0.304 -0.354 -0.348 -0.348
0.127565 1.061 -0.105 -0.302 -0.353 -0.347 -0.347
0.128791 1.064 -0.102 -0.300 -0.352 -0.347 -0.347
0.130018 1.065 -0.099 -0.299 -0.351 -0.346 -0.346
0.131244 1.068 -0.096 -0.297 -0.350 -0.345 -0.345
0.132471 1.070 -0.094 -0.295 -0.349 -0.344 -0.344
0.133697 1.073 -0.091 -0.293 -0.348 -0.344 -0.344
0.134924 1.074 -0.088 -0.292 -0.347 -0.343 -0.343
0.136151 1.077 -0.085 -0.290 -0.346 -0.342 -0.342
0.137377 1.079 -0.083 -0.288 -0.345 -0.341 -0.341
0.138604 1.082 -0.080 -0.286 -0.344 -0.341 -0.341
0.13983 1.084 -0.078 -0.284 -0.343 -0.340 -0.340
0.141057 1.086 -0.074 -0.282 -0.342 -0.340 -0.340
0.142284 1.088 -0.072 -0.280 -0.341 -0.339 -0.339
0.14351 1.090 -0.070 -0.279 -0.340 -0.338 -0.338
0.144737 1.093 -0.067 -0.277 -0.339 -0.337 -0.337
0.145963 1.095 -0.064 -0.275 -0.338 -0.337 -0.337
0.14719 1.097 -0.062 -0.273 -0.337 -0.336 -0.336
0.148416 1.099 -0.059 -0.271 -0.337 -0.336 -0.336
0.149643 1.101 -0.057 -0.269 -0.336 -0.335 -0.335
0.15087 1.104 -0.054 -0.268 -0.335 -0.334 -0.334
0.152096 1.105 -0.052 -0.266 -0.334 -0.333 -0.333
0.153323 1.108 -0.049 -0.264 -0.333 -0.332 -0.332
0.154549 1.110 -0.047 -0.262 -0.332 -0.332 -0.332
0.155776 1.112 -0.045 -0.260 -0.331 -0.331 -0.331
0.157002 1.114 -0.042 -0.258 -0.330 -0.330 -0.330
0.158229 1.116 -0.040 -0.256 -0.329 -0.329 -0.329
0.159456 1.118 -0.038 -0.255 -0.328 -0.328 -0.328
0.160682 1.121 -0.036 -0.253 -0.327 -0.327 -0.327
0.161909 1.122 -0.034 -0.251 -0.326 -0.327 -0.327
0.163135 1.124 -0.032 -0.249 -0.325 -0.326 -0.326
0.164362 1.127 -0.029 -0.248 -0.324 -0.325 -0.325
0.165589 1.128 -0.027 -0.245 -0.323 -0.324 -0.324
0.166815 1.130 -0.026 -0.244 -0.322 -0.323 -0.323
0.168042 1.133 -0.023 -0.242 -0.321 -0.322 -0.322
0.169268 1.135 -0.021 -0.240 -0.320 -0.321 -0.321
0.170495 1.136 -0.019 -0.238 -0.320 -0.320 -0.320
0.171721 1.138 -0.018 -0.236 -0.319 -0.319 -0.319
0.172948 1.140 -0.016 -0.234 -0.318 -0.318 -0.318
0.174175 1.142 -0.014 -0.232 -0.317 -0.317 -0.317
0.175401 1.144 -0.012 -0.231 -0.316 -0.316 -0.316
0.176628 1.146 -0.010 -0.229 -0.315 -0.315 -0.315
0.177854 1.148 -0.008 -0.227 -0.314 -0.314 -0.314
0.179081 1.150 -0.007 -0.225 -0.313 -0.313 -0.313
0.180308 1.152 -0.005 -0.224 -0.312 -0.312 -0.312
0.181534 1.153 -0.004 -0.222 -0.311 -0.311 -0.311
0.182761 1.155 -0.002 -0.220 -0.310 -0.310 -0.310
0.183987 1.157 -0.001 -0.218 -0.309 -0.309 -0.309
0.185214 1.159 0.001 -0.216 -0.308 -0.308 -0.308
0.18644 1.161 0.003 -0.215 -0.307 -0.307 -0.307
0.187667 1.162 0.005 -0.213 -0.306 -0.306 -0.306
0.188894 1.164 0.006 -0.211 -0.305 -0.305 -0.305
0.19012 1.166 0.008 -0.210 -0.304 -0.304 -0.304
0.191347 1.168 0.010 -0.208 -0.303 -0.303 -0.303
0.192573 1.170 0.012 -0.206 -0.302 -0.302 -0.302
0.1938 1.172 0.013 -0.205 -0.301 -0.301 -0.301
0.195027 1.173 0.015 -0.203 -0.300 -0.300 -0.300
0.196253 1.175 0.017 -0.202 -0.299 -0.299 -0.299
0.19748 1.176 0.019 -0.200 -0.298 -0.298 -0.298
0.198706 1.178 0.021 -0.199 -0.297 -0.297 -0.297
0.199933 1.180 0.023 -0.197 -0.296 -0.296 -0.296
0.201159 1.182 0.024 -0.196 -0.295 -0.295 -0.295
0.202386 1.184 0.026 -0.194 -0.294 -0.294 -0.294
0.203613 1.185 0.028 -0.193 -0.292 -0.293 -0.293
0.204839 1.187 0.030 -0.192 -0.291 -0.292 -0.292
0.206066 1.189 0.032 -0.190 -0.290 -0.291 -0.291
0.207292 1.190 0.034 -0.189 -0.289 -0.291 -0.291
0.208519 1.192 0.036 -0.188 -0.288 -0.290 -0.290
0.209746 1.193 0.038 -0.186 -0.287 -0.289 -0.289
0.210972 1.195 0.040 -0.185 -0.286 -0.288 -0.288
0.212199 1.196 0.042 -0.184 -0.285 -0.287 -0.287
0.213425 1.198 0.044 -0.182 -0.283 -0.287 -0.287
0.214652 1.200 0.046 -0.181 -0.282 -0.286 -0.286
0.215878 1.201 0.048 -0.180 -0.281 -0.285 -0.285
0.217105 1.203 0.050 -0.179 -0.280 -0.284 -0.284
0.218332 1.204 0.053 -0.178 -0.279 -0.283 -0.283
0.219558 1.206 0.054 -0.176 -0.277 -0.283 -0.283
0.220785 1.207 0.057 -0.176 -0.276 -0.282 -0.282
0.222011 1.209 0.059 -0.174 -0.275 -0.281 -0.281
0.223238 1.210 0.061 -0.173 -0.274 -0.281 -0.281
0.224465 1.212 0.064 -0.172 -0.272 -0.280 -0.280
0.225691 1.213 0.065 -0.171 -0.271 -0.279 -0.279
0.226918 1.215 0.068 -0.170 -0.270 -0.278 -0.278
0.228144 1.217 0.070 -0.169 -0.269 -0.278 -0.278
0.229371 1.218 0.072 -0.168 -0.268 -0.277 -0.277
0.230597 1.220 0.074 -0.167 -0.267 -0.277 -0.277
0.231824 1.221 0.076 -0.166 -0.266 -0.276 -0.276
0.233051 1.223 0.078 -0.164 -0.265 -0.275 -0.275
0.234277 1.224 0.080 -0.164 -0.263 -0.274 -0.274
0.235504 1.226 0.082 -0.163 -0.262 -0.274 -0.274
0.23673 1.227 0.084 -0.161 -0.261 -0.273 -0.273
0.237957 1.229 0.086 -0.160 -0.260 -0.272 -0.272
0.239183 1.230 0.088 -0.159 -0.259 -0.272 -0.272
0.24041 1.232 0.090 -0.158 -0.258 -0.271 -0.271
0.241637 1.233 0.092 -0.157 -0.257 -0.270 -0.270
0.242863 1.235 0.093 -0.156 -0.256 -0.269 -0.269
0.24409 1.236 0.095 -0.155 -0.255 -0.269 -0.269
0.245316 1.238 0.097 -0.154 -0.254 -0.268 -0.268
0.246543 1.240 0.099 -0.153 -0.253 -0.267 -0.267
0.24777 1.241 0.100 -0.152 -0.252 -0.266 -0.266
0.248996 1.243 0.102 -0.151 -0.251 -0.265 -0.265
0.250223 1.244 0.104 -0.150 -0.250 -0.264 -0.264
0.251449 1.246 0.106 -0.148 -0.249 -0.264 -0.264
0.252676 1.247 0.107 -0.148 -0.248 -0.263 -0.263
0.253902 1.249 0.109 -0.146 -0.247 -0.262 -0.262
0.255129 1.251 0.110 -0.145 -0.247 -0.261 -0.261
0.256356 1.252 0.112 -0.144 -0.246 -0.260 -0.260
0.257582 1.254 0.113 -0.143 -0.245 -0.259 -0.259
0.258809 1.255 0.114 -0.142 -0.244 -0.258 -0.258
0.260035 1.257 0.116 -0.141 -0.243 -0.257 -0.257
0.261262 1.258 0.117 -0.140 -0.242 -0.256 -0.256
0.262489 1.260 0.119 -0.139 -0.241 -0.255 -0.255
0.263715 1.262 0.120 -0.138 -0.240 -0.255 -0.255
0.264942 1.264 0.121 -0.137 -0.239 -0.254 -0.254
0.266168 1.265 0.122 -0.136 -0.239 -0.253 -0.253
0.267395 1.267 0.123 -0.135 -0.238 -0.252 -0.252
0.268621 1.269 0.125 -0.133 -0.237 -0.251 -0.251
0.269848 1.270 0.126 -0.132 -0.236 -0.250 -0.250
0.271075 1.272 0.127 -0.132 -0.236 -0.249 -0.249
0.272301 1.274 0.128 -0.130 -0.234 -0.248 -0.248
0.273528 1.275 0.130 -0.129 -0.234 -0.247 -0.247
0.274754 1.277 0.131 -0.128 -0.233 -0.246 -0.246
0.275981 1.278 0.132 -0.128 -0.232 -0.245 -0.245
0.277208 1.280 0.133 -0.126 -0.231 -0.244 -0.244
0.278434 1.281 0.134 -0.125 -0.231 -0.243 -0.243
0.279661 1.283 0.135 -0.124 -0.230 -0.242 -0.242
0.280887 1.284 0.136 -0.124 -0.229 -0.242 -0.242
0.282114 1.285 0.137 -0.122 -0.228 -0.241 -0.241
0.28334 1.287 0.138 -0.121 -0.228 -0.240 -0.240
0.284567 1.288 0.139 -0.120 -0.227 -0.239 -0.239
0.285794 1.289 0.140 -0.120 -0.226 -0.238 -0.238
0.28702 1.291 0.141 -0.119 -0.225 -0.237 -0.237
0.288247 1.292 0.142 -0.118 -0.225 -0.237 -0.237
0.289473 1.293 0.143 -0.116 -0.224 -0.236 -0.236
0.2907 1.294 0.144 -0.116 -0.223 -0.235 -0.235
0.291927 1.295 0.145 -0.115 -0.223 -0.234 -0.234
0.293153 1.297 0.146 -0.114 -0.222 -0.233 -0.233
0.29438 1.298 0.147 -0.113 -0.221 -0.233 -0.233
0.295606 1.299 0.148 -0.112 -0.221 -0.232 -0.232
0.296833 1.300 0.148 -0.111 -0.220 -0.231 -0.231
0.298059 1.301 0.150 -0.110 -0.219 -0.231 -0.231
0.299286 1.302 0.150 -0.109 -0.219 -0.230 -0.230
0.300513 1.303 0.151 -0.108 -0.218 -0.229 -0.229
0.301739 1.304 0.152 -0.108 -0.217 -0.229 -0.229
0.302966 1.305 0.153 -0.107 -0.217 -0.228 -0.228
0.304192 1.306 0.154 -0.106 -0.216 -0.227 -0.227
0.305419 1.306 0.155 -0.105 -0.215 -0.227 -0.227
0.306646 1.308 0.155 -0.104 -0.215 -0.226 -0.226
0.307872 1.308 0.156 -0.103 -0.214 -0.225 -0.225
0.309099 1.309 0.157 -0.103 -0.214 -0.225 -0.225
0.310325 1.309 0.158 -0.102 -0.213 -0.224 -0.224
0.311552 1.311 0.158 -0.101 -0.212 -0.224 -0.224
0.312778 1.311 0.159 -0.100 -0.212 -0.223 -0.223
0.314005 1.312 0.159 -0.099 -0.211 -0.223 -0.223
0.315232 1.312 0.161 -0.098 -0.211 -0.222 -0.222
0.316458 1.313 0.161 -0.098 -0.210 -0.222 -0.222
0.317685 1.314 0.162 -0.097 -0.209 -0.221 -0.221
0.318911 1.314 0.162 -0.096 -0.209 -0.220 -0.220
0.320138 1.315 0.163 -0.096 -0.208 -0.220 -0.220
0.321364 1.315 0.164 -0.095 -0.208 -0.220 -0.220
0.322591 1.316 0.164 -0.094 -0.207 -0.219 -0.219
0.323818 1.317 0.165 -0.093 -0.206 -0.219 -0.219
0.325044 1.317 0.166 -0.092 -0.206 -0.218 -0.218
0.326271 1.318 0.166 -0.092 -0.205 -0.217 -0.217
0.327497 1.319 0.166 -0.091 -0.205 -0.217 -0.217
0.328724 1.319 0.167 -0.090 -0.204 -0.216 -0.216
0.329951 1.320 0.167 -0.090 -0.204 -0.216 -0.216
0.331177 1.320 0.168 -0.089 -0.203 -0.215 -0.215
0.332404 1.320 0.169 -0.088 -0.203 -0.215 -0.215
0.33363 1.321 0.169 -0.088 -0.202 -0.215 -0.215
0.334857 1.322 0.169 -0.087 -0.201 -0.214 -0.214
0.336083 1.322 0.170 -0.086 -0.201 -0.214 -0.214
0.33731 1.322 0.170 -0.086 -0.200 -0.213 -0.213
0.338537 1.323 0.170 -0.085 -0.200 -0.213 -0.213
0.339763 1.323 0.170 -0.084 -0.199 -0.212 -0.212
0.34099 1.323 0.171 -0.084 -0.198 -0.211 -0.211
0.342216 1.324 0.171 -0.083 -0.198 -0.211 -0.211
0.343443 1.324 0.172 -0.083 -0.197 -0.211 -0.211
0.34467 1.325 0.172 -0.082 -0.197 -0.210 -0.210
0.345896 1.325 0.172 -0.081 -0.196 -0.210 -0.210
0.347123 1.325 0.172 -0.081 -0.196 -0.209 -0.209
0.348349 1.326 0.172 -0.080 -0.195 -0.209 -0.209
0.349576 1.326 0.173 -0.080 -0.195 -0.208 -0.208
0.350802 1.326 0.173 -0.079 -0.194 -0.208 -0.208
0.352029 1.326 0.173 -0.079 -0.194 -0.207 -0.207
0.353256 1.327 0.173 -0.078 -0.193 -0.207 -0.207
0.354482 1.327 0.173 -0.077 -0.192 -0.207 -0.207
0.355709 1.327 0.173 -0.077 -0.192 -0.206 -0.206
0.356935 1.328 0.173 -0.076 -0.191 -0.206 -0.206
0.358162 1.328 0.173 -0.076 -0.191 -0.205 -0.205
0.359389 1.328 0.174 -0.075 -0.190 -0.205 -0.205
0.360615 1.328 0.174 -0.075 -0.189 -0.205 -0.205
0.361842 1.328 0.174 -0.074 -0.189 -0.204 -0.204
0.363068 1.329 0.174 -0.074 -0.188 -0.204 -0.204
0.364295 1.329 0.174 -0.073 -0.188 -0.203 -0.203
0.365521 1.329 0.174 -0.072 -0.187 -0.203 -0.203
0.366748 1.329 0.175 -0.072 -0.186 -0.202 -0.202
0.367975 1.329 0.175 -0.071 -0.186 -0.202 -0.202
0.369201 1.330 0.175 -0.071 -0.185 -0.202 -0.202
0.370428 1.330 0.175 -0.070 -0.184 -0.201 -0.201
0.371654 1.331 0.175 -0.069 -0.183 -0.201 -0.201
0.372881 1.331 0.175 -0.068 -0.182 -0.200 -0.200
0.374108 1.331 0.175 -0.068 -0.182 -0.200 -0.200
0.375334 1.331 0.175 -0.067 -0.181 -0.199 -0.199
0.376561 1.331 0.175 -0.067 -0.180 -0.199 -0.199
0.377787 1.332 0.175 -0.066 -0.180 -0.198 -0.198
0.379014 1.332 0.175 -0.065 -0.179 -0.198 -0.198
0.38024 1.332 0.176 -0.064 -0.178 -0.197 -0.197
0.381467 1.332 0.176 -0.064 -0.177 -0.197 -0.197
0.382694 1.333 0.176 -0.063 -0.176 -0.197 -0.197
0.38392 1.333 0.176 -0.062 -0.175 -0.196 -0.196
0.385147 1.333 0.177 -0.062 -0.175 -0.196 -0.196
0.386373 1.334 0.177 -0.061 -0.174 -0.195 -0.195
0.3876 1.334 0.177 -0.060 -0.173 -0.195 -0.195
0.388826 1.334 0.177 -0.060 -0.172 -0.194 -0.194
0.390053 1.334 0.177 -0.059 -0.171 -0.194 -0.194
0.39128 1.335 0.177 -0.058 -0.170 -0.194 -0.194
0.392506 1.335 0.177 -0.057 -0.170 -0.193 -0.193
0.393733 1.336 0.177 -0.056 -0.168 -0.193 -0.193
0.394959 1.336 0.177 -0.056 -0.167 -0.192 -0.192
0.396186 1.336 0.177 -0.055 -0.167 -0.192 -0.192
0.397413 1.336 0.178 -0.054 -0.166 -0.191 -0.191
0.398639 1.336 0.178 -0.053 -0.165 -0.191 -0.191
0.399866 1.337 0.178 -0.052 -0.164 -0.190 -0.190
0.401092 1.337 0.178 -0.051 -0.163 -0.190 -0.190
0.402319 1.337 0.178 -0.050 -0.162 -0.189 -0.189
0.403545 1.337 0.178 -0.049 -0.161 -0.189 -0.189
0.404772 1.338 0.179 -0.048 -0.160 -0.188 -0.188
0.405999 1.339 0.180 -0.047 -0.158 -0.188 -0.188
0.407225 1.339 0.180 -0.046 -0.157 -0.188 -0.188
0.408452 1.339 0.180 -0.045 -0.156 -0.187 -0.187
0.409678 1.339 0.181 -0.044 -0.155 -0.187 -0.187
0.410905 1.340 0.181 -0.043 -0.154 -0.186 -0.186
0.412132 1.340 0.182 -0.042 -0.153 -0.186 -0.186
0.413358 1.340 0.183 -0.040 -0.152 -0.185 -0.185
0.414585 1.341 0.183 -0.039 -0.151 -0.185 -0.185
0.415811 1.341 0.184 -0.038 -0.150 -0.184 -0.184
0.417038 1.342 0.185 -0.036 -0.149 -0.184 -0.184
0.418264 1.342 0.186 -0.035 -0.147 -0.183 -0.183
0.419491 1.342 0.187 -0.034 -0.146 -0.183 -0.183
0.420718 1.343 0.188 -0.032 -0.145 -0.182 -0.182
0.421944 1.343 0.189 -0.031 -0.144 -0.182 -0.182
0.423171 1.343 0.191 -0.029 -0.142 -0.181 -0.181
0.424397 1.344 0.192 -0.028 -0.141 -0.181 -0.181
0.425624 1.345 0.193 -0.026 -0.140 -0.180 -0.180
0.426851 1.345 0.194 -0.024 -0.139 -0.179 -0.179
0.428077 1.345 0.195 -0.023 -0.137 -0.179 -0.179
0.429304 1.346 0.197 -0.021 -0.136 -0.179 -0.179
0.43053 1.346 0.199 -0.020 -0.134 -0.178 -0.178
0.431757 1.347 0.200 -0.018 -0.133 -0.177 -0.177
0.432983 1.347 0.202 -0.016 -0.132 -0.177 -0.177
0.43421 1.348 0.203 -0.014 -0.131 -0.176 -0.176
0.435437 1.348 0.205 -0.012 -0.129 -0.176 -0.176
0.436663 1.349 0.207 -0.011 -0.128 -0.175 -0.175
0.43789 1.349 0.209 -0.008 -0.126 -0.175 -0.175
0.439116 1.349 0.211 -0.007 -0.125 -0.174 -0.174
0.440343 1.350 0.213 -0.005 -0.124 -0.174 -0.174
0.44157 1.351 0.215 -0.003 -0.122 -0.173 -0.173
0.442796 1.351 0.217 -0.001 -0.121 -0.172 -0.172
0.444023 1.352 0.219 0.000 -0.120 -0.172 -0.172
0.445249 1.353 0.221 0.001 -0.118 -0.171 -0.171
0.446476 1.353 0.223 0.002 -0.117 -0.171 -0.171
0.447702 1.354 0.225 0.003 -0.116 -0.170 -0.170
0.448929 1.355 0.227 0.004 -0.115 -0.170 -0.170
0.450156 1.356 0.229 0.004 -0.114 -0.169 -0.169
0.451382 1.356 0.230 0.004 -0.113 -0.168 -0.168
0.452609 1.357 0.232 0.004 -0.112 -0.167 -0.167
0.453835 1.358 0.233 0.003 -0.110 -0.167 -0.167
0.455062 1.359 0.235 0.002 -0.109 -0.166 -0.166
0.456289 1.360 0.236 0.001 -0.109 -0.166 -0.166
0.457515 1.362 0.238 0.000 -0.108 -0.165 -0.165
0.458742 1.363 0.239 -0.001 -0.107 -0.164 -0.164
0.459968 1.364 0.240 -0.003 -0.106 -0.163 -0.163
0.461195 1.365 0.241 -0.005 -0.105 -0.162 -0.162
0.462421 1.366 0.242 -0.007 -0.105 -0.161 -0.161
0.463648 1.368 0.242 -0.009 -0.104 -0.161 -0.161
0.464875 1.369 0.243 -0.012 -0.104 -0.160 -0.160
0.466101 1.371 0.244 -0.014 -0.103 -0.159 -0.159
0.467328 1.372 0.244 -0.017 -0.102 -0.158 -0.158
0.468554 1.374 0.244 -0.020 -0.102 -0.157 -0.157
0.469781 1.376 0.245 -0.024 -0.101 -0.157 -0.157
0.471007 1.377 0.245 -0.028 -0.101 -0.156 -0.156
0.472234 1.379 0.245 -0.032 -0.100 -0.155 -0.155
0.473461 1.380 0.245 -0.036 -0.100 -0.154 -0.154
0.474687 1.383 0.245 -0.040 -0.099 -0.153 -0.153
0.475914 1.385 0.245 -0.045 -0.099 -0.152 -0.152
0.47714 1.387 0.244 -0.050 -0.098 -0.151 -0.151
0.478367 1.389 0.244 -0.056 -0.098 -0.150 -0.150
0.479594 1.391 0.244 -0.061 -0.098 -0.149 -0.149
0.48082 1.393 0.243 -0.067 -0.098 -0.148 -0.148
0.482047 1.396 0.242 -0.072 -0.098 -0.147 -0.147
0.483273 1.397 0.242 -0.078 -0.098 -0.145 -0.145
0.4845 1.400 0.241 -0.084 -0.098 -0.144 -0.144
0.485726 1.402 0.240 -0.091 -0.098 -0.143 -0.143
0.486953 1.404 0.239 -0.096 -0.099 -0.142 -0.142
0.48818 1.407 0.238 -0.103 -0.099 -0.141 -0.141
0.489406 1.408 0.236 -0.109 -0.100 -0.140 -0.140
0.490633 1.410 0.235 -0.115 -0.101 -0.139 -0.139
0.491859 1.412 0.233 -0.121 -0.102 -0.138 -0.138
0.493086 1.413 0.231 -0.128 -0.104 -0.137 -0.137
0.494313 1.414 0.228 -0.134 -0.106 -0.137 -0.137
0.495539 1.415 0.226 -0.140 -0.107 -0.136 -0.136
0.496766 1.416 0.223 -0.146 -0.109 -0.136 -0.136
0.497992 1.416 0.220 -0.152 -0.111 -0.136 -0.136
0.499219 1.415 0.216 -0.158 -0.114 -0.136 -0.136
0.500445 1.414 0.213 -0.164 -0.116 -0.136 -0.136
0.501672 1.413 0.208 -0.170 -0.119 -0.137 -0.137
0.502899 1.411 0.204 -0.176 -0.122 -0.138 -0.138
0.504125 1.410 0.199 -0.181 -0.125 -0.139 -0.139
0.505352 1.407 0.194 -0.187 -0.128 -0.139 -0.139
0.506578 1.405 0.189 -0.192 -0.132 -0.141 -0.141
0.507805 1.402 0.184 -0.198 -0.135 -0.142 -0.142
0.509032 1.399 0.178 -0.204 -0.139 -0.144 -0.144
0.510258 1.395 0.172 -0.209 -0.143 -0.145 -0.145
0.511485 1.391 0.166 -0.214 -0.147 -0.148 -0.148
0.512711 1.387 0.159 -0.220 -0.151 -0.149 -0.149
0.513938 1.382 0.153 -0.225 -0.156 -0.152 -0.152
0.515164 1.377 0.146 -0.231 -0.161 -0.154 -0.154
0.516391 1.373 0.139 -0.236 -0.166 -0.157 -0.157
0.517618 1.367 0.131 -0.241 -0.171 -0.159 -0.159
0.518844 1.361 0.123 -0.247 -0.176 -0.162 -0.162
0.520071 1.355 0.115 -0.252 -0.182 -0.166 -0.166
0.521297 1.348 0.106 -0.257 -0.188 -0.169 -0.169
0.522524 1.342 0.098 -0.262 -0.193 -0.172 -0.172
0.523751 1.334 0.089 -0.267 -0.199 -0.176 -0.176
0.524977 1.326 0.079 -0.272 -0.205 -0.180 -0.180
0.526204 1.318 0.069 -0.277 -0.212 -0.184 -0.184
0.52743 1.309 0.059 -0.282 -0.218 -0.189 -0.189
0.528657 1.300 0.049 -0.287 -0.224 -0.193 -0.193
0.529883 1.292 0.039 -0.292 -0.230 -0.198 -0.198
0.53111 1.283 0.028 -0.296 -0.237 -0.203 -0.203
0.532337 1.273 0.017 -0.301 -0.242 -0.208 -0.208
0.533563 1.264 0.007 -0.306 -0.249 -0.212 -0.212
0.53479 1.254 -0.004 -0.310 -0.255 -0.218 -0.218
0.536016 1.244 -0.014 -0.315 -0.261 -0.223 -0.223
0.537243 1.235 -0.024 -0.319 -0.266 -0.228 -0.228
0.538469 1.226 -0.035 -0.323 -0.272 -0.233 -0.233
0.539696 1.216 -0.045 -0.327 -0.277 -0.238 -0.238
0.540923 1.206 -0.055 -0.332 -0.282 -0.243 -0.243
0.542149 1.196 -0.065 -0.336 -0.288 -0.248 -0.248
0.543376 1.187 -0.074 -0.339 -0.293 -0.253 -0.253
0.544602 1.178 -0.084 -0.343 -0.298 -0.258 -0.258
0.545829 1.168 -0.094 -0.347 -0.303 -0.263 -0.263
0.547056 1.158 -0.103 -0.351 -0.308 -0.268 -0.268
0.548282 1.149 -0.112 -0.354 -0.313 -0.273 -0.273
0.549509 1.140 -0.121 -0.358 -0.318 -0.278 -0.278
0.550735 1.130 -0.130 -0.361 -0.322 -0.283 -0.283
0.551962 1.121 -0.139 -0.364 -0.327 -0.288 -0.288
0.553188 1.112 -0.147 -0.368 -0.332 -0.293 -0.293
0.554415 1.103 -0.155 -0.371 -0.336 -0.297 -0.297
0.555642 1.093 -0.164 -0.374 -0.341 -0.302 -0.302
0.556868 1.084 -0.172 -0.377 -0.345 -0.307 -0.307
0.558095 1.075 -0.179 -0.380 -0.349 -0.312 -0.312
0.559321 1.066 -0.187 -0.383 -0.353 -0.316 -0.316
0.560548 1.057 -0.195 -0.385 -0.357 -0.321 -0.321
0.561775 1.048 -0.202 -0.388 -0.361 -0.326 -0.326
0.563001 1.039 -0.209 -0.391 -0.365 -0.330 -0.330
0.564228 1.030 -0.217 -0.393 -0.369 -0.335 -0.335
0.565454 1.020 -0.223 -0.396 -0.373 -0.340 -0.340
0.566681 1.011 -0.231 -0.398 -0.376 -0.344 -0.344
0.567907 1.002 -0.237 -0.400 -0.380 -0.349 -0.349
0.569134 0.993 -0.244 -0.402 -0.383 -0.353 -0.353
0.570361 0.984 -0.250 -0.404 -0.387 -0.358 -0.358
0.571587 0.975 -0.257 -0.407 -0.390 -0.362 -0.362
0.572814 0.966 -0.263 -0.408 -0.393 -0.367 -0.367
0.57404 0.957 -0.269 -0.410 -0.396 -0.371 -0.371
0.575267 0.949 -0.275 -0.412 -0.399 -0.376 -0.376
0.576494 0.940 -0.281 -0.414 -0.402 -0.380 -0.380
0.57772 0.932 -0.286 -0.416 -0.405 -0.384 -0.384
0.578947 0.923 -0.291 -0.417 -0.408 -0.388 -0.388
0.580173 0.915 -0.297 -0.419 -0.410 -0.392 -0.392
0.5814 0.908 -0.302 -0.420 -0.413 -0.396 -0.396
0.582626 0.900 -0.307 -0.422 -0.415 -0.400 -0.400
0.583853 0.893 -0.311 -0.424 -0.417 -0.404 -0.404
0.58508 0.886 -0.315 -0.425 -0.420 -0.407 -0.407
0.586306 0.880 -0.319 -0.426 -0.422 -0.410 -0.410
0.587533 0.874 -0.324 -0.428 -0.424 -0.413 -0.413
0.588759 0.867 -0.327 -0.428 -0.426 -0.417 -0.417
0.589986 0.862 -0.331 -0.430 -0.428 -0.419 -0.419
0.591213 0.857 -0.335 -0.431 -0.429 -0.422 -0.422
0.592439 0.852 -0.338 -0.432 -0.431 -0.425 -0.425
0.593666 0.847 -0.341 -0.433 -0.433 -0.427 -0.427
0.594892 0.843 -0.344 -0.434 -0.434 -0.430 -0.430
0.596119 0.838 -0.347 -0.435 -0.435 -0.431 -0.431
0.597345 0.834 -0.349 -0.436 -0.437 -0.434 -0.434
0.598572 0.830 -0.352 -0.436 -0.438 -0.435 -0.435
0.599799 0.827 -0.354 -0.437 -0.439 -0.437 -0.437
0.601025 0.824 -0.356 -0.437 -0.440 -0.439 -0.439
0.602252 0.821 -0.358 -0.438 -0.441 -0.440 -0.440
0.603478 0.818 -0.360 -0.439 -0.442 -0.442 -0.442
0.604705 0.816 -0.361 -0.439 -0.443 -0.443 -0.443
0.605932 0.814 -0.362 -0.439 -0.443 -0.444 -0.444
0.607158 0.812 -0.363 -0.440 -0.444 -0.444 -0.444
0.608385 0.811 -0.365 -0.440 -0.444 -0.445 -0.445
0.609611 0.810 -0.365 -0.440 -0.444 -0.445 -0.445
0.610838 0.809 -0.365 -0.440 -0.445 -0.446 -0.446
0.612064 0.809 -0.366 -0.440 -0.445 -0.446 -0.446
