# IsPeriodic    : True
# Period        : 0.680392 days
# Normalization : <g_mag>=0
# 
# Phase u_mag  g_mag  r_mag  i_mag  z_mag  y_mag
 0.000  0.647 -0.601 -0.571 -0.532 -0.510 -0.510
 0.002  0.648 -0.600 -0.571 -0.532 -0.509 -0.509
 0.004  0.648 -0.599 -0.570 -0.532 -0.509 -0.509
 0.006  0.649 -0.598 -0.570 -0.531 -0.509 -0.509
 0.008  0.649 -0.596 -0.569 -0.531 -0.508 -0.508
 0.010  0.650 -0.594 -0.569 -0.530 -0.508 -0.508
 0.012  0.652 -0.592 -0.568 -0.528 -0.508 -0.508
 0.014  0.653 -0.589 -0.567 -0.527 -0.507 -0.507
 0.016  0.655 -0.586 -0.566 -0.526 -0.507 -0.507
 0.018  0.656 -0.582 -0.566 -0.524 -0.506 -0.506
 0.020  0.658 -0.579 -0.564 -0.523 -0.506 -0.506
 0.022  0.661 -0.575 -0.564 -0.522 -0.505 -0.505
 0.024  0.662 -0.571 -0.562 -0.520 -0.504 -0.504
 0.026  0.664 -0.568 -0.561 -0.518 -0.503 -0.503
 0.028  0.667 -0.564 -0.560 -0.517 -0.502 -0.502
 0.030  0.669 -0.560 -0.559 -0.515 -0.502 -0.502
 0.032  0.671 -0.557 -0.557 -0.514 -0.500 -0.500
 0.034  0.674 -0.553 -0.556 -0.512 -0.499 -0.499
 0.036  0.676 -0.549 -0.554 -0.511 -0.498 -0.498
 0.038  0.678 -0.546 -0.553 -0.510 -0.497 -0.497
 0.040  0.681 -0.542 -0.551 -0.508 -0.496 -0.496
 0.042  0.683 -0.538 -0.549 -0.507 -0.494 -0.494
 0.044  0.686 -0.535 -0.548 -0.505 -0.493 -0.493
 0.046  0.689 -0.531 -0.546 -0.504 -0.491 -0.491
 0.048  0.692 -0.526 -0.544 -0.502 -0.490 -0.490
 0.050  0.695 -0.523 -0.542 -0.500 -0.488 -0.488
 0.052  0.698 -0.519 -0.539 -0.499 -0.486 -0.486
 0.054  0.702 -0.515 -0.537 -0.497 -0.484 -0.484
 0.056  0.705 -0.510 -0.535 -0.495 -0.483 -0.483
 0.058  0.708 -0.506 -0.532 -0.494 -0.481 -0.481
 0.060  0.712 -0.501 -0.530 -0.492 -0.479 -0.479
 0.062  0.715 -0.496 -0.527 -0.490 -0.477 -0.477
 0.064  0.719 -0.491 -0.524 -0.488 -0.475 -0.475
 0.066  0.723 -0.486 -0.521 -0.486 -0.473 -0.473
 0.068  0.727 -0.482 -0.519 -0.484 -0.471 -0.471
 0.070  0.731 -0.477 -0.516 -0.482 -0.469 -0.469
 0.072  0.735 -0.472 -0.513 -0.481 -0.467 -0.467
 0.074  0.739 -0.467 -0.510 -0.478 -0.465 -0.465
 0.076  0.743 -0.461 -0.508 -0.477 -0.462 -0.462
 0.078  0.748 -0.456 -0.504 -0.475 -0.460 -0.460
 0.080  0.752 -0.451 -0.501 -0.473 -0.458 -0.458
 0.082  0.756 -0.446 -0.499 -0.471 -0.456 -0.456
 0.084  0.761 -0.441 -0.495 -0.469 -0.454 -0.454
 0.086  0.764 -0.437 -0.492 -0.467 -0.452 -0.452
 0.088  0.768 -0.432 -0.490 -0.465 -0.451 -0.451
 0.090  0.773 -0.427 -0.487 -0.463 -0.449 -0.449
 0.092  0.777 -0.422 -0.483 -0.461 -0.447 -0.447
 0.094  0.781 -0.416 -0.481 -0.459 -0.445 -0.445
 0.096  0.786 -0.411 -0.478 -0.457 -0.443 -0.443
 0.098  0.790 -0.406 -0.474 -0.455 -0.441 -0.441
 0.100  0.794 -0.401 -0.472 -0.453 -0.439 -0.439
 0.102  0.798 -0.396 -0.469 -0.451 -0.438 -0.438
 0.104  0.802 -0.391 -0.466 -0.450 -0.436 -0.436
 0.106  0.807 -0.387 -0.463 -0.447 -0.435 -0.435
 0.108  0.811 -0.382 -0.460 -0.446 -0.433 -0.433
 0.110  0.815 -0.377 -0.457 -0.444 -0.431 -0.431
 0.112  0.819 -0.372 -0.454 -0.442 -0.430 -0.430
 0.114  0.823 -0.367 -0.451 -0.440 -0.428 -0.428
 0.116  0.827 -0.363 -0.448 -0.438 -0.426 -0.426
 0.118  0.832 -0.359 -0.445 -0.437 -0.425 -0.425
 0.120  0.835 -0.354 -0.442 -0.435 -0.423 -0.423
 0.122  0.839 -0.350 -0.439 -0.433 -0.422 -0.422
 0.124  0.844 -0.345 -0.436 -0.431 -0.420 -0.420
 0.126  0.848 -0.341 -0.433 -0.429 -0.419 -0.419
 0.128  0.852 -0.336 -0.430 -0.427 -0.417 -0.417
 0.130  0.856 -0.332 -0.427 -0.426 -0.416 -0.416
 0.132  0.860 -0.327 -0.424 -0.424 -0.415 -0.415
 0.134  0.864 -0.323 -0.422 -0.422 -0.414 -0.414
 0.136  0.868 -0.318 -0.418 -0.421 -0.412 -0.412
 0.138  0.872 -0.314 -0.415 -0.419 -0.411 -0.411
 0.140  0.877 -0.310 -0.413 -0.417 -0.409 -0.409
 0.142  0.880 -0.305 -0.409 -0.415 -0.408 -0.408
 0.144  0.885 -0.301 -0.406 -0.414 -0.407 -0.407
 0.146  0.889 -0.297 -0.404 -0.412 -0.405 -0.405
 0.148  0.892 -0.292 -0.401 -0.410 -0.404 -0.404
 0.150  0.897 -0.288 -0.398 -0.409 -0.403 -0.403
 0.152  0.900 -0.284 -0.395 -0.407 -0.401 -0.401
 0.154  0.905 -0.280 -0.393 -0.405 -0.400 -0.400
 0.156  0.909 -0.277 -0.390 -0.404 -0.399 -0.399
 0.158  0.912 -0.273 -0.387 -0.402 -0.398 -0.398
 0.160  0.917 -0.269 -0.384 -0.400 -0.396 -0.396
 0.162  0.920 -0.264 -0.381 -0.398 -0.395 -0.395
 0.164  0.924 -0.260 -0.379 -0.397 -0.393 -0.393
 0.166  0.928 -0.256 -0.376 -0.395 -0.392 -0.392
 0.168  0.932 -0.252 -0.374 -0.394 -0.390 -0.390
 0.170  0.936 -0.248 -0.371 -0.392 -0.389 -0.389
 0.172  0.940 -0.244 -0.368 -0.390 -0.388 -0.388
 0.174  0.944 -0.240 -0.366 -0.389 -0.386 -0.386
 0.176  0.948 -0.236 -0.363 -0.387 -0.385 -0.385
 0.178  0.951 -0.232 -0.361 -0.385 -0.383 -0.383
 0.180  0.955 -0.228 -0.359 -0.384 -0.382 -0.382
 0.182  0.959 -0.225 -0.357 -0.382 -0.380 -0.380
 0.184  0.963 -0.221 -0.354 -0.381 -0.379 -0.379
 0.186  0.967 -0.217 -0.352 -0.379 -0.378 -0.378
 0.188  0.970 -0.213 -0.350 -0.378 -0.376 -0.376
 0.190  0.974 -0.209 -0.348 -0.376 -0.375 -0.375
 0.192  0.977 -0.205 -0.345 -0.374 -0.373 -0.373
 0.194  0.982 -0.201 -0.343 -0.373 -0.372 -0.372
 0.196  0.985 -0.197 -0.341 -0.372 -0.370 -0.370
 0.198  0.989 -0.195 -0.339 -0.370 -0.369 -0.369
 0.200  0.992 -0.191 -0.336 -0.368 -0.367 -0.367
 0.202  0.996 -0.187 -0.334 -0.367 -0.366 -0.366
 0.204  1.000 -0.183 -0.332 -0.365 -0.364 -0.364
 0.206  1.003 -0.180 -0.330 -0.364 -0.363 -0.363
 0.208  1.007 -0.176 -0.329 -0.362 -0.361 -0.361
 0.210  1.010 -0.172 -0.327 -0.361 -0.360 -0.360
 0.212  1.015 -0.169 -0.325 -0.359 -0.359 -0.359
 0.214  1.018 -0.165 -0.323 -0.358 -0.357 -0.357
 0.216  1.022 -0.161 -0.321 -0.356 -0.356 -0.356
 0.218  1.025 -0.158 -0.319 -0.355 -0.354 -0.354
 0.220  1.029 -0.154 -0.317 -0.353 -0.353 -0.353
 0.222  1.032 -0.150 -0.316 -0.352 -0.351 -0.351
 0.224  1.036 -0.147 -0.314 -0.350 -0.350 -0.350
 0.226  1.039 -0.143 -0.311 -0.349 -0.348 -0.348
 0.228  1.042 -0.140 -0.310 -0.348 -0.347 -0.347
 0.230  1.046 -0.136 -0.308 -0.346 -0.345 -0.345
 0.232  1.049 -0.132 -0.306 -0.345 -0.344 -0.344
 0.234  1.053 -0.129 -0.305 -0.343 -0.342 -0.342
 0.236  1.056 -0.125 -0.302 -0.341 -0.342 -0.342
 0.238  1.059 -0.122 -0.300 -0.340 -0.340 -0.340
 0.240  1.062 -0.119 -0.298 -0.339 -0.339 -0.339
 0.242  1.066 -0.115 -0.297 -0.337 -0.337 -0.337
 0.244  1.069 -0.113 -0.295 -0.336 -0.336 -0.336
 0.246  1.073 -0.109 -0.293 -0.334 -0.335 -0.335
 0.248  1.075 -0.106 -0.291 -0.333 -0.333 -0.333
 0.250  1.079 -0.103 -0.289 -0.331 -0.332 -0.332
 0.252  1.082 -0.099 -0.287 -0.329 -0.331 -0.331
 0.254  1.085 -0.096 -0.285 -0.328 -0.330 -0.330
 0.256  1.088 -0.093 -0.283 -0.327 -0.328 -0.328
 0.258  1.092 -0.089 -0.281 -0.325 -0.327 -0.327
 0.260  1.095 -0.086 -0.279 -0.324 -0.326 -0.326
 0.262  1.098 -0.083 -0.277 -0.322 -0.325 -0.325
 0.264  1.101 -0.079 -0.275 -0.320 -0.324 -0.324
 0.266  1.104 -0.076 -0.273 -0.319 -0.323 -0.323
 0.268  1.108 -0.073 -0.271 -0.317 -0.321 -0.321
 0.270  1.110 -0.070 -0.269 -0.316 -0.320 -0.320
 0.272  1.113 -0.067 -0.267 -0.315 -0.319 -0.319
 0.274  1.116 -0.063 -0.265 -0.313 -0.318 -0.318
 0.276  1.119 -0.060 -0.263 -0.311 -0.317 -0.317
 0.278  1.122 -0.057 -0.261 -0.309 -0.316 -0.316
 0.280  1.125 -0.054 -0.259 -0.308 -0.314 -0.314
 0.282  1.127 -0.051 -0.257 -0.307 -0.313 -0.313
 0.284  1.131 -0.048 -0.255 -0.305 -0.312 -0.312
 0.286  1.134 -0.045 -0.253 -0.304 -0.311 -0.311
 0.288  1.136 -0.042 -0.251 -0.302 -0.310 -0.310
 0.290  1.140 -0.039 -0.248 -0.300 -0.309 -0.309
 0.292  1.142 -0.036 -0.246 -0.299 -0.308 -0.308
 0.294  1.145 -0.033 -0.244 -0.297 -0.306 -0.306
 0.296  1.147 -0.031 -0.243 -0.296 -0.305 -0.305
 0.298  1.151 -0.028 -0.241 -0.294 -0.305 -0.305
 0.300  1.154 -0.025 -0.239 -0.293 -0.303 -0.303
 0.302  1.156 -0.022 -0.237 -0.291 -0.302 -0.302
 0.304  1.159 -0.019 -0.235 -0.289 -0.301 -0.301
 0.306  1.161 -0.016 -0.233 -0.288 -0.300 -0.300
 0.308  1.165 -0.013 -0.230 -0.287 -0.299 -0.299
 0.310  1.167 -0.010 -0.228 -0.285 -0.297 -0.297
 0.312  1.170 -0.007 -0.226 -0.283 -0.296 -0.296
 0.314  1.173 -0.004 -0.224 -0.282 -0.295 -0.295
 0.316  1.176 -0.001 -0.222 -0.280 -0.294 -0.294
 0.318  1.179  0.001 -0.221 -0.279 -0.293 -0.293
 0.320  1.181  0.004 -0.219 -0.277 -0.292 -0.292
 0.322  1.184  0.007 -0.217 -0.276 -0.290 -0.290
 0.324  1.186  0.010 -0.214 -0.275 -0.289 -0.289
 0.326  1.190  0.013 -0.212 -0.273 -0.288 -0.288
 0.328  1.193  0.016 -0.210 -0.272 -0.287 -0.287
 0.330  1.195  0.018 -0.209 -0.270 -0.286 -0.286
 0.332  1.198  0.021 -0.207 -0.269 -0.285 -0.285
 0.334  1.200  0.024 -0.205 -0.267 -0.284 -0.284
 0.336  1.203  0.027 -0.203 -0.266 -0.282 -0.282
 0.338  1.206  0.029 -0.201 -0.264 -0.281 -0.281
 0.340  1.209  0.032 -0.199 -0.263 -0.280 -0.280
 0.342  1.212  0.035 -0.197 -0.262 -0.279 -0.279
 0.344  1.214  0.038 -0.195 -0.260 -0.277 -0.277
 0.346  1.217  0.040 -0.193 -0.259 -0.276 -0.276
 0.348  1.219  0.043 -0.191 -0.258 -0.275 -0.275
 0.350  1.223  0.046 -0.190 -0.256 -0.274 -0.274
 0.352  1.226  0.048 -0.187 -0.255 -0.272 -0.272
 0.354  1.228  0.050 -0.185 -0.254 -0.271 -0.271
 0.356  1.231  0.053 -0.183 -0.252 -0.270 -0.270
 0.358  1.233  0.055 -0.182 -0.251 -0.269 -0.269
 0.360  1.236  0.058 -0.180 -0.249 -0.268 -0.268
 0.362  1.239  0.061 -0.178 -0.248 -0.267 -0.267
 0.364  1.242  0.063 -0.176 -0.247 -0.265 -0.265
 0.366  1.245  0.066 -0.174 -0.245 -0.264 -0.264
 0.368  1.247  0.068 -0.172 -0.244 -0.263 -0.263
 0.370  1.250  0.071 -0.171 -0.243 -0.261 -0.261
 0.372  1.252  0.074 -0.169 -0.241 -0.260 -0.260
 0.374  1.255  0.076 -0.167 -0.240 -0.259 -0.259
 0.376  1.257  0.079 -0.165 -0.238 -0.258 -0.258
 0.378  1.259  0.081 -0.163 -0.237 -0.256 -0.256
 0.380  1.262  0.084 -0.162 -0.236 -0.255 -0.255
 0.382  1.265  0.086 -0.160 -0.234 -0.254 -0.254
 0.384  1.267  0.089 -0.158 -0.233 -0.252 -0.252
 0.386  1.269  0.091 -0.156 -0.232 -0.251 -0.251
 0.388  1.271  0.093 -0.155 -0.230 -0.250 -0.250
 0.390  1.274  0.096 -0.153 -0.229 -0.249 -0.249
 0.392  1.276  0.098 -0.151 -0.227 -0.248 -0.248
 0.394  1.278  0.101 -0.149 -0.226 -0.246 -0.246
 0.396  1.280  0.103 -0.148 -0.225 -0.245 -0.245
 0.398  1.283  0.105 -0.146 -0.223 -0.243 -0.243
 0.400  1.284  0.108 -0.145 -0.222 -0.242 -0.242
 0.402  1.287  0.110 -0.143 -0.220 -0.241 -0.241
 0.404  1.289  0.112 -0.141 -0.219 -0.239 -0.239
 0.406  1.291  0.114 -0.140 -0.218 -0.238 -0.238
 0.408  1.293  0.117 -0.138 -0.216 -0.237 -0.237
 0.410  1.295  0.119 -0.136 -0.215 -0.235 -0.235
 0.412  1.297  0.121 -0.135 -0.214 -0.234 -0.234
 0.414  1.299  0.123 -0.133 -0.212 -0.233 -0.233
 0.416  1.301  0.125 -0.131 -0.211 -0.231 -0.231
 0.418  1.303  0.128 -0.130 -0.210 -0.230 -0.230
 0.420  1.304  0.130 -0.129 -0.208 -0.229 -0.229
 0.422  1.306  0.131 -0.127 -0.207 -0.227 -0.227
 0.424  1.308  0.133 -0.125 -0.205 -0.226 -0.226
 0.426  1.310  0.135 -0.124 -0.204 -0.225 -0.225
 0.428  1.311  0.137 -0.122 -0.203 -0.223 -0.223
 0.430  1.313  0.139 -0.121 -0.201 -0.222 -0.222
 0.432  1.315  0.141 -0.119 -0.200 -0.221 -0.221
 0.434  1.317  0.143 -0.117 -0.198 -0.219 -0.219
 0.436  1.318  0.145 -0.116 -0.197 -0.218 -0.218
 0.438  1.320  0.147 -0.115 -0.195 -0.216 -0.216
 0.440  1.322  0.149 -0.113 -0.194 -0.215 -0.215
 0.442  1.324  0.151 -0.112 -0.193 -0.214 -0.214
 0.444  1.325  0.153 -0.111 -0.191 -0.212 -0.212
 0.446  1.327  0.155 -0.108 -0.190 -0.212 -0.212
 0.448  1.329  0.157 -0.107 -0.189 -0.210 -0.210
 0.450  1.330  0.159 -0.106 -0.187 -0.209 -0.209
 0.452  1.332  0.161 -0.104 -0.186 -0.208 -0.208
 0.454  1.334  0.162 -0.103 -0.185 -0.207 -0.207
 0.456  1.336  0.164 -0.102 -0.183 -0.205 -0.205
 0.458  1.337  0.166 -0.100 -0.182 -0.204 -0.204
 0.460  1.339  0.168 -0.099 -0.181 -0.203 -0.203
 0.462  1.341  0.170 -0.097 -0.180 -0.202 -0.202
 0.464  1.343  0.171 -0.096 -0.179 -0.200 -0.200
 0.466  1.344  0.173 -0.094 -0.178 -0.199 -0.199
 0.468  1.347  0.175 -0.093 -0.177 -0.198 -0.198
 0.470  1.349  0.176 -0.091 -0.175 -0.197 -0.197
 0.472  1.350  0.178 -0.090 -0.174 -0.195 -0.195
 0.474  1.352  0.180 -0.088 -0.173 -0.194 -0.194
 0.476  1.354  0.181 -0.087 -0.171 -0.193 -0.193
 0.478  1.356  0.183 -0.086 -0.170 -0.192 -0.192
 0.480  1.358  0.185 -0.084 -0.170 -0.191 -0.191
 0.482  1.360  0.186 -0.083 -0.169 -0.190 -0.190
 0.484  1.362  0.188 -0.081 -0.167 -0.189 -0.189
 0.486  1.363  0.189 -0.080 -0.166 -0.188 -0.188
 0.488  1.366  0.191 -0.079 -0.165 -0.187 -0.187
 0.490  1.368  0.192 -0.077 -0.164 -0.186 -0.186
 0.492  1.370  0.194 -0.076 -0.163 -0.185 -0.185
 0.494  1.372  0.195 -0.075 -0.162 -0.183 -0.183
 0.496  1.374  0.197 -0.073 -0.161 -0.182 -0.182
 0.498  1.376  0.198 -0.072 -0.160 -0.181 -0.181
 0.500  1.378  0.199 -0.070 -0.159 -0.180 -0.180
 0.502  1.381  0.201 -0.070 -0.158 -0.179 -0.179
 0.504  1.383  0.202 -0.068 -0.157 -0.178 -0.178
 0.506  1.384  0.204 -0.067 -0.157 -0.177 -0.177
 0.508  1.387  0.205 -0.066 -0.155 -0.176 -0.176
 0.510  1.389  0.206 -0.064 -0.154 -0.175 -0.175
 0.512  1.390  0.207 -0.063 -0.154 -0.174 -0.174
 0.514  1.392  0.209 -0.061 -0.153 -0.173 -0.173
 0.516  1.394  0.210 -0.061 -0.151 -0.172 -0.172
 0.518  1.396  0.211 -0.059 -0.151 -0.171 -0.171
 0.520  1.397  0.212 -0.058 -0.150 -0.170 -0.170
 0.522  1.399  0.212 -0.057 -0.149 -0.169 -0.169
 0.524  1.400  0.214 -0.056 -0.148 -0.168 -0.168
 0.526  1.402  0.215 -0.054 -0.147 -0.168 -0.168
 0.528  1.402  0.216 -0.053 -0.146 -0.167 -0.167
 0.530  1.404  0.217 -0.052 -0.145 -0.166 -0.166
 0.532  1.405  0.218 -0.051 -0.145 -0.165 -0.165
 0.534  1.407  0.219 -0.050 -0.143 -0.164 -0.164
 0.536  1.408  0.220 -0.049 -0.143 -0.163 -0.163
 0.538  1.409  0.221 -0.048 -0.142 -0.162 -0.162
 0.540  1.409  0.222 -0.047 -0.141 -0.161 -0.161
 0.542  1.410  0.222 -0.045 -0.140 -0.160 -0.160
 0.544  1.411  0.223 -0.045 -0.139 -0.159 -0.159
 0.546  1.412  0.224 -0.043 -0.138 -0.158 -0.158
 0.548  1.412  0.225 -0.043 -0.137 -0.157 -0.157
 0.550  1.413  0.226 -0.041 -0.136 -0.157 -0.157
 0.552  1.413  0.226 -0.041 -0.136 -0.156 -0.156
 0.554  1.414  0.227 -0.039 -0.134 -0.155 -0.155
 0.556  1.414  0.228 -0.039 -0.134 -0.154 -0.154
 0.558  1.415  0.229 -0.038 -0.133 -0.154 -0.154
 0.560  1.415  0.229 -0.036 -0.132 -0.153 -0.153
 0.562  1.415  0.230 -0.036 -0.131 -0.152 -0.152
 0.564  1.415  0.230 -0.035 -0.130 -0.151 -0.151
 0.566  1.415  0.231 -0.034 -0.129 -0.150 -0.150
 0.568  1.415  0.232 -0.033 -0.128 -0.150 -0.150
 0.570  1.415  0.232 -0.032 -0.128 -0.149 -0.149
 0.572  1.414  0.233 -0.032 -0.126 -0.148 -0.148
 0.574  1.414  0.233 -0.030 -0.126 -0.147 -0.147
 0.576  1.414  0.233 -0.030 -0.125 -0.146 -0.146
 0.578  1.413  0.234 -0.029 -0.124 -0.145 -0.145
 0.580  1.413  0.234 -0.028 -0.123 -0.145 -0.145
 0.582  1.413  0.235 -0.027 -0.122 -0.144 -0.144
 0.584  1.412  0.235 -0.027 -0.121 -0.143 -0.143
 0.586  1.412  0.235 -0.026 -0.121 -0.142 -0.142
 0.588  1.412  0.236 -0.025 -0.120 -0.141 -0.141
 0.590  1.411  0.236 -0.025 -0.119 -0.141 -0.141
 0.592  1.411  0.236 -0.024 -0.118 -0.140 -0.140
 0.594  1.411  0.237 -0.023 -0.117 -0.139 -0.139
 0.596  1.410  0.237 -0.023 -0.117 -0.138 -0.138
 0.598  1.410  0.237 -0.023 -0.116 -0.138 -0.138
 0.600  1.410  0.238 -0.022 -0.116 -0.137 -0.137
 0.602  1.410  0.238 -0.021 -0.115 -0.136 -0.136
 0.604  1.410  0.238 -0.021 -0.114 -0.136 -0.136
 0.606  1.410  0.239 -0.020 -0.114 -0.135 -0.135
 0.608  1.409  0.239 -0.020 -0.113 -0.134 -0.134
 0.610  1.409  0.239 -0.020 -0.113 -0.133 -0.133
 0.612  1.409  0.240 -0.020 -0.112 -0.132 -0.132
 0.614  1.409  0.240 -0.019 -0.112 -0.132 -0.132
 0.616  1.409  0.240 -0.019 -0.111 -0.131 -0.131
 0.618  1.409  0.241 -0.018 -0.110 -0.130 -0.130
 0.620  1.409  0.241 -0.018 -0.110 -0.129 -0.129
 0.622  1.409  0.241 -0.018 -0.110 -0.128 -0.128
 0.624  1.409  0.242 -0.018 -0.109 -0.128 -0.128
 0.626  1.409  0.242 -0.018 -0.109 -0.127 -0.127
 0.628  1.409  0.242 -0.018 -0.109 -0.126 -0.126
 0.630  1.409  0.242 -0.017 -0.108 -0.125 -0.125
 0.632  1.409  0.243 -0.017 -0.108 -0.125 -0.125
 0.634  1.409  0.243 -0.017 -0.108 -0.124 -0.124
 0.636  1.410  0.243 -0.017 -0.108 -0.123 -0.123
 0.638  1.410  0.243 -0.017 -0.108 -0.122 -0.122
 0.640  1.410  0.244 -0.017 -0.108 -0.121 -0.121
 0.642  1.410  0.244 -0.017 -0.107 -0.121 -0.121
 0.644  1.410  0.244 -0.017 -0.107 -0.120 -0.120
 0.646  1.411  0.244 -0.017 -0.107 -0.119 -0.119
 0.648  1.411  0.245 -0.017 -0.106 -0.119 -0.119
 0.650  1.411  0.245 -0.017 -0.106 -0.118 -0.118
 0.652  1.412  0.245 -0.017 -0.106 -0.118 -0.118
 0.654  1.412  0.245 -0.016 -0.106 -0.117 -0.117
 0.656  1.412  0.246 -0.016 -0.106 -0.117 -0.117
 0.658  1.413  0.246 -0.016 -0.106 -0.116 -0.116
 0.660  1.413  0.246 -0.016 -0.105 -0.116 -0.116
 0.662  1.413  0.246 -0.016 -0.105 -0.115 -0.115
 0.664  1.414  0.246 -0.016 -0.105 -0.115 -0.115
 0.666  1.414  0.247 -0.015 -0.104 -0.115 -0.115
 0.668  1.414  0.247 -0.015 -0.104 -0.114 -0.114
 0.670  1.415  0.247 -0.014 -0.104 -0.114 -0.114
 0.672  1.415  0.247 -0.014 -0.103 -0.113 -0.113
 0.674  1.415  0.247 -0.013 -0.102 -0.113 -0.113
 0.676  1.415  0.248 -0.013 -0.102 -0.113 -0.113
 0.678  1.415  0.248 -0.012 -0.101 -0.113 -0.113
 0.680  1.416  0.248 -0.011 -0.101 -0.112 -0.112
 0.682  1.416  0.248 -0.011 -0.100 -0.112 -0.112
 0.684  1.417  0.248 -0.010 -0.100 -0.112 -0.112
 0.686  1.417  0.248 -0.009 -0.098 -0.112 -0.112
 0.688  1.418  0.249 -0.009 -0.098 -0.112 -0.112
 0.690  1.418  0.249 -0.007 -0.097 -0.112 -0.112
 0.692  1.419  0.249 -0.007 -0.096 -0.112 -0.112
 0.694  1.419  0.249 -0.006 -0.095 -0.112 -0.112
 0.696  1.420  0.249 -0.005 -0.094 -0.112 -0.112
 0.698  1.421  0.249 -0.004 -0.093 -0.112 -0.112
 0.700  1.421  0.250 -0.003 -0.092 -0.112 -0.112
 0.702  1.422  0.250 -0.002 -0.091 -0.112 -0.112
 0.704  1.422  0.250 -0.001 -0.090 -0.112 -0.112
 0.706  1.422  0.250  0.000 -0.089 -0.112 -0.112
 0.708  1.423  0.250  0.002 -0.088 -0.112 -0.112
 0.710  1.423  0.250  0.002 -0.086 -0.112 -0.112
 0.712  1.424  0.250  0.004 -0.085 -0.112 -0.112
 0.714  1.424  0.250  0.005 -0.084 -0.112 -0.112
 0.716  1.425  0.250  0.007 -0.083 -0.112 -0.112
 0.718  1.426  0.250  0.008 -0.081 -0.112 -0.112
 0.720  1.426  0.251  0.009 -0.080 -0.111 -0.111
 0.722  1.427  0.251  0.011 -0.078 -0.111 -0.111
 0.724  1.428  0.251  0.012 -0.077 -0.111 -0.111
 0.726  1.428  0.251  0.014 -0.076 -0.110 -0.110
 0.728  1.429  0.252  0.016 -0.074 -0.110 -0.110
 0.730  1.430  0.252  0.018 -0.072 -0.109 -0.109
 0.732  1.432  0.253  0.019 -0.071 -0.108 -0.108
 0.734  1.433  0.254  0.021 -0.069 -0.107 -0.107
 0.736  1.435  0.255  0.023 -0.067 -0.106 -0.106
 0.738  1.435  0.257  0.025 -0.065 -0.105 -0.105
 0.740  1.437  0.258  0.027 -0.063 -0.104 -0.104
 0.742  1.439  0.259  0.029 -0.061 -0.103 -0.103
 0.744  1.441  0.261  0.031 -0.059 -0.102 -0.102
 0.746  1.442  0.263  0.034 -0.056 -0.101 -0.101
 0.748  1.444  0.265  0.036 -0.054 -0.100 -0.100
 0.750  1.446  0.267  0.038 -0.052 -0.098 -0.098
 0.752  1.448  0.269  0.041 -0.049 -0.096 -0.096
 0.754  1.449  0.272  0.043 -0.047 -0.095 -0.095
 0.756  1.451  0.274  0.046 -0.045 -0.093 -0.093
 0.758  1.453  0.277  0.049 -0.042 -0.091 -0.091
 0.760  1.455  0.280  0.051 -0.040 -0.089 -0.089
 0.762  1.457  0.282  0.054 -0.037 -0.087 -0.087
 0.764  1.460  0.286  0.056 -0.035 -0.085 -0.085
 0.766  1.462  0.289  0.060 -0.032 -0.083 -0.083
 0.768  1.465  0.292  0.063 -0.029 -0.081 -0.081
 0.770  1.468  0.295  0.065 -0.025 -0.079 -0.079
 0.772  1.470  0.299  0.069 -0.023 -0.077 -0.077
 0.774  1.474  0.303  0.072 -0.019 -0.074 -0.074
 0.776  1.476  0.308  0.076 -0.016 -0.072 -0.072
 0.778  1.480  0.312  0.079 -0.012 -0.069 -0.069
 0.780  1.483  0.317  0.083 -0.009 -0.067 -0.067
 0.782  1.487  0.321  0.086 -0.005 -0.064 -0.064
 0.784  1.489  0.326  0.090 -0.002 -0.062 -0.062
 0.786  1.493  0.331  0.092  0.001 -0.059 -0.059
 0.788  1.495  0.336  0.096  0.005 -0.057 -0.057
 0.790  1.499  0.341  0.099  0.008 -0.054 -0.054
 0.792  1.501  0.346  0.102  0.012 -0.052 -0.052
 0.794  1.504  0.351  0.105  0.014 -0.050 -0.050
 0.796  1.507  0.356  0.107  0.018 -0.048 -0.048
 0.798  1.508  0.360  0.110  0.021 -0.046 -0.046
 0.800  1.510  0.365  0.112  0.024 -0.044 -0.044
 0.802  1.512  0.369  0.114  0.026 -0.042 -0.042
 0.804  1.513  0.373  0.116  0.028 -0.040 -0.040
 0.806  1.514  0.376  0.117  0.030 -0.039 -0.039
 0.808  1.514  0.378  0.119  0.032 -0.037 -0.037
 0.810  1.514  0.381  0.120  0.034 -0.036 -0.036
 0.812  1.514  0.383  0.121  0.035 -0.034 -0.034
 0.814  1.514  0.385  0.122  0.036 -0.033 -0.033
 0.816  1.512  0.386  0.122  0.037 -0.032 -0.032
 0.818  1.510  0.387  0.122  0.037 -0.031 -0.031
 0.820  1.508  0.387  0.122  0.037 -0.030 -0.030
 0.822  1.506  0.387  0.122  0.037 -0.029 -0.029
 0.824  1.503  0.386  0.122  0.037 -0.028 -0.028
 0.826  1.500  0.385  0.121  0.036 -0.027 -0.027
 0.828  1.496  0.383  0.120  0.035 -0.026 -0.026
 0.830  1.493  0.382  0.119  0.033 -0.026 -0.026
 0.832  1.488  0.379  0.118  0.032 -0.025 -0.025
 0.834  1.484  0.377  0.117  0.030 -0.025 -0.025
 0.836  1.479  0.375  0.115  0.028 -0.024 -0.024
 0.838  1.474  0.371  0.113  0.026 -0.024 -0.024
 0.840  1.468  0.367  0.111  0.024 -0.023 -0.023
 0.842  1.462  0.363  0.108  0.021 -0.023 -0.023
 0.844  1.455  0.359  0.106  0.018 -0.023 -0.023
 0.846  1.448  0.354  0.104  0.014 -0.023 -0.023
 0.848  1.442  0.348  0.101  0.011 -0.023 -0.023
 0.850  1.435  0.342  0.097  0.008 -0.023 -0.023
 0.852  1.427  0.336  0.094  0.003 -0.024 -0.024
 0.854  1.418  0.329  0.090 -0.001 -0.025 -0.025
 0.856  1.409  0.322  0.087 -0.005 -0.026 -0.026
 0.858  1.401  0.314  0.083 -0.011 -0.027 -0.027
 0.860  1.391  0.306  0.079 -0.016 -0.028 -0.028
 0.862  1.382  0.298  0.074 -0.021 -0.030 -0.030
 0.864  1.372  0.290  0.069 -0.027 -0.033 -0.033
 0.866  1.362  0.281  0.064 -0.032 -0.035 -0.035
 0.868  1.351  0.271  0.058 -0.039 -0.038 -0.038
 0.870  1.341  0.261  0.052 -0.045 -0.042 -0.042
 0.872  1.330  0.251  0.046 -0.051 -0.045 -0.045
 0.874  1.319  0.240  0.039 -0.057 -0.050 -0.050
 0.876  1.308  0.229  0.031 -0.064 -0.055 -0.055
 0.878  1.297  0.218  0.024 -0.071 -0.060 -0.060
 0.880  1.285  0.207  0.016 -0.078 -0.065 -0.065
 0.882  1.273  0.195  0.008 -0.086 -0.071 -0.071
 0.884  1.262  0.183 -0.001 -0.093 -0.077 -0.077
 0.886  1.250  0.170 -0.009 -0.101 -0.083 -0.083
 0.888  1.238  0.157 -0.019 -0.109 -0.091 -0.091
 0.890  1.226  0.143 -0.028 -0.116 -0.098 -0.098
 0.892  1.213  0.131 -0.039 -0.125 -0.105 -0.105
 0.894  1.200  0.117 -0.048 -0.133 -0.113 -0.113
 0.896  1.188  0.102 -0.059 -0.141 -0.121 -0.121
 0.898  1.175  0.088 -0.070 -0.150 -0.130 -0.130
 0.900  1.162  0.073 -0.080 -0.158 -0.139 -0.139
 0.902  1.148  0.057 -0.092 -0.167 -0.148 -0.148
 0.904  1.135  0.043 -0.104 -0.176 -0.158 -0.158
 0.906  1.121  0.026 -0.116 -0.186 -0.168 -0.168
 0.908  1.108  0.010 -0.129 -0.195 -0.178 -0.178
 0.910  1.093 -0.007 -0.142 -0.205 -0.190 -0.190
 0.912  1.079 -0.024 -0.156 -0.215 -0.201 -0.201
 0.914  1.064 -0.041 -0.169 -0.225 -0.213 -0.213
 0.916  1.049 -0.059 -0.184 -0.235 -0.225 -0.225
 0.918  1.034 -0.078 -0.199 -0.246 -0.238 -0.238
 0.920  1.018 -0.097 -0.214 -0.257 -0.250 -0.250
 0.922  1.003 -0.115 -0.230 -0.268 -0.263 -0.263
 0.924  0.988 -0.134 -0.245 -0.279 -0.276 -0.276
 0.926  0.972 -0.154 -0.261 -0.290 -0.289 -0.289
 0.928  0.957 -0.174 -0.276 -0.301 -0.302 -0.302
 0.930  0.941 -0.194 -0.292 -0.312 -0.314 -0.314
 0.932  0.925 -0.214 -0.307 -0.324 -0.325 -0.325
 0.934  0.910 -0.234 -0.322 -0.335 -0.337 -0.337
 0.936  0.894 -0.255 -0.337 -0.346 -0.348 -0.348
 0.938  0.879 -0.276 -0.352 -0.358 -0.359 -0.359
 0.940  0.865 -0.295 -0.366 -0.369 -0.369 -0.369
 0.942  0.850 -0.315 -0.379 -0.380 -0.380 -0.380
 0.944  0.836 -0.335 -0.393 -0.390 -0.389 -0.389
 0.946  0.822 -0.355 -0.406 -0.401 -0.398 -0.398
 0.948  0.809 -0.372 -0.418 -0.410 -0.407 -0.407
 0.950  0.796 -0.390 -0.430 -0.420 -0.415 -0.415
 0.952  0.784 -0.407 -0.442 -0.429 -0.423 -0.423
 0.954  0.773 -0.424 -0.452 -0.438 -0.431 -0.431
 0.956  0.762 -0.439 -0.463 -0.446 -0.438 -0.438
 0.958  0.752 -0.453 -0.472 -0.454 -0.446 -0.446
 0.960  0.742 -0.467 -0.482 -0.462 -0.453 -0.453
 0.962  0.733 -0.480 -0.490 -0.469 -0.459 -0.459
 0.964  0.724 -0.492 -0.499 -0.475 -0.465 -0.465
 0.966  0.715 -0.504 -0.507 -0.481 -0.470 -0.470
 0.968  0.708 -0.515 -0.514 -0.487 -0.475 -0.475
 0.970  0.701 -0.524 -0.521 -0.492 -0.480 -0.480
 0.972  0.694 -0.534 -0.528 -0.498 -0.485 -0.485
 0.974  0.688 -0.543 -0.533 -0.503 -0.489 -0.489
 0.976  0.682 -0.552 -0.539 -0.507 -0.492 -0.492
 0.978  0.676 -0.560 -0.544 -0.511 -0.495 -0.495
 0.980  0.670 -0.567 -0.549 -0.515 -0.498 -0.498
 0.982  0.666 -0.574 -0.553 -0.519 -0.501 -0.501
 0.984  0.662 -0.580 -0.557 -0.522 -0.503 -0.503
 0.986  0.658 -0.586 -0.560 -0.525 -0.505 -0.505
 0.988  0.655 -0.590 -0.563 -0.527 -0.506 -0.506
 0.990  0.652 -0.594 -0.566 -0.530 -0.507 -0.507
 0.992  0.649 -0.597 -0.568 -0.531 -0.508 -0.508
 0.994  0.649 -0.599 -0.569 -0.532 -0.509 -0.509
 0.996  0.648 -0.600 -0.570 -0.532 -0.510 -0.510
 0.998  0.647 -0.601 -0.571 -0.533 -0.510 -0.510
