# IsPeriodic    : True
# Period        : 0.606785 days
# Normalization : <g_mag>=0
# 
# Phase u_mag  g_mag  r_mag  i_mag  z_mag  y_mag
 0.000  0.578 -0.607 -0.584 -0.534 -0.543 -0.543
 0.002  0.578 -0.606 -0.584 -0.534 -0.543 -0.543
 0.004  0.579 -0.605 -0.583 -0.533 -0.543 -0.543
 0.006  0.579 -0.604 -0.583 -0.533 -0.542 -0.542
 0.008  0.580 -0.602 -0.582 -0.533 -0.541 -0.541
 0.010  0.582 -0.600 -0.582 -0.532 -0.540 -0.540
 0.012  0.583 -0.598 -0.580 -0.532 -0.540 -0.540
 0.014  0.585 -0.595 -0.580 -0.531 -0.539 -0.539
 0.016  0.587 -0.592 -0.578 -0.531 -0.537 -0.537
 0.018  0.590 -0.588 -0.578 -0.529 -0.536 -0.536
 0.020  0.592 -0.585 -0.576 -0.529 -0.534 -0.534
 0.022  0.594 -0.581 -0.574 -0.528 -0.532 -0.532
 0.024  0.597 -0.577 -0.573 -0.527 -0.530 -0.530
 0.026  0.600 -0.574 -0.571 -0.526 -0.528 -0.528
 0.028  0.602 -0.570 -0.570 -0.525 -0.525 -0.525
 0.030  0.605 -0.566 -0.568 -0.524 -0.522 -0.522
 0.032  0.608 -0.563 -0.566 -0.522 -0.519 -0.519
 0.034  0.610 -0.559 -0.563 -0.521 -0.516 -0.516
 0.036  0.614 -0.555 -0.561 -0.519 -0.513 -0.513
 0.038  0.617 -0.552 -0.558 -0.518 -0.510 -0.510
 0.040  0.620 -0.548 -0.556 -0.516 -0.507 -0.507
 0.042  0.623 -0.544 -0.553 -0.514 -0.504 -0.504
 0.044  0.626 -0.541 -0.550 -0.512 -0.501 -0.501
 0.046  0.629 -0.537 -0.547 -0.510 -0.498 -0.498
 0.048  0.632 -0.532 -0.544 -0.508 -0.494 -0.494
 0.050  0.635 -0.528 -0.541 -0.506 -0.492 -0.492
 0.052  0.638 -0.524 -0.537 -0.504 -0.489 -0.489
 0.054  0.642 -0.520 -0.534 -0.501 -0.486 -0.486
 0.056  0.645 -0.515 -0.531 -0.499 -0.484 -0.484
 0.058  0.649 -0.511 -0.527 -0.496 -0.482 -0.482
 0.060  0.652 -0.506 -0.523 -0.494 -0.479 -0.479
 0.062  0.656 -0.501 -0.519 -0.491 -0.476 -0.476
 0.064  0.660 -0.496 -0.515 -0.489 -0.474 -0.474
 0.066  0.664 -0.491 -0.510 -0.486 -0.472 -0.472
 0.068  0.668 -0.487 -0.506 -0.483 -0.470 -0.470
 0.070  0.672 -0.482 -0.502 -0.480 -0.468 -0.468
 0.072  0.676 -0.477 -0.498 -0.477 -0.466 -0.466
 0.074  0.679 -0.472 -0.493 -0.475 -0.464 -0.464
 0.076  0.684 -0.466 -0.489 -0.471 -0.462 -0.462
 0.078  0.688 -0.461 -0.484 -0.469 -0.460 -0.460
 0.080  0.692 -0.456 -0.480 -0.466 -0.458 -0.458
 0.082  0.697 -0.451 -0.476 -0.463 -0.457 -0.457
 0.084  0.700 -0.446 -0.471 -0.460 -0.455 -0.455
 0.086  0.705 -0.441 -0.467 -0.457 -0.453 -0.453
 0.088  0.709 -0.436 -0.463 -0.454 -0.452 -0.452
 0.090  0.714 -0.431 -0.459 -0.452 -0.450 -0.450
 0.092  0.717 -0.426 -0.455 -0.449 -0.449 -0.449
 0.094  0.722 -0.420 -0.451 -0.447 -0.448 -0.448
 0.096  0.726 -0.415 -0.447 -0.444 -0.447 -0.447
 0.098  0.731 -0.410 -0.444 -0.442 -0.446 -0.446
 0.100  0.734 -0.405 -0.440 -0.440 -0.445 -0.445
 0.102  0.739 -0.400 -0.437 -0.437 -0.444 -0.444
 0.104  0.743 -0.395 -0.433 -0.435 -0.443 -0.443
 0.106  0.748 -0.391 -0.429 -0.433 -0.442 -0.442
 0.108  0.752 -0.386 -0.426 -0.431 -0.441 -0.441
 0.110  0.755 -0.381 -0.422 -0.428 -0.440 -0.440
 0.112  0.759 -0.376 -0.419 -0.426 -0.439 -0.439
 0.114  0.763 -0.371 -0.416 -0.424 -0.439 -0.439
 0.116  0.767 -0.367 -0.413 -0.422 -0.437 -0.437
 0.118  0.771 -0.362 -0.410 -0.419 -0.437 -0.437
 0.120  0.775 -0.357 -0.406 -0.417 -0.436 -0.436
 0.122  0.779 -0.353 -0.404 -0.416 -0.434 -0.434
 0.124  0.782 -0.348 -0.400 -0.414 -0.434 -0.434
 0.126  0.786 -0.344 -0.398 -0.411 -0.433 -0.433
 0.128  0.789 -0.339 -0.395 -0.410 -0.432 -0.432
 0.130  0.793 -0.335 -0.392 -0.408 -0.430 -0.430
 0.132  0.796 -0.330 -0.389 -0.406 -0.429 -0.429
 0.134  0.800 -0.326 -0.387 -0.405 -0.428 -0.428
 0.136  0.803 -0.321 -0.384 -0.403 -0.427 -0.427
 0.138  0.807 -0.317 -0.381 -0.401 -0.426 -0.426
 0.140  0.810 -0.313 -0.379 -0.399 -0.424 -0.424
 0.142  0.814 -0.308 -0.377 -0.398 -0.423 -0.423
 0.144  0.817 -0.304 -0.374 -0.396 -0.422 -0.422
 0.146  0.820 -0.300 -0.372 -0.394 -0.420 -0.420
 0.148  0.824 -0.295 -0.369 -0.393 -0.419 -0.419
 0.150  0.827 -0.291 -0.367 -0.391 -0.417 -0.417
 0.152  0.830 -0.287 -0.365 -0.390 -0.416 -0.416
 0.154  0.833 -0.283 -0.363 -0.389 -0.414 -0.414
 0.156  0.836 -0.279 -0.361 -0.387 -0.412 -0.412
 0.158  0.839 -0.275 -0.358 -0.385 -0.411 -0.411
 0.160  0.842 -0.271 -0.356 -0.384 -0.409 -0.409
 0.162  0.845 -0.266 -0.353 -0.382 -0.408 -0.408
 0.164  0.848 -0.262 -0.351 -0.381 -0.406 -0.406
 0.166  0.851 -0.258 -0.349 -0.379 -0.404 -0.404
 0.168  0.855 -0.254 -0.346 -0.377 -0.403 -0.403
 0.170  0.858 -0.250 -0.344 -0.376 -0.401 -0.401
 0.172  0.861 -0.246 -0.342 -0.374 -0.399 -0.399
 0.174  0.864 -0.242 -0.340 -0.373 -0.397 -0.397
 0.176  0.867 -0.238 -0.337 -0.372 -0.395 -0.395
 0.178  0.870 -0.234 -0.335 -0.370 -0.393 -0.393
 0.180  0.873 -0.230 -0.333 -0.368 -0.391 -0.391
 0.182  0.877 -0.227 -0.330 -0.367 -0.389 -0.389
 0.184  0.880 -0.223 -0.328 -0.365 -0.387 -0.387
 0.186  0.883 -0.219 -0.326 -0.364 -0.385 -0.385
 0.188  0.886 -0.216 -0.324 -0.363 -0.383 -0.383
 0.190  0.889 -0.212 -0.322 -0.361 -0.382 -0.382
 0.192  0.893 -0.208 -0.319 -0.359 -0.380 -0.380
 0.194  0.896 -0.204 -0.317 -0.358 -0.378 -0.378
 0.196  0.900 -0.200 -0.315 -0.357 -0.376 -0.376
 0.198  0.903 -0.197 -0.312 -0.355 -0.374 -0.374
 0.200  0.906 -0.193 -0.310 -0.353 -0.372 -0.372
 0.202  0.910 -0.189 -0.307 -0.352 -0.371 -0.371
 0.204  0.913 -0.185 -0.305 -0.351 -0.369 -0.369
 0.206  0.917 -0.182 -0.303 -0.349 -0.368 -0.368
 0.208  0.920 -0.178 -0.301 -0.348 -0.366 -0.366
 0.210  0.924 -0.174 -0.299 -0.347 -0.364 -0.364
 0.212  0.927 -0.171 -0.297 -0.345 -0.362 -0.362
 0.214  0.931 -0.167 -0.294 -0.343 -0.361 -0.361
 0.216  0.934 -0.163 -0.292 -0.342 -0.359 -0.359
 0.218  0.938 -0.160 -0.290 -0.341 -0.358 -0.358
 0.220  0.941 -0.156 -0.288 -0.339 -0.356 -0.356
 0.222  0.945 -0.152 -0.285 -0.338 -0.355 -0.355
 0.224  0.949 -0.149 -0.283 -0.336 -0.353 -0.353
 0.226  0.952 -0.145 -0.281 -0.335 -0.352 -0.352
 0.228  0.956 -0.142 -0.279 -0.334 -0.350 -0.350
 0.230  0.960 -0.138 -0.276 -0.332 -0.349 -0.349
 0.232  0.964 -0.134 -0.274 -0.331 -0.347 -0.347
 0.234  0.967 -0.131 -0.272 -0.329 -0.346 -0.346
 0.236  0.971 -0.127 -0.270 -0.328 -0.345 -0.345
 0.238  0.975 -0.124 -0.268 -0.326 -0.343 -0.343
 0.240  0.978 -0.121 -0.266 -0.325 -0.342 -0.342
 0.242  0.982 -0.117 -0.264 -0.323 -0.341 -0.341
 0.244  0.985 -0.114 -0.262 -0.322 -0.340 -0.340
 0.246  0.989 -0.110 -0.260 -0.321 -0.339 -0.339
 0.248  0.992 -0.107 -0.258 -0.319 -0.337 -0.337
 0.250  0.996 -0.104 -0.256 -0.317 -0.336 -0.336
 0.252  0.999 -0.100 -0.254 -0.316 -0.334 -0.334
 0.254  1.002 -0.097 -0.252 -0.314 -0.333 -0.333
 0.256  1.005 -0.094 -0.250 -0.313 -0.332 -0.332
 0.258  1.008 -0.090 -0.249 -0.311 -0.331 -0.331
 0.260  1.011 -0.087 -0.247 -0.310 -0.330 -0.330
 0.262  1.014 -0.084 -0.245 -0.308 -0.329 -0.329
 0.264  1.017 -0.080 -0.243 -0.307 -0.328 -0.328
 0.266  1.020 -0.077 -0.241 -0.305 -0.326 -0.326
 0.268  1.024 -0.074 -0.239 -0.304 -0.325 -0.325
 0.270  1.027 -0.071 -0.237 -0.302 -0.323 -0.323
 0.272  1.030 -0.068 -0.235 -0.301 -0.322 -0.322
 0.274  1.033 -0.064 -0.234 -0.299 -0.321 -0.321
 0.276  1.036 -0.061 -0.232 -0.298 -0.319 -0.319
 0.278  1.038 -0.058 -0.230 -0.296 -0.318 -0.318
 0.280  1.041 -0.055 -0.229 -0.294 -0.317 -0.317
 0.282  1.044 -0.052 -0.227 -0.293 -0.316 -0.316
 0.284  1.047 -0.049 -0.225 -0.291 -0.314 -0.314
 0.286  1.050 -0.046 -0.223 -0.290 -0.313 -0.313
 0.288  1.052 -0.043 -0.221 -0.288 -0.312 -0.312
 0.290  1.055 -0.040 -0.220 -0.286 -0.310 -0.310
 0.292  1.058 -0.037 -0.218 -0.285 -0.309 -0.309
 0.294  1.060 -0.034 -0.217 -0.284 -0.308 -0.308
 0.296  1.062 -0.031 -0.215 -0.282 -0.306 -0.306
 0.298  1.065 -0.028 -0.213 -0.281 -0.305 -0.305
 0.300  1.068 -0.025 -0.211 -0.279 -0.303 -0.303
 0.302  1.070 -0.022 -0.209 -0.278 -0.302 -0.302
 0.304  1.072 -0.019 -0.208 -0.276 -0.300 -0.300
 0.306  1.075 -0.016 -0.206 -0.275 -0.299 -0.299
 0.308  1.077 -0.013 -0.205 -0.273 -0.298 -0.298
 0.310  1.079 -0.010 -0.202 -0.272 -0.296 -0.296
 0.312  1.082 -0.007 -0.200 -0.271 -0.295 -0.295
 0.314  1.085 -0.004 -0.199 -0.269 -0.293 -0.293
 0.316  1.087 -0.001 -0.197 -0.268 -0.291 -0.291
 0.318  1.089  0.001 -0.195 -0.266 -0.290 -0.290
 0.320  1.092  0.004 -0.193 -0.265 -0.289 -0.289
 0.322  1.094  0.007 -0.192 -0.264 -0.287 -0.287
 0.324  1.096  0.010 -0.190 -0.263 -0.286 -0.286
 0.326  1.099  0.013 -0.188 -0.261 -0.284 -0.284
 0.328  1.101  0.016 -0.186 -0.260 -0.283 -0.283
 0.330  1.104  0.018 -0.184 -0.258 -0.282 -0.282
 0.332  1.106  0.021 -0.182 -0.257 -0.280 -0.280
 0.334  1.109  0.024 -0.180 -0.256 -0.278 -0.278
 0.336  1.111  0.027 -0.178 -0.255 -0.277 -0.277
 0.338  1.113  0.029 -0.176 -0.254 -0.275 -0.275
 0.340  1.116  0.032 -0.175 -0.252 -0.274 -0.274
 0.342  1.118  0.035 -0.173 -0.251 -0.272 -0.272
 0.344  1.120  0.038 -0.171 -0.250 -0.271 -0.271
 0.346  1.123  0.040 -0.169 -0.249 -0.269 -0.269
 0.348  1.126  0.043 -0.167 -0.247 -0.268 -0.268
 0.350  1.128  0.046 -0.165 -0.246 -0.266 -0.266
 0.352  1.130  0.048 -0.163 -0.245 -0.265 -0.265
 0.354  1.133  0.051 -0.161 -0.244 -0.264 -0.264
 0.356  1.135  0.054 -0.159 -0.243 -0.262 -0.262
 0.358  1.137  0.056 -0.157 -0.242 -0.261 -0.261
 0.360  1.140  0.059 -0.155 -0.240 -0.259 -0.259
 0.362  1.142  0.062 -0.153 -0.239 -0.258 -0.258
 0.364  1.145  0.064 -0.151 -0.238 -0.257 -0.257
 0.366  1.147  0.067 -0.149 -0.237 -0.255 -0.255
 0.368  1.150  0.069 -0.147 -0.236 -0.254 -0.254
 0.370  1.152  0.072 -0.145 -0.234 -0.253 -0.253
 0.372  1.154  0.075 -0.143 -0.233 -0.251 -0.251
 0.374  1.157  0.077 -0.142 -0.232 -0.250 -0.250
 0.376  1.159  0.080 -0.140 -0.231 -0.248 -0.248
 0.378  1.161  0.082 -0.138 -0.230 -0.247 -0.247
 0.380  1.164  0.085 -0.136 -0.229 -0.246 -0.246
 0.382  1.166  0.087 -0.135 -0.227 -0.244 -0.244
 0.384  1.169  0.090 -0.133 -0.226 -0.243 -0.243
 0.386  1.172  0.092 -0.131 -0.225 -0.241 -0.241
 0.388  1.174  0.094 -0.129 -0.224 -0.240 -0.240
 0.390  1.176  0.097 -0.127 -0.223 -0.239 -0.239
 0.392  1.178  0.099 -0.125 -0.221 -0.237 -0.237
 0.394  1.180  0.102 -0.124 -0.220 -0.236 -0.236
 0.396  1.182  0.104 -0.122 -0.219 -0.234 -0.234
 0.398  1.185  0.106 -0.120 -0.217 -0.233 -0.233
 0.400  1.187  0.109 -0.118 -0.216 -0.232 -0.232
 0.402  1.189  0.111 -0.116 -0.215 -0.230 -0.230
 0.404  1.192  0.113 -0.115 -0.214 -0.229 -0.229
 0.406  1.194  0.115 -0.113 -0.213 -0.228 -0.228
 0.408  1.196  0.118 -0.112 -0.211 -0.226 -0.226
 0.410  1.199  0.120 -0.110 -0.210 -0.225 -0.225
 0.412  1.200  0.122 -0.108 -0.208 -0.223 -0.223
 0.414  1.203  0.124 -0.107 -0.207 -0.222 -0.222
 0.416  1.205  0.126 -0.105 -0.206 -0.221 -0.221
 0.418  1.207  0.129 -0.104 -0.205 -0.219 -0.219
 0.420  1.209  0.131 -0.102 -0.203 -0.218 -0.218
 0.422  1.211  0.133 -0.100 -0.202 -0.217 -0.217
 0.424  1.213  0.135 -0.099 -0.200 -0.215 -0.215
 0.426  1.216  0.137 -0.097 -0.199 -0.214 -0.214
 0.428  1.217  0.139 -0.096 -0.198 -0.213 -0.213
 0.430  1.220  0.141 -0.094 -0.197 -0.212 -0.212
 0.432  1.222  0.143 -0.093 -0.195 -0.211 -0.211
 0.434  1.223  0.145 -0.091 -0.194 -0.209 -0.209
 0.436  1.226  0.147 -0.090 -0.192 -0.208 -0.208
 0.438  1.227  0.149 -0.088 -0.191 -0.207 -0.207
 0.440  1.230  0.151 -0.087 -0.190 -0.205 -0.205
 0.442  1.232  0.153 -0.085 -0.189 -0.204 -0.204
 0.444  1.234  0.155 -0.083 -0.187 -0.203 -0.203
 0.446  1.236  0.157 -0.082 -0.186 -0.202 -0.202
 0.448  1.237  0.159 -0.081 -0.184 -0.200 -0.200
 0.450  1.239  0.161 -0.079 -0.183 -0.199 -0.199
 0.452  1.241  0.163 -0.077 -0.182 -0.198 -0.198
 0.454  1.243  0.164 -0.076 -0.181 -0.197 -0.197
 0.456  1.244  0.166 -0.075 -0.180 -0.196 -0.196
 0.458  1.247  0.168 -0.073 -0.178 -0.194 -0.194
 0.460  1.248  0.170 -0.071 -0.177 -0.193 -0.193
 0.462  1.250  0.172 -0.070 -0.175 -0.192 -0.192
 0.464  1.251  0.173 -0.069 -0.174 -0.191 -0.191
 0.466  1.253  0.175 -0.067 -0.173 -0.190 -0.190
 0.468  1.254  0.177 -0.066 -0.172 -0.189 -0.189
 0.470  1.256  0.178 -0.065 -0.171 -0.187 -0.187
 0.472  1.258  0.180 -0.063 -0.169 -0.186 -0.186
 0.474  1.259  0.182 -0.061 -0.168 -0.185 -0.185
 0.476  1.261  0.183 -0.060 -0.167 -0.184 -0.184
 0.478  1.262  0.185 -0.059 -0.165 -0.183 -0.183
 0.480  1.264  0.187 -0.057 -0.164 -0.182 -0.182
 0.482  1.265  0.188 -0.056 -0.163 -0.180 -0.180
 0.484  1.266  0.190 -0.054 -0.162 -0.179 -0.179
 0.486  1.268  0.191 -0.053 -0.161 -0.178 -0.178
 0.488  1.268  0.193 -0.051 -0.159 -0.178 -0.178
 0.490  1.270  0.194 -0.050 -0.158 -0.176 -0.176
 0.492  1.271  0.196 -0.048 -0.157 -0.175 -0.175
 0.494  1.271  0.197 -0.047 -0.156 -0.174 -0.174
 0.496  1.273  0.199 -0.046 -0.155 -0.173 -0.173
 0.498  1.274  0.200 -0.044 -0.154 -0.172 -0.172
 0.500  1.275  0.201 -0.042 -0.152 -0.171 -0.171
 0.502  1.276  0.203 -0.041 -0.151 -0.170 -0.170
 0.504  1.277  0.204 -0.040 -0.150 -0.169 -0.169
 0.506  1.278  0.206 -0.038 -0.149 -0.168 -0.168
 0.508  1.278  0.207 -0.038 -0.148 -0.167 -0.167
 0.510  1.279  0.208 -0.036 -0.147 -0.166 -0.166
 0.512  1.280  0.209 -0.035 -0.146 -0.165 -0.165
 0.514  1.281  0.211 -0.034 -0.145 -0.164 -0.164
 0.516  1.282  0.212 -0.032 -0.143 -0.163 -0.163
 0.518  1.282  0.213 -0.032 -0.142 -0.162 -0.162
 0.520  1.283  0.214 -0.030 -0.142 -0.161 -0.161
 0.522  1.284  0.215 -0.030 -0.141 -0.160 -0.160
 0.524  1.285  0.217 -0.028 -0.140 -0.159 -0.159
 0.526  1.285  0.218 -0.028 -0.139 -0.158 -0.158
 0.528  1.285  0.219 -0.026 -0.138 -0.158 -0.158
 0.530  1.286  0.220 -0.026 -0.137 -0.157 -0.157
 0.532  1.287  0.221 -0.024 -0.137 -0.156 -0.156
 0.534  1.288  0.222 -0.024 -0.136 -0.155 -0.155
 0.536  1.289  0.223 -0.023 -0.135 -0.154 -0.154
 0.538  1.289  0.224 -0.022 -0.134 -0.153 -0.153
 0.540  1.290  0.225 -0.022 -0.133 -0.153 -0.153
 0.542  1.290  0.225 -0.021 -0.133 -0.151 -0.151
 0.544  1.291  0.226 -0.020 -0.132 -0.151 -0.151
 0.546  1.292  0.227 -0.020 -0.132 -0.150 -0.150
 0.548  1.292  0.228 -0.019 -0.131 -0.149 -0.149
 0.550  1.293  0.229 -0.018 -0.130 -0.148 -0.148
 0.552  1.293  0.229 -0.018 -0.130 -0.147 -0.147
 0.554  1.294  0.230 -0.017 -0.129 -0.147 -0.147
 0.556  1.295  0.231 -0.017 -0.129 -0.146 -0.146
 0.558  1.295  0.232 -0.016 -0.129 -0.145 -0.145
 0.560  1.295  0.232 -0.016 -0.128 -0.144 -0.144
 0.562  1.296  0.233 -0.016 -0.128 -0.143 -0.143
 0.564  1.297  0.233 -0.016 -0.127 -0.143 -0.143
 0.566  1.298  0.234 -0.015 -0.126 -0.141 -0.141
 0.568  1.298  0.235 -0.015 -0.126 -0.141 -0.141
 0.570  1.299  0.235 -0.014 -0.126 -0.140 -0.140
 0.572  1.299  0.236 -0.014 -0.125 -0.140 -0.140
 0.574  1.300  0.236 -0.014 -0.125 -0.139 -0.139
 0.576  1.300  0.236 -0.014 -0.125 -0.138 -0.138
 0.578  1.301  0.237 -0.014 -0.124 -0.137 -0.137
 0.580  1.302  0.237 -0.014 -0.124 -0.136 -0.136
 0.582  1.302  0.238 -0.014 -0.124 -0.136 -0.136
 0.584  1.302  0.238 -0.014 -0.123 -0.135 -0.135
 0.586  1.303  0.238 -0.013 -0.123 -0.134 -0.134
 0.588  1.303  0.239 -0.013 -0.123 -0.134 -0.134
 0.590  1.304  0.239 -0.013 -0.122 -0.133 -0.133
 0.592  1.305  0.239 -0.013 -0.122 -0.132 -0.132
 0.594  1.305  0.240 -0.013 -0.122 -0.132 -0.132
 0.596  1.306  0.240 -0.013 -0.121 -0.131 -0.131
 0.598  1.306  0.240 -0.013 -0.121 -0.130 -0.130
 0.600  1.306  0.241 -0.012 -0.121 -0.129 -0.129
 0.602  1.307  0.241 -0.012 -0.120 -0.129 -0.129
 0.604  1.307  0.241 -0.012 -0.120 -0.128 -0.128
 0.606  1.308  0.242 -0.012 -0.120 -0.128 -0.128
 0.608  1.308  0.242 -0.012 -0.119 -0.127 -0.127
 0.610  1.309  0.242 -0.012 -0.119 -0.126 -0.126
 0.612  1.309  0.243 -0.012 -0.119 -0.126 -0.126
 0.614  1.309  0.243 -0.012 -0.118 -0.125 -0.125
 0.616  1.309  0.243 -0.012 -0.117 -0.124 -0.124
 0.618  1.310  0.244 -0.012 -0.117 -0.123 -0.123
 0.620  1.310  0.244 -0.012 -0.117 -0.123 -0.123
 0.622  1.310  0.244 -0.012 -0.116 -0.122 -0.122
 0.624  1.311  0.245 -0.012 -0.116 -0.122 -0.122
 0.626  1.311  0.245 -0.012 -0.116 -0.121 -0.121
 0.628  1.311  0.245 -0.012 -0.115 -0.121 -0.121
 0.630  1.312  0.245 -0.013 -0.115 -0.119 -0.119
 0.632  1.312  0.246 -0.013 -0.114 -0.119 -0.119
 0.634  1.312  0.246 -0.013 -0.114 -0.118 -0.118
 0.636  1.312  0.246 -0.013 -0.114 -0.118 -0.118
 0.638  1.313  0.246 -0.013 -0.113 -0.117 -0.117
 0.640  1.313  0.247 -0.013 -0.113 -0.116 -0.116
 0.642  1.313  0.247 -0.014 -0.112 -0.115 -0.115
 0.644  1.313  0.247 -0.014 -0.112 -0.115 -0.115
 0.646  1.313  0.247 -0.014 -0.112 -0.114 -0.114
 0.648  1.313  0.248 -0.014 -0.111 -0.114 -0.114
 0.650  1.313  0.248 -0.014 -0.111 -0.113 -0.113
 0.652  1.313  0.248 -0.014 -0.111 -0.112 -0.112
 0.654  1.313  0.248 -0.014 -0.110 -0.111 -0.111
 0.656  1.313  0.249 -0.014 -0.110 -0.111 -0.111
 0.658  1.313  0.249 -0.014 -0.109 -0.110 -0.110
 0.660  1.313  0.249 -0.014 -0.109 -0.109 -0.109
 0.662  1.313  0.249 -0.014 -0.109 -0.108 -0.108
 0.664  1.314  0.249 -0.014 -0.109 -0.108 -0.108
 0.666  1.314  0.250 -0.015 -0.109 -0.107 -0.107
 0.668  1.314  0.250 -0.015 -0.108 -0.107 -0.107
 0.670  1.314  0.250 -0.015 -0.108 -0.105 -0.105
 0.672  1.314  0.250 -0.015 -0.108 -0.105 -0.105
 0.674  1.315  0.250 -0.015 -0.108 -0.104 -0.104
 0.676  1.315  0.251 -0.015 -0.108 -0.104 -0.104
 0.678  1.316  0.251 -0.015 -0.108 -0.103 -0.103
 0.680  1.316  0.251 -0.015 -0.108 -0.102 -0.102
 0.682  1.316  0.251 -0.015 -0.107 -0.101 -0.101
 0.684  1.316  0.251 -0.015 -0.107 -0.101 -0.101
 0.686  1.317  0.251 -0.016 -0.107 -0.100 -0.100
 0.688  1.317  0.252 -0.016 -0.107 -0.099 -0.099
 0.690  1.318  0.252 -0.016 -0.107 -0.098 -0.098
 0.692  1.319  0.252 -0.016 -0.107 -0.097 -0.097
 0.694  1.319  0.252 -0.016 -0.107 -0.097 -0.097
 0.696  1.320  0.252 -0.016 -0.107 -0.096 -0.096
 0.698  1.320  0.252 -0.016 -0.108 -0.095 -0.095
 0.700  1.321  0.253 -0.016 -0.108 -0.094 -0.094
 0.702  1.321  0.253 -0.016 -0.108 -0.093 -0.093
 0.704  1.322  0.253 -0.016 -0.108 -0.093 -0.093
 0.706  1.323  0.253 -0.016 -0.108 -0.092 -0.092
 0.708  1.323  0.253 -0.016 -0.108 -0.091 -0.091
 0.710  1.324  0.253 -0.016 -0.108 -0.090 -0.090
 0.712  1.325  0.253 -0.016 -0.108 -0.089 -0.089
 0.714  1.326  0.253 -0.016 -0.108 -0.089 -0.089
 0.716  1.327  0.253 -0.016 -0.108 -0.087 -0.087
 0.718  1.328  0.253 -0.016 -0.109 -0.086 -0.086
 0.720  1.329  0.254 -0.016 -0.109 -0.086 -0.086
 0.722  1.330  0.254 -0.015 -0.109 -0.084 -0.084
 0.724  1.331  0.254 -0.015 -0.109 -0.084 -0.084
 0.726  1.332  0.254 -0.015 -0.109 -0.083 -0.083
 0.728  1.333  0.255 -0.014 -0.108 -0.082 -0.082
 0.730  1.334  0.255 -0.014 -0.108 -0.081 -0.081
 0.732  1.335  0.256 -0.014 -0.108 -0.080 -0.080
 0.734  1.337  0.257 -0.013 -0.108 -0.079 -0.079
 0.736  1.337  0.258 -0.012 -0.108 -0.078 -0.078
 0.738  1.338  0.260 -0.012 -0.107 -0.078 -0.078
 0.740  1.339  0.261 -0.011 -0.107 -0.076 -0.076
 0.742  1.340  0.262 -0.010 -0.106 -0.075 -0.075
 0.744  1.341  0.264 -0.009 -0.106 -0.075 -0.075
 0.746  1.342  0.266 -0.008 -0.105 -0.073 -0.073
 0.748  1.343  0.268 -0.007 -0.105 -0.072 -0.072
 0.750  1.344  0.270 -0.007 -0.104 -0.071 -0.071
 0.752  1.344  0.272 -0.005 -0.103 -0.070 -0.070
 0.754  1.345  0.275 -0.004 -0.103 -0.069 -0.069
 0.756  1.346  0.277 -0.003 -0.102 -0.068 -0.068
 0.758  1.347  0.280 -0.002 -0.101 -0.066 -0.066
 0.760  1.347  0.283 -0.001 -0.100 -0.065 -0.065
 0.762  1.348  0.285  0.001 -0.099 -0.064 -0.064
 0.764  1.348  0.289  0.002 -0.098 -0.062 -0.062
 0.766  1.349  0.292  0.003 -0.097 -0.060 -0.060
 0.768  1.350  0.295  0.005 -0.096 -0.058 -0.058
 0.770  1.350  0.299  0.007 -0.095 -0.057 -0.057
 0.772  1.351  0.303  0.008 -0.094 -0.055 -0.055
 0.774  1.351  0.307  0.010 -0.093 -0.053 -0.053
 0.776  1.351  0.312  0.011 -0.091 -0.050 -0.050
 0.778  1.351  0.316  0.013 -0.090 -0.048 -0.048
 0.780  1.351  0.321  0.015 -0.089 -0.046 -0.046
 0.782  1.351  0.324  0.017 -0.088 -0.043 -0.043
 0.784  1.352  0.329  0.019 -0.086 -0.041 -0.041
 0.786  1.352  0.334  0.021 -0.085 -0.038 -0.038
 0.788  1.352  0.339  0.023 -0.083 -0.036 -0.036
 0.790  1.352  0.344  0.025 -0.082 -0.033 -0.033
 0.792  1.353  0.349  0.027 -0.080 -0.030 -0.030
 0.794  1.353  0.354  0.029 -0.079 -0.027 -0.027
 0.796  1.353  0.359  0.031 -0.077 -0.024 -0.024
 0.798  1.353  0.363  0.033 -0.075 -0.021 -0.021
 0.800  1.353  0.368  0.035 -0.073 -0.018 -0.018
 0.802  1.352  0.372  0.037 -0.072 -0.015 -0.015
 0.804  1.352  0.376  0.039 -0.070 -0.011 -0.011
 0.806  1.351  0.379  0.041 -0.068 -0.008 -0.008
 0.808  1.350  0.382  0.043 -0.066 -0.004 -0.004
 0.810  1.348  0.385  0.045 -0.064 -0.000 -0.000
 0.812  1.347  0.387  0.046 -0.062  0.004  0.004
 0.814  1.344  0.389  0.048 -0.060  0.008  0.008
 0.816  1.341  0.390  0.050 -0.058  0.012  0.012
 0.818  1.338  0.391  0.052 -0.056  0.016  0.016
 0.820  1.334  0.391  0.054 -0.054  0.020  0.020
 0.822  1.330  0.391  0.056 -0.052  0.024  0.024
 0.824  1.326  0.390  0.058 -0.050  0.028  0.028
 0.826  1.321  0.389  0.060 -0.048  0.031  0.031
 0.828  1.316  0.387  0.061 -0.045  0.034  0.034
 0.830  1.310  0.386  0.063 -0.043  0.036  0.036
 0.832  1.305  0.383  0.065 -0.040  0.038  0.038
 0.834  1.299  0.381  0.067 -0.038  0.038  0.038
 0.836  1.292  0.378  0.069 -0.036  0.039  0.039
 0.838  1.285  0.374  0.071 -0.033  0.039  0.039
 0.840  1.278  0.370  0.073 -0.030  0.038  0.038
 0.842  1.269  0.366  0.075 -0.028  0.036  0.036
 0.844  1.261  0.362  0.076 -0.025  0.035  0.035
 0.846  1.253  0.357  0.078 -0.022  0.032  0.032
 0.848  1.244  0.351  0.080 -0.020  0.029  0.029
 0.850  1.234  0.345  0.081 -0.017  0.026  0.026
 0.852  1.223  0.339  0.083 -0.014  0.022  0.022
 0.854  1.213  0.332  0.085 -0.012  0.018  0.018
 0.856  1.203  0.325  0.086 -0.010  0.013  0.013
 0.858  1.191  0.318  0.087 -0.007  0.007  0.007
 0.860  1.179  0.310  0.088 -0.005  0.002  0.002
 0.862  1.167  0.302  0.089 -0.004 -0.005 -0.005
 0.864  1.154  0.293  0.089 -0.003 -0.012 -0.012
 0.866  1.142  0.284  0.088 -0.002 -0.019 -0.019
 0.868  1.129  0.274  0.087 -0.002 -0.028 -0.028
 0.870  1.116  0.264  0.085 -0.003 -0.037 -0.037
 0.872  1.102  0.254  0.083 -0.004 -0.047 -0.047
 0.874  1.089  0.243  0.080 -0.005 -0.057 -0.057
 0.876  1.075  0.232  0.076 -0.008 -0.068 -0.068
 0.878  1.061  0.221  0.072 -0.011 -0.079 -0.079
 0.880  1.047  0.209  0.066 -0.015 -0.091 -0.091
 0.882  1.033  0.197  0.060 -0.019 -0.104 -0.104
 0.884  1.020  0.185  0.054 -0.023 -0.116 -0.116
 0.886  1.006  0.172  0.047 -0.029 -0.130 -0.130
 0.888  0.993  0.159  0.040 -0.035 -0.144 -0.144
 0.890  0.979  0.145  0.032 -0.041 -0.158 -0.158
 0.892  0.966  0.132  0.023 -0.047 -0.172 -0.172
 0.894  0.953  0.118  0.014 -0.054 -0.186 -0.186
 0.896  0.941  0.103  0.005 -0.062 -0.200 -0.200
 0.898  0.928  0.089 -0.005 -0.070 -0.215 -0.215
 0.900  0.917  0.074 -0.016 -0.078 -0.229 -0.229
 0.902  0.904  0.058 -0.027 -0.087 -0.243 -0.243
 0.904  0.893  0.043 -0.039 -0.096 -0.258 -0.258
 0.906  0.882  0.026 -0.051 -0.106 -0.271 -0.271
 0.908  0.870  0.010 -0.065 -0.117 -0.285 -0.285
 0.910  0.859 -0.007 -0.079 -0.129 -0.298 -0.298
 0.912  0.848 -0.024 -0.094 -0.141 -0.311 -0.311
 0.914  0.838 -0.042 -0.110 -0.154 -0.323 -0.323
 0.916  0.827 -0.060 -0.126 -0.167 -0.334 -0.334
 0.918  0.816 -0.079 -0.143 -0.181 -0.346 -0.346
 0.920  0.806 -0.098 -0.160 -0.196 -0.357 -0.357
 0.922  0.795 -0.117 -0.178 -0.210 -0.367 -0.367
 0.924  0.785 -0.136 -0.196 -0.226 -0.377 -0.377
 0.926  0.776 -0.156 -0.215 -0.241 -0.387 -0.387
 0.928  0.765 -0.176 -0.233 -0.256 -0.396 -0.396
 0.930  0.756 -0.196 -0.252 -0.271 -0.405 -0.405
 0.932  0.746 -0.217 -0.270 -0.285 -0.414 -0.414
 0.934  0.737 -0.236 -0.287 -0.300 -0.422 -0.422
 0.936  0.728 -0.257 -0.305 -0.314 -0.431 -0.431
 0.938  0.719 -0.278 -0.322 -0.328 -0.439 -0.439
 0.940  0.710 -0.298 -0.339 -0.341 -0.447 -0.447
 0.942  0.702 -0.318 -0.355 -0.354 -0.454 -0.454
 0.944  0.693 -0.338 -0.371 -0.367 -0.461 -0.461
 0.946  0.686 -0.358 -0.387 -0.379 -0.468 -0.468
 0.948  0.678 -0.376 -0.402 -0.391 -0.474 -0.474
 0.950  0.671 -0.394 -0.416 -0.402 -0.480 -0.480
 0.952  0.663 -0.411 -0.429 -0.413 -0.486 -0.486
 0.954  0.656 -0.428 -0.442 -0.423 -0.491 -0.491
 0.956  0.650 -0.443 -0.454 -0.433 -0.496 -0.496
 0.958  0.644 -0.458 -0.466 -0.442 -0.500 -0.500
 0.960  0.638 -0.472 -0.477 -0.451 -0.505 -0.505
 0.962  0.631 -0.485 -0.488 -0.459 -0.508 -0.508
 0.964  0.626 -0.497 -0.498 -0.467 -0.512 -0.512
 0.966  0.621 -0.509 -0.506 -0.475 -0.515 -0.515
 0.968  0.616 -0.520 -0.516 -0.482 -0.518 -0.518
 0.970  0.611 -0.530 -0.524 -0.488 -0.521 -0.521
 0.972  0.607 -0.540 -0.531 -0.494 -0.524 -0.524
 0.974  0.603 -0.549 -0.539 -0.500 -0.526 -0.526
 0.976  0.600 -0.558 -0.545 -0.505 -0.529 -0.529
 0.978  0.596 -0.566 -0.552 -0.510 -0.531 -0.531
 0.980  0.593 -0.573 -0.558 -0.514 -0.533 -0.533
 0.982  0.590 -0.580 -0.562 -0.518 -0.534 -0.534
 0.984  0.587 -0.586 -0.567 -0.521 -0.536 -0.536
 0.986  0.585 -0.592 -0.571 -0.524 -0.538 -0.538
 0.988  0.583 -0.596 -0.574 -0.527 -0.539 -0.539
 0.990  0.582 -0.600 -0.578 -0.529 -0.540 -0.540
 0.992  0.580 -0.603 -0.580 -0.531 -0.541 -0.541
 0.994  0.579 -0.605 -0.582 -0.532 -0.541 -0.541
 0.996  0.579 -0.606 -0.583 -0.533 -0.542 -0.542
 0.998  0.578 -0.607 -0.584 -0.534 -0.543 -0.543
