# IsPeriodic    : True
# Period        : 0.555244 days
# Normalization : <g_mag>=0
# 
# Phase u_mag  g_mag  r_mag  i_mag  z_mag  y_mag
 0.000  0.680 -0.617 -0.626 -0.602 -0.520 -0.520
 0.002  0.680 -0.617 -0.626 -0.602 -0.520 -0.520
 0.004  0.680 -0.616 -0.626 -0.602 -0.520 -0.520
 0.006  0.680 -0.616 -0.625 -0.600 -0.519 -0.519
 0.008  0.681 -0.614 -0.624 -0.599 -0.518 -0.518
 0.010  0.682 -0.611 -0.622 -0.598 -0.518 -0.518
 0.012  0.683 -0.608 -0.621 -0.596 -0.517 -0.517
 0.014  0.685 -0.604 -0.619 -0.593 -0.515 -0.515
 0.016  0.687 -0.600 -0.617 -0.591 -0.514 -0.514
 0.018  0.689 -0.596 -0.614 -0.589 -0.513 -0.513
 0.020  0.690 -0.591 -0.612 -0.586 -0.511 -0.511
 0.022  0.693 -0.587 -0.610 -0.583 -0.510 -0.510
 0.024  0.696 -0.582 -0.607 -0.581 -0.508 -0.508
 0.026  0.700 -0.576 -0.605 -0.578 -0.507 -0.507
 0.028  0.702 -0.572 -0.602 -0.575 -0.506 -0.506
 0.030  0.706 -0.567 -0.600 -0.572 -0.504 -0.504
 0.032  0.710 -0.562 -0.597 -0.570 -0.503 -0.503
 0.034  0.714 -0.557 -0.595 -0.568 -0.502 -0.502
 0.036  0.719 -0.552 -0.593 -0.565 -0.501 -0.501
 0.038  0.723 -0.547 -0.590 -0.563 -0.499 -0.499
 0.040  0.729 -0.541 -0.587 -0.561 -0.498 -0.498
 0.042  0.733 -0.536 -0.584 -0.558 -0.497 -0.497
 0.044  0.739 -0.531 -0.582 -0.555 -0.496 -0.496
 0.046  0.744 -0.527 -0.579 -0.553 -0.495 -0.495
 0.048  0.749 -0.522 -0.576 -0.550 -0.493 -0.493
 0.050  0.756 -0.516 -0.573 -0.548 -0.492 -0.492
 0.052  0.761 -0.511 -0.569 -0.545 -0.491 -0.491
 0.054  0.768 -0.506 -0.567 -0.542 -0.490 -0.490
 0.056  0.773 -0.501 -0.563 -0.540 -0.488 -0.488
 0.058  0.779 -0.495 -0.560 -0.537 -0.488 -0.488
 0.060  0.785 -0.490 -0.557 -0.534 -0.486 -0.486
 0.062  0.791 -0.485 -0.553 -0.531 -0.485 -0.485
 0.064  0.797 -0.481 -0.549 -0.528 -0.484 -0.484
 0.066  0.803 -0.475 -0.546 -0.526 -0.483 -0.483
 0.068  0.808 -0.470 -0.542 -0.523 -0.482 -0.482
 0.070  0.814 -0.465 -0.538 -0.520 -0.481 -0.481
 0.072  0.819 -0.459 -0.534 -0.517 -0.479 -0.479
 0.074  0.825 -0.454 -0.531 -0.514 -0.478 -0.478
 0.076  0.830 -0.448 -0.527 -0.511 -0.478 -0.478
 0.078  0.835 -0.443 -0.523 -0.508 -0.476 -0.476
 0.080  0.840 -0.438 -0.519 -0.506 -0.475 -0.475
 0.082  0.845 -0.433 -0.515 -0.503 -0.474 -0.474
 0.084  0.850 -0.428 -0.512 -0.500 -0.473 -0.473
 0.086  0.855 -0.422 -0.508 -0.497 -0.472 -0.472
 0.088  0.859 -0.417 -0.504 -0.494 -0.471 -0.471
 0.090  0.864 -0.411 -0.500 -0.492 -0.470 -0.470
 0.092  0.869 -0.406 -0.497 -0.488 -0.468 -0.468
 0.094  0.874 -0.401 -0.493 -0.486 -0.468 -0.468
 0.096  0.878 -0.395 -0.489 -0.483 -0.466 -0.466
 0.098  0.883 -0.391 -0.486 -0.480 -0.465 -0.465
 0.100  0.887 -0.386 -0.483 -0.478 -0.464 -0.464
 0.102  0.892 -0.380 -0.479 -0.475 -0.462 -0.462
 0.104  0.895 -0.375 -0.476 -0.472 -0.461 -0.461
 0.106  0.900 -0.370 -0.473 -0.470 -0.460 -0.460
 0.108  0.904 -0.365 -0.469 -0.467 -0.458 -0.458
 0.110  0.908 -0.360 -0.466 -0.465 -0.457 -0.457
 0.112  0.912 -0.355 -0.462 -0.462 -0.456 -0.456
 0.114  0.916 -0.350 -0.459 -0.460 -0.454 -0.454
 0.116  0.920 -0.346 -0.456 -0.457 -0.453 -0.453
 0.118  0.924 -0.341 -0.453 -0.455 -0.451 -0.451
 0.120  0.927 -0.337 -0.450 -0.452 -0.450 -0.450
 0.122  0.931 -0.332 -0.447 -0.450 -0.448 -0.448
 0.124  0.934 -0.327 -0.444 -0.448 -0.447 -0.447
 0.126  0.938 -0.323 -0.441 -0.445 -0.445 -0.445
 0.128  0.942 -0.318 -0.438 -0.443 -0.443 -0.443
 0.130  0.945 -0.313 -0.435 -0.441 -0.442 -0.442
 0.132  0.949 -0.309 -0.432 -0.439 -0.440 -0.440
 0.134  0.953 -0.305 -0.430 -0.437 -0.438 -0.438
 0.136  0.957 -0.301 -0.427 -0.435 -0.437 -0.437
 0.138  0.961 -0.296 -0.424 -0.432 -0.435 -0.435
 0.140  0.964 -0.292 -0.422 -0.430 -0.433 -0.433
 0.142  0.968 -0.288 -0.419 -0.428 -0.431 -0.431
 0.144  0.972 -0.284 -0.417 -0.426 -0.429 -0.429
 0.146  0.975 -0.279 -0.414 -0.424 -0.427 -0.427
 0.148  0.979 -0.275 -0.411 -0.422 -0.426 -0.426
 0.150  0.982 -0.271 -0.409 -0.420 -0.424 -0.424
 0.152  0.986 -0.267 -0.407 -0.418 -0.422 -0.422
 0.154  0.990 -0.263 -0.404 -0.416 -0.420 -0.420
 0.156  0.993 -0.260 -0.402 -0.414 -0.418 -0.418
 0.158  0.997 -0.256 -0.399 -0.413 -0.416 -0.416
 0.160  1.001 -0.253 -0.397 -0.410 -0.414 -0.414
 0.162  1.004 -0.249 -0.395 -0.409 -0.412 -0.412
 0.164  1.008 -0.245 -0.392 -0.407 -0.410 -0.410
 0.166  1.012 -0.241 -0.390 -0.405 -0.408 -0.408
 0.168  1.016 -0.237 -0.388 -0.403 -0.406 -0.406
 0.170  1.020 -0.233 -0.386 -0.402 -0.404 -0.404
 0.172  1.023 -0.230 -0.383 -0.400 -0.402 -0.402
 0.174  1.027 -0.226 -0.381 -0.398 -0.401 -0.401
 0.176  1.031 -0.222 -0.379 -0.396 -0.399 -0.399
 0.178  1.034 -0.218 -0.376 -0.394 -0.397 -0.397
 0.180  1.038 -0.215 -0.374 -0.393 -0.396 -0.396
 0.182  1.041 -0.211 -0.372 -0.391 -0.394 -0.394
 0.184  1.045 -0.207 -0.369 -0.389 -0.392 -0.392
 0.186  1.049 -0.204 -0.367 -0.388 -0.391 -0.391
 0.188  1.053 -0.200 -0.365 -0.386 -0.390 -0.390
 0.190  1.057 -0.196 -0.363 -0.384 -0.388 -0.388
 0.192  1.060 -0.192 -0.361 -0.382 -0.386 -0.386
 0.194  1.064 -0.188 -0.359 -0.381 -0.385 -0.385
 0.196  1.068 -0.184 -0.357 -0.379 -0.384 -0.384
 0.198  1.071 -0.180 -0.354 -0.378 -0.382 -0.382
 0.200  1.075 -0.176 -0.352 -0.376 -0.381 -0.381
 0.202  1.079 -0.172 -0.350 -0.374 -0.380 -0.380
 0.204  1.082 -0.169 -0.348 -0.373 -0.378 -0.378
 0.206  1.086 -0.165 -0.346 -0.371 -0.377 -0.377
 0.208  1.090 -0.161 -0.344 -0.370 -0.376 -0.376
 0.210  1.093 -0.157 -0.341 -0.368 -0.375 -0.375
 0.212  1.097 -0.153 -0.339 -0.367 -0.373 -0.373
 0.214  1.100 -0.149 -0.337 -0.365 -0.372 -0.372
 0.216  1.104 -0.145 -0.335 -0.364 -0.371 -0.371
 0.218  1.107 -0.141 -0.333 -0.362 -0.370 -0.370
 0.220  1.110 -0.137 -0.331 -0.360 -0.369 -0.369
 0.222  1.114 -0.133 -0.329 -0.359 -0.368 -0.368
 0.224  1.118 -0.129 -0.327 -0.358 -0.367 -0.367
 0.226  1.120 -0.126 -0.325 -0.356 -0.366 -0.366
 0.228  1.124 -0.121 -0.323 -0.355 -0.365 -0.365
 0.230  1.128 -0.117 -0.321 -0.353 -0.364 -0.364
 0.232  1.130 -0.113 -0.319 -0.352 -0.363 -0.363
 0.234  1.134 -0.109 -0.317 -0.351 -0.362 -0.362
 0.236  1.138 -0.105 -0.314 -0.349 -0.361 -0.361
 0.238  1.140 -0.101 -0.312 -0.347 -0.360 -0.360
 0.240  1.144 -0.097 -0.310 -0.346 -0.359 -0.359
 0.242  1.147 -0.093 -0.308 -0.345 -0.358 -0.358
 0.244  1.150 -0.089 -0.306 -0.343 -0.357 -0.357
 0.246  1.153 -0.085 -0.304 -0.342 -0.356 -0.356
 0.248  1.157 -0.082 -0.302 -0.340 -0.355 -0.355
 0.250  1.159 -0.079 -0.300 -0.339 -0.354 -0.354
 0.252  1.162 -0.075 -0.298 -0.338 -0.353 -0.353
 0.254  1.166 -0.071 -0.296 -0.336 -0.351 -0.351
 0.256  1.168 -0.068 -0.294 -0.335 -0.350 -0.350
 0.258  1.171 -0.064 -0.292 -0.333 -0.349 -0.349
 0.260  1.175 -0.060 -0.290 -0.332 -0.348 -0.348
 0.262  1.177 -0.057 -0.288 -0.331 -0.346 -0.346
 0.264  1.180 -0.053 -0.286 -0.329 -0.345 -0.345
 0.266  1.183 -0.050 -0.284 -0.328 -0.344 -0.344
 0.268  1.187 -0.046 -0.282 -0.326 -0.343 -0.343
 0.270  1.189 -0.043 -0.281 -0.325 -0.341 -0.341
 0.272  1.192 -0.040 -0.279 -0.324 -0.340 -0.340
 0.274  1.195 -0.037 -0.276 -0.322 -0.339 -0.339
 0.276  1.198 -0.034 -0.274 -0.321 -0.337 -0.337
 0.278  1.201 -0.031 -0.272 -0.319 -0.336 -0.336
 0.280  1.204 -0.028 -0.270 -0.318 -0.335 -0.335
 0.282  1.206 -0.025 -0.268 -0.317 -0.333 -0.333
 0.284  1.209 -0.021 -0.266 -0.315 -0.331 -0.331
 0.286  1.213 -0.018 -0.265 -0.314 -0.330 -0.330
 0.288  1.216 -0.015 -0.263 -0.312 -0.329 -0.329
 0.290  1.218 -0.012 -0.261 -0.311 -0.327 -0.327
 0.292  1.221 -0.010 -0.259 -0.310 -0.325 -0.325
 0.294  1.224 -0.007 -0.257 -0.309 -0.324 -0.324
 0.296  1.227 -0.004 -0.255 -0.307 -0.322 -0.322
 0.298  1.230 -0.001 -0.253 -0.305 -0.321 -0.321
 0.300  1.233  0.002 -0.251 -0.304 -0.320 -0.320
 0.302  1.236  0.004 -0.249 -0.303 -0.318 -0.318
 0.304  1.238  0.006 -0.247 -0.302 -0.316 -0.316
 0.306  1.242  0.009 -0.245 -0.300 -0.315 -0.315
 0.308  1.245  0.012 -0.243 -0.299 -0.313 -0.313
 0.310  1.247  0.014 -0.242 -0.297 -0.312 -0.312
 0.312  1.250  0.017 -0.240 -0.296 -0.310 -0.310
 0.314  1.253  0.020 -0.238 -0.295 -0.309 -0.309
 0.316  1.255  0.022 -0.236 -0.293 -0.307 -0.307
 0.318  1.259  0.025 -0.234 -0.292 -0.306 -0.306
 0.320  1.262  0.028 -0.232 -0.290 -0.304 -0.304
 0.322  1.265  0.031 -0.230 -0.289 -0.303 -0.303
 0.324  1.267  0.033 -0.228 -0.288 -0.302 -0.302
 0.326  1.270  0.036 -0.226 -0.286 -0.300 -0.300
 0.328  1.273  0.039 -0.224 -0.285 -0.299 -0.299
 0.330  1.276  0.042 -0.223 -0.283 -0.298 -0.298
 0.332  1.279  0.045 -0.221 -0.282 -0.296 -0.296
 0.334  1.282  0.047 -0.219 -0.281 -0.295 -0.295
 0.336  1.284  0.050 -0.217 -0.279 -0.294 -0.294
 0.338  1.287  0.052 -0.215 -0.278 -0.292 -0.292
 0.340  1.290  0.055 -0.213 -0.276 -0.291 -0.291
 0.342  1.293  0.058 -0.211 -0.275 -0.290 -0.290
 0.344  1.295  0.061 -0.209 -0.274 -0.289 -0.289
 0.346  1.298  0.064 -0.208 -0.272 -0.288 -0.288
 0.348  1.302  0.067 -0.206 -0.271 -0.286 -0.286
 0.350  1.304  0.070 -0.204 -0.269 -0.285 -0.285
 0.352  1.307  0.073 -0.203 -0.268 -0.284 -0.284
 0.354  1.310  0.076 -0.201 -0.267 -0.283 -0.283
 0.356  1.312  0.079 -0.198 -0.265 -0.282 -0.282
 0.358  1.314  0.082 -0.196 -0.263 -0.281 -0.281
 0.360  1.317  0.085 -0.195 -0.262 -0.280 -0.280
 0.362  1.320  0.088 -0.193 -0.261 -0.279 -0.279
 0.364  1.323  0.091 -0.191 -0.259 -0.278 -0.278
 0.366  1.325  0.094 -0.190 -0.258 -0.277 -0.277
 0.368  1.328  0.096 -0.188 -0.256 -0.275 -0.275
 0.370  1.331  0.099 -0.186 -0.255 -0.274 -0.274
 0.372  1.333  0.102 -0.184 -0.253 -0.274 -0.274
 0.374  1.335  0.105 -0.182 -0.252 -0.273 -0.273
 0.376  1.338  0.108 -0.180 -0.251 -0.272 -0.272
 0.378  1.341  0.111 -0.179 -0.249 -0.270 -0.270
 0.380  1.343  0.114 -0.177 -0.248 -0.269 -0.269
 0.382  1.345  0.117 -0.175 -0.246 -0.269 -0.269
 0.384  1.348  0.120 -0.173 -0.245 -0.268 -0.268
 0.386  1.350  0.123 -0.171 -0.244 -0.266 -0.266
 0.388  1.353  0.126 -0.169 -0.242 -0.265 -0.265
 0.390  1.355  0.129 -0.168 -0.241 -0.264 -0.264
 0.392  1.357  0.132 -0.166 -0.239 -0.263 -0.263
 0.394  1.360  0.135 -0.164 -0.238 -0.262 -0.262
 0.396  1.362  0.138 -0.163 -0.237 -0.261 -0.261
 0.398  1.364  0.140 -0.161 -0.235 -0.260 -0.260
 0.400  1.366  0.142 -0.159 -0.234 -0.259 -0.259
 0.402  1.369  0.145 -0.157 -0.232 -0.257 -0.257
 0.404  1.371  0.147 -0.155 -0.231 -0.256 -0.256
 0.406  1.373  0.150 -0.154 -0.230 -0.255 -0.255
 0.408  1.375  0.152 -0.152 -0.228 -0.253 -0.253
 0.410  1.378  0.155 -0.150 -0.227 -0.253 -0.253
 0.412  1.380  0.157 -0.148 -0.226 -0.251 -0.251
 0.414  1.382  0.160 -0.147 -0.224 -0.250 -0.250
 0.416  1.384  0.162 -0.145 -0.223 -0.249 -0.249
 0.418  1.386  0.165 -0.143 -0.221 -0.248 -0.248
 0.420  1.389  0.167 -0.142 -0.220 -0.246 -0.246
 0.422  1.391  0.169 -0.139 -0.219 -0.245 -0.245
 0.424  1.392  0.171 -0.138 -0.218 -0.243 -0.243
 0.426  1.395  0.174 -0.136 -0.217 -0.242 -0.242
 0.428  1.397  0.176 -0.135 -0.215 -0.241 -0.241
 0.430  1.399  0.178 -0.133 -0.214 -0.240 -0.240
 0.432  1.401  0.180 -0.131 -0.213 -0.238 -0.238
 0.434  1.402  0.182 -0.129 -0.211 -0.237 -0.237
 0.436  1.405  0.184 -0.128 -0.210 -0.235 -0.235
 0.438  1.407  0.185 -0.126 -0.209 -0.234 -0.234
 0.440  1.409  0.187 -0.125 -0.207 -0.233 -0.233
 0.442  1.411  0.189 -0.123 -0.206 -0.231 -0.231
 0.444  1.412  0.191 -0.121 -0.205 -0.230 -0.230
 0.446  1.414  0.193 -0.119 -0.204 -0.228 -0.228
 0.448  1.416  0.195 -0.118 -0.203 -0.227 -0.227
 0.450  1.418  0.196 -0.116 -0.201 -0.226 -0.226
 0.452  1.420  0.198 -0.114 -0.200 -0.224 -0.224
 0.454  1.421  0.200 -0.113 -0.199 -0.223 -0.223
 0.456  1.424  0.201 -0.112 -0.197 -0.222 -0.222
 0.458  1.425  0.203 -0.110 -0.196 -0.221 -0.221
 0.460  1.427  0.205 -0.109 -0.195 -0.219 -0.219
 0.462  1.429  0.206 -0.108 -0.193 -0.218 -0.218
 0.464  1.431  0.208 -0.106 -0.192 -0.217 -0.217
 0.466  1.432  0.209 -0.104 -0.191 -0.216 -0.216
 0.468  1.434  0.211 -0.103 -0.190 -0.214 -0.214
 0.470  1.436  0.212 -0.101 -0.189 -0.213 -0.213
 0.472  1.438  0.214 -0.100 -0.188 -0.212 -0.212
 0.474  1.440  0.215 -0.099 -0.186 -0.211 -0.211
 0.476  1.441  0.217 -0.097 -0.185 -0.210 -0.210
 0.478  1.442  0.218 -0.096 -0.184 -0.208 -0.208
 0.480  1.444  0.220 -0.095 -0.183 -0.208 -0.208
 0.482  1.446  0.221 -0.094 -0.182 -0.207 -0.207
 0.484  1.448  0.222 -0.093 -0.180 -0.205 -0.205
 0.486  1.449  0.223 -0.091 -0.179 -0.204 -0.204
 0.488  1.450  0.225 -0.090 -0.178 -0.203 -0.203
 0.490  1.452  0.226 -0.089 -0.176 -0.202 -0.202
 0.492  1.453  0.227 -0.088 -0.175 -0.202 -0.202
 0.494  1.455  0.228 -0.087 -0.174 -0.200 -0.200
 0.496  1.456  0.229 -0.086 -0.173 -0.199 -0.199
 0.498  1.458  0.229 -0.085 -0.171 -0.198 -0.198
 0.500  1.459  0.230 -0.083 -0.170 -0.197 -0.197
 0.502  1.460  0.232 -0.083 -0.169 -0.197 -0.197
 0.504  1.461  0.233 -0.081 -0.168 -0.196 -0.196
 0.506  1.463  0.234 -0.080 -0.167 -0.195 -0.195
 0.508  1.464  0.235 -0.079 -0.165 -0.194 -0.194
 0.510  1.465  0.235 -0.078 -0.164 -0.193 -0.193
 0.512  1.467  0.236 -0.077 -0.163 -0.192 -0.192
 0.514  1.468  0.237 -0.076 -0.162 -0.192 -0.192
 0.516  1.469  0.238 -0.076 -0.161 -0.191 -0.191
 0.518  1.470  0.239 -0.074 -0.160 -0.190 -0.190
 0.520  1.471  0.240 -0.074 -0.159 -0.189 -0.189
 0.522  1.472  0.240 -0.072 -0.157 -0.189 -0.189
 0.524  1.473  0.241 -0.072 -0.157 -0.188 -0.188
 0.526  1.474  0.242 -0.071 -0.156 -0.187 -0.187
 0.528  1.475  0.243 -0.070 -0.155 -0.187 -0.187
 0.530  1.476  0.243 -0.069 -0.154 -0.186 -0.186
 0.532  1.477  0.244 -0.068 -0.153 -0.185 -0.185
 0.534  1.478  0.245 -0.068 -0.152 -0.184 -0.184
 0.536  1.479  0.245 -0.066 -0.151 -0.183 -0.183
 0.538  1.479  0.246 -0.066 -0.150 -0.183 -0.183
 0.540  1.480  0.246 -0.065 -0.150 -0.182 -0.182
 0.542  1.481  0.247 -0.064 -0.149 -0.181 -0.181
 0.544  1.482  0.247 -0.064 -0.148 -0.181 -0.181
 0.546  1.483  0.248 -0.062 -0.148 -0.180 -0.180
 0.548  1.484  0.248 -0.061 -0.147 -0.179 -0.179
 0.550  1.484  0.249 -0.061 -0.146 -0.178 -0.178
 0.552  1.485  0.249 -0.060 -0.146 -0.178 -0.178
 0.554  1.486  0.249 -0.059 -0.145 -0.177 -0.177
 0.556  1.486  0.250 -0.059 -0.145 -0.176 -0.176
 0.558  1.487  0.250 -0.058 -0.144 -0.176 -0.176
 0.560  1.488  0.251 -0.057 -0.143 -0.175 -0.175
 0.562  1.488  0.251 -0.057 -0.143 -0.174 -0.174
 0.564  1.489  0.251 -0.056 -0.143 -0.174 -0.174
 0.566  1.489  0.251 -0.055 -0.142 -0.173 -0.173
 0.568  1.489  0.252 -0.055 -0.142 -0.172 -0.172
 0.570  1.489  0.252 -0.054 -0.142 -0.172 -0.172
 0.572  1.489  0.252 -0.053 -0.141 -0.171 -0.171
 0.574  1.490  0.252 -0.053 -0.141 -0.170 -0.170
 0.576  1.490  0.252 -0.052 -0.141 -0.170 -0.170
 0.578  1.490  0.252 -0.051 -0.141 -0.169 -0.169
 0.580  1.490  0.252 -0.051 -0.141 -0.168 -0.168
 0.582  1.490  0.252 -0.050 -0.141 -0.168 -0.168
 0.584  1.490  0.252 -0.049 -0.140 -0.167 -0.167
 0.586  1.491  0.252 -0.049 -0.140 -0.167 -0.167
 0.588  1.491  0.252 -0.049 -0.140 -0.166 -0.166
 0.590  1.491  0.252 -0.048 -0.140 -0.165 -0.165
 0.592  1.491  0.252 -0.047 -0.140 -0.165 -0.165
 0.594  1.490  0.252 -0.047 -0.140 -0.164 -0.164
 0.596  1.490  0.252 -0.047 -0.140 -0.163 -0.163
 0.598  1.490  0.252 -0.046 -0.139 -0.163 -0.163
 0.600  1.490  0.252 -0.046 -0.139 -0.162 -0.162
 0.602  1.490  0.252 -0.045 -0.139 -0.162 -0.162
 0.604  1.490  0.252 -0.045 -0.139 -0.161 -0.161
 0.606  1.489  0.252 -0.045 -0.139 -0.160 -0.160
 0.608  1.489  0.252 -0.044 -0.139 -0.160 -0.160
 0.610  1.489  0.251 -0.044 -0.139 -0.159 -0.159
 0.612  1.489  0.251 -0.043 -0.138 -0.158 -0.158
 0.614  1.489  0.251 -0.043 -0.138 -0.158 -0.158
 0.616  1.488  0.251 -0.042 -0.138 -0.157 -0.157
 0.618  1.488  0.251 -0.042 -0.138 -0.157 -0.157
 0.620  1.487  0.251 -0.042 -0.138 -0.156 -0.156
 0.622  1.486  0.251 -0.042 -0.137 -0.155 -0.155
 0.624  1.486  0.251 -0.042 -0.137 -0.155 -0.155
 0.626  1.485  0.251 -0.041 -0.137 -0.154 -0.154
 0.628  1.485  0.251 -0.041 -0.136 -0.153 -0.153
 0.630  1.484  0.250 -0.041 -0.136 -0.152 -0.152
 0.632  1.484  0.250 -0.040 -0.136 -0.152 -0.152
 0.634  1.483  0.250 -0.040 -0.136 -0.151 -0.151
 0.636  1.483  0.250 -0.040 -0.135 -0.151 -0.151
 0.638  1.482  0.250 -0.040 -0.135 -0.150 -0.150
 0.640  1.482  0.250 -0.040 -0.135 -0.149 -0.149
 0.642  1.481  0.250 -0.040 -0.135 -0.149 -0.149
 0.644  1.481  0.250 -0.040 -0.135 -0.148 -0.148
 0.646  1.481  0.249 -0.040 -0.134 -0.147 -0.147
 0.648  1.480  0.249 -0.040 -0.134 -0.146 -0.146
 0.650  1.480  0.249 -0.040 -0.134 -0.146 -0.146
 0.652  1.480  0.249 -0.040 -0.134 -0.145 -0.145
 0.654  1.479  0.249 -0.040 -0.133 -0.145 -0.145
 0.656  1.479  0.249 -0.040 -0.133 -0.144 -0.144
 0.658  1.479  0.248 -0.040 -0.133 -0.143 -0.143
 0.660  1.479  0.248 -0.040 -0.133 -0.142 -0.142
 0.662  1.479  0.248 -0.040 -0.133 -0.142 -0.142
 0.664  1.479  0.248 -0.040 -0.132 -0.141 -0.141
 0.666  1.479  0.248 -0.040 -0.132 -0.141 -0.141
 0.668  1.479  0.248 -0.040 -0.132 -0.140 -0.140
 0.670  1.478  0.248 -0.040 -0.132 -0.139 -0.139
 0.672  1.478  0.248 -0.040 -0.132 -0.138 -0.138
 0.674  1.478  0.248 -0.040 -0.132 -0.137 -0.137
 0.676  1.478  0.248 -0.041 -0.132 -0.137 -0.137
 0.678  1.478  0.248 -0.041 -0.132 -0.136 -0.136
 0.680  1.478  0.249 -0.041 -0.132 -0.136 -0.136
 0.682  1.478  0.249 -0.042 -0.132 -0.135 -0.135
 0.684  1.478  0.249 -0.042 -0.132 -0.134 -0.134
 0.686  1.478  0.250 -0.042 -0.132 -0.133 -0.133
 0.688  1.478  0.250 -0.042 -0.132 -0.132 -0.132
 0.690  1.478  0.251 -0.043 -0.132 -0.131 -0.131
 0.692  1.478  0.251 -0.043 -0.132 -0.131 -0.131
 0.694  1.478  0.252 -0.044 -0.132 -0.130 -0.130
 0.696  1.478  0.253 -0.044 -0.132 -0.129 -0.129
 0.698  1.478  0.253 -0.045 -0.132 -0.129 -0.129
 0.700  1.478  0.254 -0.045 -0.132 -0.128 -0.128
 0.702  1.478  0.255 -0.045 -0.132 -0.127 -0.127
 0.704  1.478  0.256 -0.046 -0.133 -0.126 -0.126
 0.706  1.478  0.257 -0.046 -0.133 -0.126 -0.126
 0.708  1.478  0.258 -0.047 -0.133 -0.125 -0.125
 0.710  1.479  0.259 -0.047 -0.133 -0.124 -0.124
 0.712  1.479  0.260 -0.048 -0.134 -0.123 -0.123
 0.714  1.479  0.261 -0.049 -0.134 -0.122 -0.122
 0.716  1.479  0.262 -0.049 -0.134 -0.121 -0.121
 0.718  1.479  0.263 -0.050 -0.135 -0.121 -0.121
 0.720  1.479  0.265 -0.050 -0.135 -0.120 -0.120
 0.722  1.479  0.266 -0.051 -0.135 -0.119 -0.119
 0.724  1.479  0.267 -0.051 -0.136 -0.118 -0.118
 0.726  1.479  0.269 -0.052 -0.136 -0.117 -0.117
 0.728  1.479  0.270 -0.052 -0.136 -0.116 -0.116
 0.730  1.479  0.272 -0.052 -0.136 -0.116 -0.116
 0.732  1.480  0.273 -0.052 -0.136 -0.115 -0.115
 0.734  1.480  0.274 -0.052 -0.136 -0.114 -0.114
 0.736  1.480  0.276 -0.052 -0.136 -0.112 -0.112
 0.738  1.481  0.277 -0.051 -0.136 -0.111 -0.111
 0.740  1.481  0.279 -0.051 -0.136 -0.111 -0.111
 0.742  1.481  0.281 -0.051 -0.136 -0.110 -0.110
 0.744  1.482  0.282 -0.050 -0.135 -0.109 -0.109
 0.746  1.482  0.284 -0.049 -0.135 -0.107 -0.107
 0.748  1.482  0.286 -0.048 -0.135 -0.106 -0.106
 0.750  1.483  0.288 -0.047 -0.134 -0.105 -0.105
 0.752  1.483  0.290 -0.046 -0.133 -0.104 -0.104
 0.754  1.483  0.292 -0.045 -0.133 -0.103 -0.103
 0.756  1.483  0.294 -0.044 -0.132 -0.102 -0.102
 0.758  1.484  0.296 -0.042 -0.131 -0.101 -0.101
 0.760  1.484  0.299 -0.040 -0.130 -0.099 -0.099
 0.762  1.485  0.301 -0.039 -0.129 -0.098 -0.098
 0.764  1.485  0.303 -0.037 -0.127 -0.097 -0.097
 0.766  1.486  0.305 -0.036 -0.126 -0.095 -0.095
 0.768  1.486  0.307 -0.034 -0.125 -0.094 -0.094
 0.770  1.487  0.310 -0.031 -0.124 -0.093 -0.093
 0.772  1.488  0.312 -0.029 -0.122 -0.091 -0.091
 0.774  1.489  0.314 -0.026 -0.120 -0.090 -0.090
 0.776  1.489  0.316 -0.024 -0.119 -0.088 -0.088
 0.778  1.491  0.318 -0.021 -0.117 -0.087 -0.087
 0.780  1.492  0.320 -0.018 -0.115 -0.085 -0.085
 0.782  1.494  0.322 -0.015 -0.113 -0.084 -0.084
 0.784  1.495  0.325 -0.013 -0.111 -0.082 -0.082
 0.786  1.497  0.327 -0.009 -0.108 -0.081 -0.081
 0.788  1.499  0.330 -0.007 -0.106 -0.079 -0.079
 0.790  1.500  0.333 -0.003 -0.104 -0.078 -0.078
 0.792  1.502  0.336  0.000 -0.102 -0.076 -0.076
 0.794  1.504  0.339  0.003 -0.099 -0.075 -0.075
 0.796  1.507  0.342  0.006 -0.097 -0.073 -0.073
 0.798  1.509  0.345  0.009 -0.095 -0.071 -0.071
 0.800  1.511  0.348  0.012 -0.092 -0.070 -0.070
 0.802  1.514  0.351  0.015 -0.090 -0.068 -0.068
 0.804  1.516  0.354  0.018 -0.088 -0.067 -0.067
 0.806  1.518  0.356  0.021 -0.086 -0.066 -0.066
 0.808  1.522  0.358  0.024 -0.084 -0.065 -0.065
 0.810  1.525  0.359  0.026 -0.082 -0.065 -0.065
 0.812  1.528  0.360  0.029 -0.080 -0.065 -0.065
 0.814  1.532  0.361  0.031 -0.078 -0.065 -0.065
 0.816  1.536  0.361  0.033 -0.076 -0.065 -0.065
 0.818  1.539  0.360  0.035 -0.075 -0.066 -0.066
 0.820  1.543  0.359  0.037 -0.073 -0.068 -0.068
 0.822  1.547  0.358  0.039 -0.072 -0.069 -0.069
 0.824  1.551  0.356  0.040 -0.071 -0.070 -0.070
 0.826  1.555  0.353  0.042 -0.070 -0.072 -0.072
 0.828  1.559  0.350  0.043 -0.069 -0.075 -0.075
 0.830  1.563  0.346  0.044 -0.068 -0.077 -0.077
 0.832  1.567  0.342  0.046 -0.067 -0.079 -0.079
 0.834  1.571  0.337  0.046 -0.066 -0.082 -0.082
 0.836  1.575  0.332  0.047 -0.065 -0.085 -0.085
 0.838  1.578  0.326  0.048 -0.065 -0.088 -0.088
 0.840  1.581  0.320  0.048 -0.065 -0.092 -0.092
 0.842  1.584  0.314  0.049 -0.064 -0.095 -0.095
 0.844  1.586  0.306  0.050 -0.064 -0.100 -0.100
 0.846  1.586  0.298  0.050 -0.064 -0.104 -0.104
 0.848  1.586  0.289  0.050 -0.064 -0.109 -0.109
 0.850  1.586  0.280  0.050 -0.064 -0.114 -0.114
 0.852  1.584  0.271  0.051 -0.064 -0.119 -0.119
 0.854  1.581  0.261  0.051 -0.064 -0.125 -0.125
 0.856  1.577  0.250  0.051 -0.064 -0.131 -0.131
 0.858  1.573  0.238  0.051 -0.064 -0.136 -0.136
 0.860  1.567  0.227  0.050 -0.064 -0.143 -0.143
 0.862  1.560  0.215  0.050 -0.065 -0.150 -0.150
 0.864  1.553  0.202  0.049 -0.066 -0.157 -0.157
 0.866  1.545  0.188  0.048 -0.066 -0.163 -0.163
 0.868  1.536  0.175  0.046 -0.068 -0.171 -0.171
 0.870  1.526  0.161  0.044 -0.069 -0.177 -0.177
 0.872  1.515  0.146  0.041 -0.071 -0.185 -0.185
 0.874  1.504  0.131  0.038 -0.073 -0.192 -0.192
 0.876  1.492  0.116  0.034 -0.076 -0.200 -0.200
 0.878  1.479  0.100  0.029 -0.079 -0.208 -0.208
 0.880  1.467  0.085  0.025 -0.082 -0.215 -0.215
 0.882  1.452  0.068  0.019 -0.086 -0.223 -0.223
 0.884  1.438  0.052  0.013 -0.090 -0.230 -0.230
 0.886  1.421  0.037  0.007 -0.094 -0.238 -0.238
 0.888  1.404  0.020  0.000 -0.099 -0.245 -0.245
 0.890  1.386  0.005 -0.007 -0.105 -0.252 -0.252
 0.892  1.367 -0.012 -0.015 -0.110 -0.259 -0.259
 0.894  1.346 -0.028 -0.023 -0.117 -0.267 -0.267
 0.896  1.324 -0.043 -0.032 -0.123 -0.274 -0.274
 0.898  1.303 -0.059 -0.042 -0.130 -0.281 -0.281
 0.900  1.280 -0.075 -0.051 -0.138 -0.289 -0.289
 0.902  1.256 -0.089 -0.062 -0.145 -0.295 -0.295
 0.904  1.233 -0.105 -0.073 -0.154 -0.302 -0.302
 0.906  1.208 -0.121 -0.085 -0.162 -0.310 -0.310
 0.908  1.185 -0.135 -0.097 -0.171 -0.316 -0.316
 0.910  1.160 -0.151 -0.110 -0.181 -0.323 -0.323
 0.912  1.137 -0.166 -0.123 -0.191 -0.330 -0.330
 0.914  1.114 -0.180 -0.137 -0.201 -0.337 -0.337
 0.916  1.091 -0.196 -0.152 -0.212 -0.344 -0.344
 0.918  1.069 -0.211 -0.167 -0.223 -0.350 -0.350
 0.920  1.047 -0.225 -0.182 -0.234 -0.357 -0.357
 0.922  1.026 -0.241 -0.198 -0.247 -0.364 -0.364
 0.924  1.005 -0.256 -0.215 -0.259 -0.371 -0.371
 0.926  0.985 -0.270 -0.232 -0.272 -0.377 -0.377
 0.928  0.966 -0.285 -0.249 -0.285 -0.384 -0.384
 0.930  0.947 -0.301 -0.267 -0.298 -0.391 -0.391
 0.932  0.929 -0.315 -0.285 -0.312 -0.397 -0.397
 0.934  0.912 -0.330 -0.303 -0.327 -0.404 -0.404
 0.936  0.895 -0.346 -0.321 -0.342 -0.411 -0.411
 0.938  0.880 -0.360 -0.339 -0.357 -0.417 -0.417
 0.940  0.865 -0.375 -0.357 -0.371 -0.423 -0.423
 0.942  0.850 -0.390 -0.375 -0.386 -0.429 -0.429
 0.944  0.836 -0.404 -0.392 -0.400 -0.436 -0.436
 0.946  0.823 -0.418 -0.409 -0.415 -0.442 -0.442
 0.948  0.810 -0.432 -0.426 -0.429 -0.447 -0.447
 0.950  0.798 -0.445 -0.441 -0.442 -0.453 -0.453
 0.952  0.788 -0.459 -0.456 -0.455 -0.458 -0.458
 0.954  0.777 -0.472 -0.470 -0.467 -0.463 -0.463
 0.956  0.767 -0.483 -0.484 -0.478 -0.468 -0.468
 0.958  0.757 -0.495 -0.497 -0.490 -0.473 -0.473
 0.960  0.748 -0.506 -0.508 -0.500 -0.477 -0.477
 0.962  0.739 -0.517 -0.520 -0.509 -0.481 -0.481
 0.964  0.732 -0.527 -0.531 -0.519 -0.485 -0.485
 0.966  0.725 -0.537 -0.541 -0.527 -0.489 -0.489
 0.968  0.719 -0.546 -0.551 -0.535 -0.493 -0.493
 0.970  0.712 -0.555 -0.559 -0.543 -0.496 -0.496
 0.972  0.708 -0.563 -0.567 -0.550 -0.499 -0.499
 0.974  0.703 -0.571 -0.576 -0.557 -0.502 -0.502
 0.976  0.699 -0.577 -0.583 -0.564 -0.505 -0.505
 0.978  0.695 -0.583 -0.591 -0.570 -0.508 -0.508
 0.980  0.692 -0.589 -0.597 -0.576 -0.510 -0.510
 0.982  0.690 -0.595 -0.603 -0.581 -0.512 -0.512
 0.984  0.688 -0.599 -0.608 -0.585 -0.514 -0.514
 0.986  0.686 -0.604 -0.613 -0.590 -0.515 -0.515
 0.988  0.684 -0.607 -0.617 -0.593 -0.517 -0.517
 0.990  0.683 -0.610 -0.620 -0.596 -0.518 -0.518
 0.992  0.682 -0.613 -0.623 -0.598 -0.519 -0.519
 0.994  0.681 -0.615 -0.625 -0.600 -0.519 -0.519
 0.996  0.680 -0.616 -0.626 -0.602 -0.520 -0.520
 0.998  0.680 -0.616 -0.627 -0.602 -0.520 -0.520
