# IsPeriodic    : True
# Period        : 0.699131 days
# Normalization : <g_mag>=0
# 
# Phase u_mag  g_mag  r_mag  i_mag  z_mag  y_mag
 0.000  0.383 -0.764 -0.642 -0.530 -0.461 -0.461
 0.002  0.383 -0.763 -0.642 -0.530 -0.461 -0.461
 0.004  0.383 -0.762 -0.642 -0.530 -0.461 -0.461
 0.006  0.384 -0.761 -0.642 -0.529 -0.461 -0.461
 0.008  0.385 -0.758 -0.641 -0.528 -0.460 -0.460
 0.010  0.387 -0.756 -0.640 -0.528 -0.459 -0.459
 0.012  0.390 -0.753 -0.639 -0.528 -0.458 -0.458
 0.014  0.392 -0.749 -0.638 -0.526 -0.457 -0.457
 0.016  0.394 -0.746 -0.637 -0.525 -0.455 -0.455
 0.018  0.398 -0.740 -0.636 -0.525 -0.454 -0.454
 0.020  0.401 -0.737 -0.635 -0.523 -0.452 -0.452
 0.022  0.404 -0.732 -0.633 -0.522 -0.449 -0.449
 0.024  0.408 -0.727 -0.631 -0.521 -0.447 -0.447
 0.026  0.411 -0.723 -0.629 -0.519 -0.444 -0.444
 0.028  0.414 -0.718 -0.627 -0.518 -0.441 -0.441
 0.030  0.419 -0.713 -0.624 -0.516 -0.438 -0.438
 0.032  0.422 -0.709 -0.623 -0.513 -0.435 -0.435
 0.034  0.426 -0.704 -0.620 -0.511 -0.431 -0.431
 0.036  0.430 -0.699 -0.617 -0.509 -0.428 -0.428
 0.038  0.434 -0.695 -0.614 -0.507 -0.425 -0.425
 0.040  0.438 -0.690 -0.611 -0.504 -0.421 -0.421
 0.042  0.442 -0.685 -0.608 -0.501 -0.417 -0.417
 0.044  0.446 -0.681 -0.604 -0.499 -0.414 -0.414
 0.046  0.451 -0.676 -0.601 -0.496 -0.411 -0.411
 0.048  0.455 -0.670 -0.597 -0.493 -0.407 -0.407
 0.050  0.461 -0.665 -0.593 -0.489 -0.404 -0.404
 0.052  0.465 -0.660 -0.590 -0.486 -0.401 -0.401
 0.054  0.470 -0.655 -0.585 -0.482 -0.397 -0.397
 0.056  0.476 -0.649 -0.581 -0.479 -0.395 -0.395
 0.058  0.481 -0.644 -0.576 -0.476 -0.392 -0.392
 0.060  0.486 -0.637 -0.571 -0.472 -0.389 -0.389
 0.062  0.491 -0.631 -0.566 -0.469 -0.386 -0.386
 0.064  0.497 -0.625 -0.561 -0.465 -0.384 -0.384
 0.066  0.504 -0.619 -0.557 -0.462 -0.382 -0.382
 0.068  0.509 -0.613 -0.551 -0.458 -0.379 -0.379
 0.070  0.515 -0.607 -0.545 -0.455 -0.376 -0.376
 0.072  0.522 -0.601 -0.540 -0.451 -0.374 -0.374
 0.074  0.529 -0.595 -0.535 -0.448 -0.372 -0.372
 0.076  0.534 -0.587 -0.529 -0.445 -0.370 -0.370
 0.078  0.541 -0.581 -0.524 -0.441 -0.368 -0.368
 0.080  0.548 -0.575 -0.518 -0.438 -0.366 -0.366
 0.082  0.555 -0.568 -0.512 -0.435 -0.364 -0.364
 0.084  0.560 -0.562 -0.507 -0.432 -0.362 -0.362
 0.086  0.567 -0.556 -0.502 -0.429 -0.360 -0.360
 0.088  0.574 -0.549 -0.497 -0.426 -0.359 -0.359
 0.090  0.581 -0.543 -0.492 -0.423 -0.357 -0.357
 0.092  0.586 -0.537 -0.487 -0.420 -0.355 -0.355
 0.094  0.593 -0.529 -0.483 -0.417 -0.354 -0.354
 0.096  0.599 -0.523 -0.478 -0.414 -0.353 -0.353
 0.098  0.606 -0.517 -0.473 -0.412 -0.351 -0.351
 0.100  0.611 -0.510 -0.469 -0.409 -0.351 -0.351
 0.102  0.618 -0.504 -0.465 -0.407 -0.349 -0.349
 0.104  0.624 -0.498 -0.460 -0.404 -0.348 -0.348
 0.106  0.629 -0.493 -0.457 -0.401 -0.347 -0.347
 0.108  0.635 -0.486 -0.452 -0.399 -0.346 -0.346
 0.110  0.641 -0.480 -0.448 -0.396 -0.345 -0.345
 0.112  0.646 -0.474 -0.445 -0.394 -0.344 -0.344
 0.114  0.652 -0.468 -0.440 -0.392 -0.343 -0.343
 0.116  0.658 -0.463 -0.437 -0.389 -0.342 -0.342
 0.118  0.663 -0.456 -0.433 -0.387 -0.341 -0.341
 0.120  0.668 -0.450 -0.430 -0.385 -0.340 -0.340
 0.122  0.673 -0.445 -0.426 -0.383 -0.339 -0.339
 0.124  0.678 -0.439 -0.423 -0.380 -0.338 -0.338
 0.126  0.684 -0.434 -0.420 -0.378 -0.337 -0.337
 0.128  0.688 -0.427 -0.416 -0.376 -0.335 -0.335
 0.130  0.693 -0.422 -0.413 -0.374 -0.334 -0.334
 0.132  0.698 -0.416 -0.410 -0.372 -0.333 -0.333
 0.134  0.703 -0.411 -0.407 -0.370 -0.331 -0.331
 0.136  0.707 -0.405 -0.405 -0.368 -0.330 -0.330
 0.138  0.712 -0.400 -0.402 -0.366 -0.329 -0.329
 0.140  0.716 -0.395 -0.400 -0.364 -0.327 -0.327
 0.142  0.720 -0.388 -0.397 -0.362 -0.326 -0.326
 0.144  0.724 -0.383 -0.394 -0.360 -0.324 -0.324
 0.146  0.729 -0.378 -0.392 -0.358 -0.322 -0.322
 0.148  0.733 -0.372 -0.389 -0.356 -0.321 -0.321
 0.150  0.737 -0.367 -0.387 -0.354 -0.319 -0.319
 0.152  0.741 -0.362 -0.384 -0.352 -0.318 -0.318
 0.154  0.745 -0.357 -0.381 -0.350 -0.316 -0.316
 0.156  0.749 -0.352 -0.379 -0.348 -0.314 -0.314
 0.158  0.753 -0.347 -0.376 -0.346 -0.312 -0.312
 0.160  0.757 -0.342 -0.374 -0.344 -0.310 -0.310
 0.162  0.760 -0.336 -0.371 -0.342 -0.308 -0.308
 0.164  0.764 -0.331 -0.368 -0.340 -0.306 -0.306
 0.166  0.768 -0.326 -0.366 -0.338 -0.304 -0.304
 0.168  0.772 -0.321 -0.363 -0.337 -0.302 -0.302
 0.170  0.776 -0.315 -0.360 -0.334 -0.300 -0.300
 0.172  0.780 -0.310 -0.357 -0.332 -0.298 -0.298
 0.174  0.784 -0.305 -0.354 -0.330 -0.296 -0.296
 0.176  0.788 -0.300 -0.352 -0.328 -0.294 -0.294
 0.178  0.792 -0.295 -0.348 -0.327 -0.292 -0.292
 0.180  0.796 -0.290 -0.346 -0.325 -0.289 -0.289
 0.182  0.800 -0.287 -0.343 -0.322 -0.287 -0.287
 0.184  0.805 -0.282 -0.340 -0.320 -0.285 -0.285
 0.186  0.808 -0.277 -0.337 -0.319 -0.283 -0.283
 0.188  0.813 -0.271 -0.334 -0.317 -0.281 -0.281
 0.190  0.816 -0.266 -0.331 -0.315 -0.279 -0.279
 0.192  0.820 -0.261 -0.328 -0.313 -0.277 -0.277
 0.194  0.825 -0.256 -0.325 -0.310 -0.275 -0.275
 0.196  0.828 -0.251 -0.321 -0.309 -0.273 -0.273
 0.198  0.833 -0.248 -0.318 -0.307 -0.270 -0.270
 0.200  0.836 -0.243 -0.315 -0.305 -0.268 -0.268
 0.202  0.841 -0.238 -0.312 -0.303 -0.267 -0.267
 0.204  0.845 -0.232 -0.308 -0.301 -0.265 -0.265
 0.206  0.849 -0.229 -0.306 -0.299 -0.263 -0.263
 0.208  0.853 -0.224 -0.302 -0.297 -0.261 -0.261
 0.210  0.858 -0.219 -0.299 -0.295 -0.259 -0.259
 0.212  0.861 -0.215 -0.295 -0.293 -0.257 -0.257
 0.214  0.866 -0.210 -0.292 -0.291 -0.255 -0.255
 0.216  0.870 -0.205 -0.289 -0.289 -0.254 -0.254
 0.218  0.875 -0.201 -0.286 -0.288 -0.252 -0.252
 0.220  0.878 -0.196 -0.282 -0.286 -0.250 -0.250
 0.222  0.883 -0.191 -0.279 -0.284 -0.248 -0.248
 0.224  0.887 -0.187 -0.275 -0.282 -0.246 -0.246
 0.226  0.892 -0.182 -0.273 -0.280 -0.245 -0.245
 0.228  0.895 -0.178 -0.269 -0.278 -0.243 -0.243
 0.230  0.900 -0.173 -0.267 -0.276 -0.242 -0.242
 0.232  0.904 -0.168 -0.263 -0.274 -0.240 -0.240
 0.234  0.907 -0.165 -0.261 -0.272 -0.238 -0.238
 0.236  0.912 -0.160 -0.257 -0.271 -0.237 -0.237
 0.238  0.917 -0.156 -0.255 -0.269 -0.235 -0.235
 0.240  0.920 -0.152 -0.251 -0.267 -0.234 -0.234
 0.242  0.924 -0.147 -0.249 -0.265 -0.233 -0.233
 0.244  0.928 -0.143 -0.246 -0.263 -0.231 -0.231
 0.246  0.932 -0.138 -0.243 -0.261 -0.230 -0.230
 0.248  0.936 -0.134 -0.241 -0.259 -0.228 -0.228
 0.250  0.940 -0.131 -0.237 -0.257 -0.227 -0.227
 0.252  0.944 -0.126 -0.235 -0.256 -0.225 -0.225
 0.254  0.948 -0.122 -0.232 -0.254 -0.224 -0.224
 0.256  0.952 -0.118 -0.229 -0.252 -0.223 -0.223
 0.258  0.956 -0.113 -0.227 -0.250 -0.221 -0.221
 0.260  0.960 -0.109 -0.224 -0.248 -0.220 -0.220
 0.262  0.964 -0.105 -0.222 -0.247 -0.219 -0.219
 0.264  0.967 -0.100 -0.220 -0.245 -0.217 -0.217
 0.266  0.971 -0.097 -0.217 -0.243 -0.215 -0.215
 0.268  0.975 -0.093 -0.215 -0.241 -0.214 -0.214
 0.270  0.979 -0.089 -0.212 -0.240 -0.213 -0.213
 0.272  0.982 -0.085 -0.210 -0.238 -0.211 -0.211
 0.274  0.987 -0.080 -0.208 -0.236 -0.210 -0.210
 0.276  0.990 -0.077 -0.206 -0.234 -0.208 -0.208
 0.278  0.993 -0.073 -0.203 -0.232 -0.207 -0.207
 0.280  0.997 -0.069 -0.202 -0.230 -0.205 -0.205
 0.282  1.000 -0.065 -0.199 -0.228 -0.204 -0.204
 0.284  1.005 -0.061 -0.197 -0.227 -0.202 -0.202
 0.286  1.008 -0.058 -0.195 -0.225 -0.201 -0.201
 0.288  1.012 -0.054 -0.193 -0.223 -0.200 -0.200
 0.290  1.015 -0.050 -0.191 -0.221 -0.198 -0.198
 0.292  1.018 -0.046 -0.189 -0.220 -0.196 -0.196
 0.294  1.022 -0.043 -0.187 -0.218 -0.195 -0.195
 0.296  1.025 -0.039 -0.184 -0.216 -0.193 -0.193
 0.298  1.028 -0.035 -0.183 -0.214 -0.192 -0.192
 0.300  1.032 -0.031 -0.181 -0.212 -0.190 -0.190
 0.302  1.035 -0.028 -0.178 -0.211 -0.188 -0.188
 0.304  1.039 -0.024 -0.177 -0.209 -0.186 -0.186
 0.306  1.042 -0.020 -0.174 -0.207 -0.185 -0.185
 0.308  1.045 -0.016 -0.172 -0.205 -0.184 -0.184
 0.310  1.049 -0.012 -0.170 -0.203 -0.182 -0.182
 0.312  1.052 -0.009 -0.168 -0.201 -0.180 -0.180
 0.314  1.056 -0.005 -0.165 -0.199 -0.178 -0.178
 0.316  1.059 -0.001 -0.163 -0.198 -0.176 -0.176
 0.318  1.062  0.001 -0.161 -0.196 -0.175 -0.175
 0.320  1.066  0.005 -0.158 -0.194 -0.173 -0.173
 0.322  1.068  0.009 -0.156 -0.192 -0.172 -0.172
 0.324  1.071  0.013 -0.154 -0.190 -0.170 -0.170
 0.326  1.075  0.016 -0.151 -0.188 -0.168 -0.168
 0.328  1.078  0.020 -0.149 -0.187 -0.167 -0.167
 0.330  1.082  0.023 -0.147 -0.184 -0.165 -0.165
 0.332  1.084  0.027 -0.144 -0.182 -0.163 -0.163
 0.334  1.087  0.030 -0.142 -0.181 -0.161 -0.161
 0.336  1.091  0.034 -0.139 -0.179 -0.160 -0.160
 0.338  1.093  0.037 -0.137 -0.177 -0.158 -0.158
 0.340  1.096  0.040 -0.135 -0.175 -0.157 -0.157
 0.342  1.100  0.044 -0.132 -0.173 -0.155 -0.155
 0.344  1.102  0.048 -0.130 -0.172 -0.153 -0.153
 0.346  1.105  0.050 -0.127 -0.170 -0.151 -0.151
 0.348  1.109  0.054 -0.124 -0.167 -0.150 -0.150
 0.350  1.111  0.058 -0.122 -0.166 -0.148 -0.148
 0.352  1.114  0.060 -0.120 -0.164 -0.147 -0.147
 0.354  1.117  0.064 -0.117 -0.162 -0.145 -0.145
 0.356  1.120  0.068 -0.115 -0.160 -0.143 -0.143
 0.358  1.122  0.071 -0.112 -0.158 -0.141 -0.141
 0.360  1.126  0.074 -0.110 -0.156 -0.140 -0.140
 0.362  1.128  0.078 -0.107 -0.154 -0.138 -0.138
 0.364  1.131  0.081 -0.104 -0.153 -0.137 -0.137
 0.366  1.134  0.084 -0.102 -0.150 -0.136 -0.136
 0.368  1.137  0.087 -0.099 -0.148 -0.134 -0.134
 0.370  1.139  0.091 -0.097 -0.147 -0.132 -0.132
 0.372  1.143  0.094 -0.094 -0.145 -0.130 -0.130
 0.374  1.145  0.097 -0.091 -0.143 -0.129 -0.129
 0.376  1.148  0.101 -0.089 -0.141 -0.127 -0.127
 0.378  1.151  0.103 -0.087 -0.139 -0.126 -0.126
 0.380  1.154  0.107 -0.085 -0.137 -0.124 -0.124
 0.382  1.156  0.110 -0.082 -0.135 -0.122 -0.122
 0.384  1.160  0.113 -0.079 -0.133 -0.121 -0.121
 0.386  1.162  0.116 -0.078 -0.131 -0.119 -0.119
 0.388  1.165  0.118 -0.075 -0.129 -0.118 -0.118
 0.390  1.168  0.122 -0.072 -0.127 -0.116 -0.116
 0.392  1.171  0.125 -0.070 -0.126 -0.114 -0.114
 0.394  1.173  0.128 -0.068 -0.124 -0.113 -0.113
 0.396  1.177  0.131 -0.065 -0.121 -0.112 -0.112
 0.398  1.179  0.133 -0.063 -0.119 -0.110 -0.110
 0.400  1.182  0.137 -0.061 -0.117 -0.108 -0.108
 0.402  1.186  0.140 -0.058 -0.116 -0.107 -0.107
 0.404  1.188  0.142 -0.056 -0.114 -0.105 -0.105
 0.406  1.191  0.145 -0.054 -0.112 -0.104 -0.104
 0.408  1.194  0.148 -0.052 -0.109 -0.103 -0.103
 0.410  1.197  0.151 -0.049 -0.108 -0.101 -0.101
 0.412  1.200  0.154 -0.047 -0.106 -0.099 -0.099
 0.414  1.203  0.156 -0.045 -0.104 -0.098 -0.098
 0.416  1.206  0.159 -0.043 -0.102 -0.096 -0.096
 0.418  1.209  0.162 -0.040 -0.100 -0.095 -0.095
 0.420  1.212  0.165 -0.039 -0.098 -0.093 -0.093
 0.422  1.215  0.167 -0.036 -0.096 -0.092 -0.092
 0.424  1.218  0.170 -0.034 -0.094 -0.090 -0.090
 0.426  1.221  0.172 -0.032 -0.092 -0.089 -0.089
 0.428  1.224  0.175 -0.030 -0.090 -0.087 -0.087
 0.430  1.227  0.177 -0.027 -0.089 -0.086 -0.086
 0.432  1.231  0.180 -0.025 -0.087 -0.085 -0.085
 0.434  1.233  0.182 -0.024 -0.085 -0.083 -0.083
 0.436  1.237  0.185 -0.021 -0.083 -0.081 -0.081
 0.438  1.240  0.187 -0.019 -0.082 -0.080 -0.080
 0.440  1.242  0.190 -0.018 -0.080 -0.079 -0.079
 0.442  1.246  0.193 -0.016 -0.078 -0.077 -0.077
 0.444  1.249  0.195 -0.013 -0.077 -0.076 -0.076
 0.446  1.251  0.198 -0.012 -0.075 -0.075 -0.075
 0.448  1.255  0.200 -0.010 -0.073 -0.073 -0.073
 0.450  1.258  0.203 -0.008 -0.072 -0.072 -0.072
 0.452  1.260  0.205 -0.006 -0.071 -0.070 -0.070
 0.454  1.263  0.206 -0.005 -0.069 -0.069 -0.069
 0.456  1.266  0.209 -0.003 -0.067 -0.068 -0.068
 0.458  1.268  0.211 -0.001 -0.066 -0.066 -0.066
 0.460  1.270  0.214  0.001 -0.064 -0.065 -0.065
 0.462  1.274  0.216  0.002 -0.063 -0.064 -0.064
 0.464  1.276  0.218  0.004 -0.061 -0.062 -0.062
 0.466  1.278  0.220  0.006 -0.060 -0.061 -0.061
 0.468  1.281  0.223  0.007 -0.059 -0.060 -0.060
 0.470  1.283  0.224  0.008 -0.057 -0.058 -0.058
 0.472  1.285  0.226  0.010 -0.056 -0.057 -0.057
 0.474  1.287  0.229  0.012 -0.055 -0.056 -0.056
 0.476  1.290  0.230  0.014 -0.054 -0.054 -0.054
 0.478  1.292  0.233  0.014 -0.052 -0.053 -0.053
 0.480  1.294  0.235  0.016 -0.051 -0.052 -0.052
 0.482  1.296  0.237  0.018 -0.050 -0.050 -0.050
 0.484  1.298  0.239  0.019 -0.049 -0.049 -0.049
 0.486  1.300  0.240  0.021 -0.047 -0.048 -0.048
 0.488  1.302  0.243  0.021 -0.046 -0.047 -0.047
 0.490  1.303  0.244  0.023 -0.045 -0.046 -0.046
 0.492  1.306  0.247  0.024 -0.044 -0.044 -0.044
 0.494  1.307  0.248  0.025 -0.043 -0.043 -0.043
 0.496  1.309  0.250  0.027 -0.042 -0.042 -0.042
 0.498  1.310  0.252  0.027 -0.040 -0.040 -0.040
 0.500  1.312  0.253  0.028 -0.039 -0.040 -0.040
 0.502  1.313  0.255  0.030 -0.038 -0.039 -0.039
 0.504  1.315  0.257  0.031 -0.037 -0.037 -0.037
 0.506  1.316  0.259  0.032 -0.036 -0.036 -0.036
 0.508  1.318  0.260  0.034 -0.035 -0.035 -0.035
 0.510  1.319  0.262  0.034 -0.034 -0.034 -0.034
 0.512  1.320  0.263  0.035 -0.033 -0.033 -0.033
 0.514  1.321  0.265  0.036 -0.032 -0.032 -0.032
 0.516  1.322  0.267  0.038 -0.030 -0.031 -0.031
 0.518  1.324  0.268  0.039 -0.030 -0.029 -0.029
 0.520  1.325  0.269  0.040 -0.028 -0.029 -0.029
 0.522  1.326  0.270  0.040 -0.027 -0.027 -0.027
 0.524  1.327  0.273  0.041 -0.027 -0.027 -0.027
 0.526  1.328  0.274  0.043 -0.025 -0.025 -0.025
 0.528  1.329  0.275  0.044 -0.025 -0.025 -0.025
 0.530  1.330  0.277  0.045 -0.023 -0.023 -0.023
 0.532  1.332  0.278  0.046 -0.022 -0.023 -0.023
 0.534  1.333  0.279  0.047 -0.021 -0.021 -0.021
 0.536  1.334  0.281  0.047 -0.020 -0.021 -0.021
 0.538  1.335  0.282  0.049 -0.019 -0.019 -0.019
 0.540  1.335  0.283  0.050 -0.018 -0.019 -0.019
 0.542  1.336  0.283  0.051 -0.017 -0.017 -0.017
 0.544  1.337  0.284  0.052 -0.016 -0.017 -0.017
 0.546  1.338  0.286  0.053 -0.015 -0.015 -0.015
 0.548  1.338  0.287  0.053 -0.015 -0.015 -0.015
 0.550  1.339  0.288  0.054 -0.013 -0.013 -0.013
 0.552  1.341  0.288  0.056 -0.013 -0.013 -0.013
 0.554  1.342  0.289  0.057 -0.011 -0.012 -0.012
 0.556  1.342  0.291  0.058 -0.010 -0.011 -0.011
 0.558  1.343  0.292  0.059 -0.010 -0.010 -0.010
 0.560  1.343  0.292  0.060 -0.009 -0.009 -0.009
 0.562  1.344  0.293  0.060 -0.008 -0.008 -0.008
 0.564  1.345  0.293  0.061 -0.007 -0.007 -0.007
 0.566  1.345  0.294  0.062 -0.006 -0.006 -0.006
 0.568  1.346  0.296  0.063 -0.005 -0.006 -0.006
 0.570  1.346  0.296  0.064 -0.004 -0.005 -0.005
 0.572  1.347  0.297  0.065 -0.003 -0.004 -0.004
 0.574  1.347  0.297  0.066 -0.003 -0.003 -0.003
 0.576  1.348  0.297  0.066 -0.002 -0.002 -0.002
 0.578  1.348  0.298  0.067 -0.001 -0.002 -0.002
 0.580  1.348  0.298  0.068  0.000 -0.000 -0.000
 0.582  1.350  0.299  0.069  0.001  0.000  0.000
 0.584  1.350  0.299  0.070  0.002  0.001  0.001
 0.586  1.351  0.299  0.071  0.002  0.002  0.002
 0.588  1.351  0.301  0.072  0.003  0.002  0.002
 0.590  1.351  0.301  0.073  0.004  0.004  0.004
 0.592  1.352  0.301  0.073  0.004  0.004  0.004
 0.594  1.352  0.302  0.073  0.005  0.005  0.005
 0.596  1.353  0.302  0.074  0.006  0.006  0.006
 0.598  1.353  0.302  0.075  0.007  0.006  0.006
 0.600  1.353  0.303  0.075  0.007  0.008  0.008
 0.602  1.354  0.303  0.076  0.008  0.008  0.008
 0.604  1.354  0.303  0.077  0.009  0.009  0.009
 0.606  1.355  0.304  0.077  0.009  0.010  0.010
 0.608  1.355  0.304  0.078  0.010  0.010  0.010
 0.610  1.355  0.304  0.079  0.011  0.011  0.011
 0.612  1.356  0.306  0.079  0.011  0.012  0.012
 0.614  1.356  0.306  0.080  0.012  0.012  0.012
 0.616  1.358  0.306  0.080  0.012  0.014  0.014
 0.618  1.358  0.307  0.080  0.013  0.014  0.014
 0.620  1.359  0.307  0.080  0.014  0.015  0.015
 0.622  1.359  0.307  0.081  0.014  0.016  0.016
 0.624  1.360  0.308  0.081  0.014  0.016  0.016
 0.626  1.360  0.308  0.082  0.015  0.017  0.017
 0.628  1.360  0.308  0.082  0.016  0.018  0.018
 0.630  1.361  0.308  0.082  0.016  0.019  0.019
 0.632  1.361  0.309  0.083  0.016  0.020  0.020
 0.634  1.362  0.309  0.083  0.017  0.020  0.020
 0.636  1.362  0.309  0.083  0.017  0.021  0.021
 0.638  1.363  0.309  0.084  0.018  0.022  0.022
 0.640  1.363  0.311  0.084  0.019  0.022  0.022
 0.642  1.364  0.311  0.084  0.019  0.024  0.024
 0.644  1.364  0.311  0.085  0.019  0.024  0.024
 0.646  1.365  0.311  0.085  0.019  0.025  0.025
 0.648  1.365  0.312  0.085  0.020  0.025  0.025
 0.650  1.365  0.312  0.085  0.020  0.026  0.026
 0.652  1.367  0.312  0.085  0.021  0.027  0.027
 0.654  1.367  0.312  0.085  0.021  0.028  0.028
 0.656  1.368  0.313  0.085  0.021  0.029  0.029
 0.658  1.368  0.313  0.085  0.021  0.029  0.029
 0.660  1.369  0.313  0.085  0.021  0.030  0.030
 0.662  1.370  0.313  0.085  0.022  0.031  0.031
 0.664  1.370  0.313  0.085  0.022  0.032  0.032
 0.666  1.371  0.314  0.085  0.022  0.033  0.033
 0.668  1.371  0.314  0.085  0.023  0.033  0.033
 0.670  1.372  0.314  0.085  0.023  0.035  0.035
 0.672  1.372  0.314  0.085  0.023  0.035  0.035
 0.674  1.373  0.314  0.085  0.024  0.036  0.036
 0.676  1.374  0.316  0.085  0.024  0.037  0.037
 0.678  1.374  0.316  0.084  0.024  0.038  0.038
 0.680  1.376  0.316  0.084  0.024  0.039  0.039
 0.682  1.376  0.316  0.084  0.024  0.039  0.039
 0.684  1.377  0.316  0.084  0.024  0.040  0.040
 0.686  1.378  0.316  0.083  0.024  0.041  0.041
 0.688  1.379  0.317  0.083  0.024  0.042  0.042
 0.690  1.379  0.317  0.083  0.024  0.043  0.043
 0.692  1.380  0.317  0.082  0.024  0.044  0.044
 0.694  1.381  0.317  0.082  0.024  0.045  0.045
 0.696  1.381  0.317  0.081  0.024  0.045  0.045
 0.698  1.382  0.317  0.081  0.024  0.047  0.047
 0.700  1.384  0.318  0.080  0.024  0.047  0.047
 0.702  1.385  0.318  0.080  0.024  0.049  0.049
 0.704  1.386  0.318  0.080  0.024  0.049  0.049
 0.706  1.386  0.318  0.080  0.024  0.050  0.050
 0.708  1.387  0.318  0.079  0.025  0.051  0.051
 0.710  1.388  0.318  0.078  0.025  0.052  0.052
 0.712  1.389  0.318  0.078  0.026  0.053  0.053
 0.714  1.390  0.318  0.077  0.026  0.054  0.054
 0.716  1.390  0.318  0.077  0.027  0.055  0.055
 0.718  1.391  0.318  0.076  0.028  0.057  0.057
 0.720  1.393  0.319  0.076  0.029  0.057  0.057
 0.722  1.394  0.319  0.076  0.029  0.058  0.058
 0.724  1.395  0.319  0.075  0.031  0.059  0.059
 0.726  1.396  0.319  0.075  0.031  0.060  0.060
 0.728  1.397  0.321  0.076  0.033  0.061  0.061
 0.730  1.398  0.321  0.076  0.034  0.062  0.062
 0.732  1.400  0.322  0.076  0.035  0.064  0.064
 0.734  1.402  0.323  0.077  0.036  0.064  0.064
 0.736  1.403  0.325  0.078  0.038  0.066  0.066
 0.738  1.405  0.327  0.078  0.040  0.066  0.066
 0.740  1.406  0.328  0.080  0.041  0.068  0.068
 0.742  1.408  0.330  0.080  0.043  0.069  0.069
 0.744  1.411  0.332  0.081  0.045  0.070  0.070
 0.746  1.413  0.335  0.083  0.047  0.071  0.071
 0.748  1.415  0.337  0.084  0.049  0.072  0.072
 0.750  1.417  0.340  0.086  0.051  0.074  0.074
 0.752  1.420  0.342  0.087  0.053  0.075  0.075
 0.754  1.422  0.346  0.089  0.056  0.076  0.076
 0.756  1.424  0.348  0.091  0.058  0.078  0.078
 0.758  1.427  0.352  0.093  0.061  0.079  0.079
 0.760  1.430  0.356  0.094  0.064  0.081  0.081
 0.762  1.432  0.358  0.097  0.066  0.082  0.082
 0.764  1.436  0.364  0.099  0.069  0.084  0.084
 0.766  1.439  0.367  0.101  0.072  0.086  0.086
 0.768  1.441  0.371  0.104  0.075  0.088  0.088
 0.770  1.445  0.376  0.106  0.078  0.090  0.090
 0.772  1.448  0.381  0.109  0.081  0.092  0.092
 0.774  1.453  0.386  0.112  0.084  0.095  0.095
 0.776  1.456  0.392  0.116  0.087  0.097  0.097
 0.778  1.459  0.397  0.119  0.090  0.099  0.099
 0.780  1.464  0.404  0.122  0.093  0.103  0.103
 0.782  1.467  0.409  0.126  0.096  0.105  0.105
 0.784  1.472  0.415  0.129  0.099  0.108  0.108
 0.786  1.476  0.421  0.132  0.102  0.111  0.111
 0.788  1.480  0.428  0.136  0.105  0.114  0.114
 0.790  1.484  0.434  0.139  0.108  0.117  0.117
 0.792  1.489  0.440  0.143  0.111  0.121  0.121
 0.794  1.492  0.446  0.146  0.114  0.124  0.124
 0.796  1.497  0.453  0.150  0.117  0.127  0.127
 0.798  1.500  0.458  0.153  0.120  0.130  0.130
 0.800  1.503  0.464  0.157  0.123  0.134  0.134
 0.802  1.507  0.469  0.160  0.125  0.138  0.138
 0.804  1.509  0.474  0.163  0.128  0.142  0.142
 0.806  1.511  0.478  0.166  0.130  0.146  0.146
 0.808  1.512  0.482  0.169  0.133  0.150  0.150
 0.810  1.514  0.485  0.172  0.135  0.154  0.154
 0.812  1.514  0.488  0.175  0.138  0.159  0.159
 0.814  1.512  0.491  0.178  0.140  0.163  0.163
 0.816  1.511  0.492  0.181  0.143  0.168  0.168
 0.818  1.509  0.493  0.184  0.145  0.173  0.173
 0.820  1.506  0.493  0.186  0.147  0.177  0.177
 0.822  1.502  0.493  0.189  0.149  0.181  0.181
 0.824  1.498  0.492  0.191  0.152  0.186  0.186
 0.826  1.493  0.491  0.194  0.154  0.189  0.189
 0.828  1.488  0.488  0.197  0.157  0.192  0.192
 0.830  1.482  0.487  0.198  0.159  0.195  0.195
 0.832  1.475  0.483  0.201  0.162  0.197  0.197
 0.834  1.467  0.480  0.204  0.164  0.198  0.198
 0.836  1.460  0.477  0.205  0.166  0.198  0.198
 0.838  1.451  0.472  0.208  0.169  0.198  0.198
 0.840  1.442  0.467  0.210  0.171  0.197  0.197
 0.842  1.433  0.462  0.212  0.174  0.196  0.196
 0.844  1.423  0.457  0.214  0.175  0.194  0.194
 0.846  1.412  0.450  0.216  0.176  0.191  0.191
 0.848  1.400  0.443  0.218  0.177  0.188  0.188
 0.850  1.388  0.435  0.219  0.177  0.184  0.184
 0.852  1.376  0.428  0.221  0.176  0.179  0.179
 0.854  1.361  0.419  0.223  0.176  0.175  0.175
 0.856  1.346  0.410  0.224  0.174  0.169  0.169
 0.858  1.332  0.400  0.225  0.171  0.163  0.163
 0.860  1.316  0.390  0.226  0.169  0.156  0.156
 0.862  1.299  0.380  0.226  0.165  0.149  0.149
 0.864  1.283  0.369  0.226  0.161  0.141  0.141
 0.866  1.266  0.357  0.224  0.156  0.132  0.132
 0.868  1.248  0.345  0.224  0.151  0.122  0.122
 0.870  1.231  0.332  0.221  0.145  0.113  0.113
 0.872  1.213  0.319  0.218  0.138  0.101  0.101
 0.874  1.195  0.306  0.213  0.131  0.090  0.090
 0.876  1.178  0.292  0.208  0.123  0.078  0.078
 0.878  1.160  0.278  0.202  0.115  0.064  0.064
 0.880  1.142  0.263  0.195  0.106  0.051  0.051
 0.882  1.123  0.248  0.187  0.096  0.037  0.037
 0.884  1.105  0.233  0.179  0.087  0.022  0.022
 0.886  1.087  0.216  0.170  0.075  0.007  0.007
 0.888  1.070  0.200  0.160  0.064 -0.009 -0.009
 0.890  1.052  0.182  0.150  0.052 -0.025 -0.025
 0.892  1.034  0.166  0.139  0.038 -0.040 -0.040
 0.894  1.017  0.148  0.127  0.025 -0.057 -0.057
 0.896  1.000  0.130  0.115  0.010 -0.073 -0.073
 0.898  0.982  0.112  0.103 -0.005 -0.089 -0.089
 0.900  0.965  0.093  0.089 -0.021 -0.106 -0.106
 0.902  0.948  0.073  0.075 -0.037 -0.122 -0.122
 0.904  0.931  0.054  0.060 -0.054 -0.138 -0.138
 0.906  0.913  0.033  0.044 -0.071 -0.153 -0.153
 0.908  0.896  0.013  0.027 -0.089 -0.169 -0.169
 0.910  0.879 -0.009  0.009 -0.107 -0.184 -0.184
 0.912  0.862 -0.030 -0.010 -0.126 -0.198 -0.198
 0.914  0.845 -0.053 -0.030 -0.144 -0.212 -0.212
 0.916  0.828 -0.075 -0.051 -0.163 -0.225 -0.225
 0.918  0.811 -0.099 -0.072 -0.182 -0.238 -0.238
 0.920  0.794 -0.123 -0.094 -0.201 -0.250 -0.250
 0.922  0.777 -0.147 -0.117 -0.220 -0.262 -0.262
 0.924  0.760 -0.171 -0.140 -0.238 -0.273 -0.273
 0.926  0.744 -0.196 -0.163 -0.257 -0.285 -0.285
 0.928  0.727 -0.221 -0.187 -0.274 -0.295 -0.295
 0.930  0.710 -0.246 -0.209 -0.291 -0.306 -0.306
 0.932  0.693 -0.273 -0.233 -0.308 -0.316 -0.316
 0.934  0.677 -0.298 -0.255 -0.323 -0.325 -0.325
 0.936  0.660 -0.324 -0.278 -0.337 -0.335 -0.335
 0.938  0.644 -0.351 -0.301 -0.351 -0.343 -0.343
 0.940  0.628 -0.376 -0.322 -0.365 -0.353 -0.353
 0.942  0.612 -0.401 -0.343 -0.378 -0.361 -0.361
 0.944  0.597 -0.426 -0.363 -0.390 -0.369 -0.369
 0.946  0.582 -0.451 -0.383 -0.402 -0.376 -0.376
 0.948  0.567 -0.474 -0.402 -0.412 -0.384 -0.384
 0.950  0.554 -0.497 -0.421 -0.423 -0.391 -0.391
 0.952  0.540 -0.518 -0.439 -0.434 -0.397 -0.397
 0.954  0.528 -0.539 -0.455 -0.443 -0.403 -0.403
 0.956  0.515 -0.558 -0.471 -0.453 -0.409 -0.409
 0.958  0.504 -0.577 -0.486 -0.461 -0.413 -0.413
 0.960  0.493 -0.595 -0.500 -0.470 -0.419 -0.419
 0.962  0.482 -0.611 -0.514 -0.477 -0.423 -0.423
 0.964  0.472 -0.626 -0.527 -0.485 -0.426 -0.426
 0.966  0.463 -0.641 -0.538 -0.492 -0.430 -0.430
 0.968  0.454 -0.655 -0.551 -0.498 -0.434 -0.434
 0.970  0.446 -0.668 -0.561 -0.504 -0.437 -0.437
 0.972  0.438 -0.680 -0.571 -0.508 -0.440 -0.440
 0.974  0.430 -0.691 -0.580 -0.513 -0.443 -0.443
 0.976  0.424 -0.703 -0.590 -0.516 -0.446 -0.446
 0.978  0.417 -0.713 -0.597 -0.519 -0.448 -0.448
 0.980  0.411 -0.722 -0.605 -0.522 -0.450 -0.450
 0.982  0.405 -0.730 -0.612 -0.524 -0.452 -0.452
 0.984  0.401 -0.738 -0.618 -0.525 -0.454 -0.454
 0.986  0.396 -0.746 -0.623 -0.527 -0.456 -0.456
 0.988  0.393 -0.751 -0.628 -0.528 -0.458 -0.458
 0.990  0.390 -0.756 -0.632 -0.529 -0.459 -0.459
 0.992  0.387 -0.759 -0.636 -0.529 -0.459 -0.459
 0.994  0.385 -0.762 -0.638 -0.530 -0.460 -0.460
 0.996  0.384 -0.763 -0.640 -0.530 -0.461 -0.461
 0.998  0.383 -0.764 -0.642 -0.530 -0.461 -0.461
