# IsPeriodic    : True
# Period        : 0.630912 days
# Normalization : <g_mag>=0
# 
# Phase u_mag  g_mag  r_mag  i_mag  z_mag  y_mag
 0.000  0.678 -0.345 -0.448 -0.456 -0.440 -0.440
 0.002  0.678 -0.345 -0.448 -0.456 -0.440 -0.440
 0.004  0.678 -0.345 -0.447 -0.456 -0.440 -0.440
 0.006  0.679 -0.344 -0.447 -0.456 -0.439 -0.439
 0.008  0.679 -0.344 -0.447 -0.455 -0.439 -0.439
 0.010  0.680 -0.344 -0.446 -0.455 -0.439 -0.439
 0.012  0.681 -0.343 -0.446 -0.455 -0.439 -0.439
 0.014  0.682 -0.342 -0.445 -0.455 -0.438 -0.438
 0.016  0.683 -0.341 -0.445 -0.455 -0.438 -0.438
 0.018  0.684 -0.341 -0.444 -0.454 -0.437 -0.437
 0.020  0.685 -0.340 -0.443 -0.454 -0.437 -0.437
 0.022  0.686 -0.339 -0.442 -0.453 -0.437 -0.437
 0.024  0.688 -0.337 -0.442 -0.453 -0.436 -0.436
 0.026  0.689 -0.336 -0.440 -0.453 -0.436 -0.436
 0.028  0.691 -0.335 -0.439 -0.452 -0.435 -0.435
 0.030  0.692 -0.333 -0.439 -0.452 -0.434 -0.434
 0.032  0.694 -0.332 -0.437 -0.451 -0.434 -0.434
 0.034  0.696 -0.330 -0.436 -0.450 -0.434 -0.434
 0.036  0.698 -0.329 -0.435 -0.450 -0.433 -0.433
 0.038  0.700 -0.327 -0.434 -0.449 -0.432 -0.432
 0.040  0.701 -0.324 -0.433 -0.448 -0.432 -0.432
 0.042  0.704 -0.323 -0.431 -0.447 -0.431 -0.431
 0.044  0.706 -0.320 -0.430 -0.446 -0.431 -0.431
 0.046  0.708 -0.318 -0.429 -0.445 -0.430 -0.430
 0.048  0.710 -0.316 -0.427 -0.444 -0.430 -0.430
 0.050  0.713 -0.313 -0.425 -0.443 -0.429 -0.429
 0.052  0.715 -0.311 -0.424 -0.442 -0.428 -0.428
 0.054  0.718 -0.308 -0.422 -0.441 -0.428 -0.428
 0.056  0.720 -0.305 -0.420 -0.440 -0.427 -0.427
 0.058  0.723 -0.303 -0.419 -0.439 -0.426 -0.426
 0.060  0.726 -0.300 -0.417 -0.438 -0.425 -0.425
 0.062  0.729 -0.296 -0.415 -0.437 -0.425 -0.425
 0.064  0.732 -0.293 -0.413 -0.436 -0.424 -0.424
 0.066  0.735 -0.291 -0.411 -0.434 -0.423 -0.423
 0.068  0.738 -0.287 -0.409 -0.433 -0.422 -0.422
 0.070  0.741 -0.284 -0.407 -0.431 -0.421 -0.421
 0.072  0.745 -0.281 -0.404 -0.430 -0.420 -0.420
 0.074  0.748 -0.277 -0.402 -0.429 -0.420 -0.420
 0.076  0.751 -0.274 -0.400 -0.427 -0.419 -0.419
 0.078  0.754 -0.270 -0.398 -0.426 -0.418 -0.418
 0.080  0.758 -0.267 -0.395 -0.424 -0.417 -0.417
 0.082  0.761 -0.263 -0.393 -0.423 -0.416 -0.416
 0.084  0.764 -0.260 -0.391 -0.422 -0.415 -0.415
 0.086  0.767 -0.257 -0.388 -0.420 -0.415 -0.415
 0.088  0.770 -0.253 -0.386 -0.419 -0.414 -0.414
 0.090  0.773 -0.250 -0.384 -0.418 -0.413 -0.413
 0.092  0.776 -0.247 -0.382 -0.417 -0.412 -0.412
 0.094  0.779 -0.244 -0.380 -0.415 -0.411 -0.411
 0.096  0.782 -0.241 -0.378 -0.414 -0.411 -0.411
 0.098  0.785 -0.238 -0.376 -0.413 -0.410 -0.410
 0.100  0.787 -0.235 -0.374 -0.412 -0.409 -0.409
 0.102  0.790 -0.232 -0.373 -0.411 -0.408 -0.408
 0.104  0.793 -0.229 -0.371 -0.410 -0.408 -0.408
 0.106  0.795 -0.227 -0.369 -0.409 -0.407 -0.407
 0.108  0.798 -0.224 -0.367 -0.408 -0.406 -0.406
 0.110  0.800 -0.221 -0.366 -0.407 -0.406 -0.406
 0.112  0.802 -0.218 -0.364 -0.405 -0.405 -0.405
 0.114  0.805 -0.216 -0.362 -0.404 -0.404 -0.404
 0.116  0.807 -0.213 -0.361 -0.404 -0.404 -0.404
 0.118  0.809 -0.210 -0.359 -0.403 -0.403 -0.403
 0.120  0.811 -0.207 -0.358 -0.402 -0.402 -0.402
 0.122  0.814 -0.205 -0.356 -0.401 -0.402 -0.402
 0.124  0.816 -0.203 -0.355 -0.400 -0.401 -0.401
 0.126  0.818 -0.200 -0.354 -0.399 -0.401 -0.401
 0.128  0.820 -0.198 -0.352 -0.399 -0.400 -0.400
 0.130  0.822 -0.196 -0.351 -0.398 -0.399 -0.399
 0.132  0.824 -0.193 -0.350 -0.397 -0.399 -0.399
 0.134  0.825 -0.191 -0.349 -0.396 -0.398 -0.398
 0.136  0.827 -0.189 -0.347 -0.396 -0.398 -0.398
 0.138  0.829 -0.187 -0.346 -0.395 -0.397 -0.397
 0.140  0.830 -0.185 -0.345 -0.394 -0.397 -0.397
 0.142  0.832 -0.182 -0.344 -0.393 -0.396 -0.396
 0.144  0.833 -0.181 -0.343 -0.393 -0.396 -0.396
 0.146  0.835 -0.178 -0.342 -0.392 -0.395 -0.395
 0.148  0.837 -0.176 -0.341 -0.391 -0.395 -0.395
 0.150  0.838 -0.174 -0.341 -0.391 -0.394 -0.394
 0.152  0.840 -0.172 -0.339 -0.390 -0.394 -0.394
 0.154  0.841 -0.169 -0.338 -0.390 -0.393 -0.393
 0.156  0.843 -0.168 -0.338 -0.389 -0.393 -0.393
 0.158  0.844 -0.165 -0.337 -0.388 -0.393 -0.393
 0.160  0.846 -0.163 -0.336 -0.388 -0.392 -0.392
 0.162  0.847 -0.161 -0.335 -0.387 -0.392 -0.392
 0.164  0.849 -0.159 -0.334 -0.386 -0.391 -0.391
 0.166  0.850 -0.157 -0.333 -0.386 -0.391 -0.391
 0.168  0.852 -0.154 -0.332 -0.385 -0.390 -0.390
 0.170  0.854 -0.152 -0.331 -0.384 -0.390 -0.390
 0.172  0.855 -0.149 -0.329 -0.384 -0.389 -0.389
 0.174  0.857 -0.147 -0.328 -0.383 -0.389 -0.389
 0.176  0.859 -0.145 -0.327 -0.382 -0.388 -0.388
 0.178  0.860 -0.142 -0.326 -0.381 -0.388 -0.388
 0.180  0.862 -0.140 -0.325 -0.380 -0.387 -0.387
 0.182  0.863 -0.138 -0.323 -0.380 -0.387 -0.387
 0.184  0.865 -0.135 -0.322 -0.379 -0.386 -0.386
 0.186  0.866 -0.133 -0.321 -0.378 -0.386 -0.386
 0.188  0.868 -0.131 -0.319 -0.377 -0.385 -0.385
 0.190  0.870 -0.128 -0.318 -0.376 -0.385 -0.385
 0.192  0.871 -0.125 -0.316 -0.376 -0.385 -0.385
 0.194  0.873 -0.123 -0.315 -0.375 -0.384 -0.384
 0.196  0.874 -0.121 -0.314 -0.374 -0.384 -0.384
 0.198  0.876 -0.118 -0.313 -0.373 -0.383 -0.383
 0.200  0.877 -0.116 -0.311 -0.372 -0.383 -0.383
 0.202  0.879 -0.113 -0.310 -0.371 -0.382 -0.382
 0.204  0.881 -0.110 -0.308 -0.371 -0.382 -0.382
 0.206  0.883 -0.108 -0.306 -0.370 -0.381 -0.381
 0.208  0.884 -0.105 -0.305 -0.369 -0.381 -0.381
 0.210  0.886 -0.103 -0.303 -0.368 -0.380 -0.380
 0.212  0.887 -0.100 -0.301 -0.367 -0.380 -0.380
 0.214  0.889 -0.097 -0.300 -0.366 -0.379 -0.379
 0.216  0.891 -0.094 -0.298 -0.365 -0.379 -0.379
 0.218  0.893 -0.092 -0.296 -0.365 -0.378 -0.378
 0.220  0.894 -0.089 -0.294 -0.364 -0.378 -0.378
 0.222  0.896 -0.087 -0.293 -0.363 -0.378 -0.378
 0.224  0.897 -0.085 -0.291 -0.362 -0.377 -0.377
 0.226  0.899 -0.082 -0.289 -0.361 -0.377 -0.377
 0.228  0.901 -0.079 -0.288 -0.360 -0.376 -0.376
 0.230  0.903 -0.077 -0.286 -0.359 -0.376 -0.376
 0.232  0.904 -0.075 -0.284 -0.358 -0.375 -0.375
 0.234  0.906 -0.072 -0.283 -0.357 -0.375 -0.375
 0.236  0.907 -0.069 -0.281 -0.356 -0.374 -0.374
 0.238  0.909 -0.067 -0.279 -0.355 -0.374 -0.374
 0.240  0.910 -0.065 -0.278 -0.355 -0.374 -0.374
 0.242  0.912 -0.062 -0.276 -0.354 -0.373 -0.373
 0.244  0.913 -0.061 -0.275 -0.353 -0.373 -0.373
 0.246  0.915 -0.058 -0.273 -0.352 -0.372 -0.372
 0.248  0.916 -0.056 -0.272 -0.351 -0.372 -0.372
 0.250  0.918 -0.053 -0.270 -0.350 -0.371 -0.371
 0.252  0.919 -0.051 -0.269 -0.349 -0.371 -0.371
 0.254  0.921 -0.049 -0.267 -0.348 -0.371 -0.371
 0.256  0.922 -0.047 -0.266 -0.347 -0.370 -0.370
 0.258  0.923 -0.045 -0.264 -0.347 -0.370 -0.370
 0.260  0.925 -0.043 -0.263 -0.346 -0.369 -0.369
 0.262  0.926 -0.041 -0.262 -0.345 -0.369 -0.369
 0.264  0.928 -0.039 -0.260 -0.344 -0.369 -0.369
 0.266  0.929 -0.037 -0.259 -0.343 -0.368 -0.368
 0.268  0.930 -0.035 -0.257 -0.342 -0.368 -0.368
 0.270  0.931 -0.033 -0.256 -0.341 -0.367 -0.367
 0.272  0.933 -0.031 -0.255 -0.340 -0.367 -0.367
 0.274  0.934 -0.029 -0.253 -0.339 -0.366 -0.366
 0.276  0.935 -0.027 -0.252 -0.339 -0.366 -0.366
 0.278  0.937 -0.025 -0.251 -0.338 -0.366 -0.366
 0.280  0.938 -0.024 -0.250 -0.337 -0.365 -0.365
 0.282  0.939 -0.022 -0.249 -0.336 -0.365 -0.365
 0.284  0.940 -0.020 -0.247 -0.335 -0.365 -0.365
 0.286  0.942 -0.018 -0.246 -0.334 -0.364 -0.364
 0.288  0.943 -0.017 -0.245 -0.333 -0.364 -0.364
 0.290  0.944 -0.015 -0.244 -0.333 -0.363 -0.363
 0.292  0.945 -0.013 -0.243 -0.332 -0.363 -0.363
 0.294  0.947 -0.011 -0.241 -0.331 -0.363 -0.363
 0.296  0.948 -0.010 -0.240 -0.330 -0.362 -0.362
 0.298  0.949 -0.008 -0.239 -0.329 -0.362 -0.362
 0.300  0.950 -0.006 -0.238 -0.328 -0.362 -0.362
 0.302  0.951 -0.004 -0.237 -0.327 -0.361 -0.361
 0.304  0.953 -0.003 -0.236 -0.326 -0.361 -0.361
 0.306  0.954 -0.001 -0.234 -0.325 -0.360 -0.360
 0.308  0.955  0.001 -0.234 -0.324 -0.360 -0.360
 0.310  0.956  0.003 -0.232 -0.323 -0.360 -0.360
 0.312  0.957  0.004 -0.231 -0.322 -0.359 -0.359
 0.314  0.959  0.006 -0.230 -0.321 -0.359 -0.359
 0.316  0.960  0.008 -0.228 -0.320 -0.359 -0.359
 0.318  0.961  0.010 -0.227 -0.319 -0.358 -0.358
 0.320  0.962  0.011 -0.226 -0.318 -0.358 -0.358
 0.322  0.963  0.014 -0.224 -0.317 -0.357 -0.357
 0.324  0.965  0.016 -0.223 -0.316 -0.357 -0.357
 0.326  0.966  0.017 -0.222 -0.315 -0.357 -0.357
 0.328  0.967  0.019 -0.221 -0.314 -0.356 -0.356
 0.330  0.968  0.021 -0.219 -0.313 -0.356 -0.356
 0.332  0.969  0.023 -0.218 -0.312 -0.356 -0.356
 0.334  0.971  0.025 -0.217 -0.311 -0.355 -0.355
 0.336  0.972  0.027 -0.215 -0.310 -0.355 -0.355
 0.338  0.973  0.028 -0.214 -0.309 -0.355 -0.355
 0.340  0.974  0.030 -0.213 -0.308 -0.354 -0.354
 0.342  0.975  0.033 -0.212 -0.307 -0.354 -0.354
 0.344  0.977  0.034 -0.210 -0.306 -0.354 -0.354
 0.346  0.978  0.036 -0.209 -0.305 -0.353 -0.353
 0.348  0.979  0.038 -0.207 -0.304 -0.353 -0.353
 0.350  0.980  0.040 -0.206 -0.303 -0.352 -0.352
 0.352  0.981  0.042 -0.205 -0.301 -0.352 -0.352
 0.354  0.983  0.044 -0.203 -0.300 -0.352 -0.352
 0.356  0.984  0.046 -0.202 -0.299 -0.351 -0.351
 0.358  0.985  0.048 -0.200 -0.298 -0.351 -0.351
 0.360  0.986  0.050 -0.199 -0.297 -0.351 -0.351
 0.362  0.987  0.052 -0.197 -0.296 -0.350 -0.350
 0.364  0.988  0.054 -0.196 -0.295 -0.350 -0.350
 0.366  0.990  0.056 -0.194 -0.293 -0.350 -0.350
 0.368  0.991  0.058 -0.193 -0.292 -0.349 -0.349
 0.370  0.992  0.059 -0.192 -0.291 -0.349 -0.349
 0.372  0.993  0.061 -0.190 -0.290 -0.348 -0.348
 0.374  0.994  0.063 -0.189 -0.289 -0.348 -0.348
 0.376  0.995  0.065 -0.187 -0.288 -0.348 -0.348
 0.378  0.997  0.066 -0.186 -0.287 -0.347 -0.347
 0.380  0.998  0.068 -0.185 -0.286 -0.347 -0.347
 0.382  0.999  0.070 -0.183 -0.285 -0.347 -0.347
 0.384  1.000  0.072 -0.182 -0.284 -0.346 -0.346
 0.386  1.001  0.074 -0.180 -0.283 -0.346 -0.346
 0.388  1.002  0.075 -0.179 -0.282 -0.345 -0.345
 0.390  1.003  0.077 -0.178 -0.281 -0.345 -0.345
 0.392  1.004  0.078 -0.177 -0.280 -0.345 -0.345
 0.394  1.006  0.080 -0.175 -0.279 -0.344 -0.344
 0.396  1.006  0.082 -0.174 -0.278 -0.344 -0.344
 0.398  1.008  0.083 -0.173 -0.277 -0.343 -0.343
 0.400  1.009  0.085 -0.171 -0.276 -0.343 -0.343
 0.402  1.010  0.086 -0.170 -0.275 -0.343 -0.343
 0.404  1.011  0.088 -0.169 -0.274 -0.342 -0.342
 0.406  1.012  0.089 -0.168 -0.273 -0.342 -0.342
 0.408  1.013  0.091 -0.166 -0.273 -0.341 -0.341
 0.410  1.014  0.092 -0.165 -0.272 -0.341 -0.341
 0.412  1.015  0.093 -0.164 -0.271 -0.341 -0.341
 0.414  1.016  0.095 -0.163 -0.270 -0.340 -0.340
 0.416  1.017  0.096 -0.161 -0.269 -0.340 -0.340
 0.418  1.019  0.098 -0.161 -0.268 -0.339 -0.339
 0.420  1.019  0.099 -0.159 -0.267 -0.339 -0.339
 0.422  1.021  0.100 -0.158 -0.267 -0.339 -0.339
 0.424  1.022  0.102 -0.157 -0.266 -0.338 -0.338
 0.426  1.022  0.103 -0.156 -0.265 -0.338 -0.338
 0.428  1.024  0.105 -0.155 -0.264 -0.337 -0.337
 0.430  1.025  0.106 -0.154 -0.263 -0.337 -0.337
 0.432  1.025  0.107 -0.152 -0.262 -0.336 -0.336
 0.434  1.027  0.108 -0.152 -0.262 -0.336 -0.336
 0.436  1.028  0.109 -0.150 -0.261 -0.336 -0.336
 0.438  1.028  0.110 -0.149 -0.260 -0.335 -0.335
 0.440  1.030  0.112 -0.148 -0.259 -0.335 -0.335
 0.442  1.031  0.113 -0.147 -0.259 -0.334 -0.334
 0.444  1.031  0.114 -0.146 -0.258 -0.334 -0.334
 0.446  1.032  0.115 -0.145 -0.257 -0.333 -0.333
 0.448  1.033  0.116 -0.144 -0.257 -0.333 -0.333
 0.450  1.035  0.117 -0.143 -0.256 -0.333 -0.333
 0.452  1.035  0.119 -0.142 -0.255 -0.332 -0.332
 0.454  1.036  0.120 -0.141 -0.254 -0.332 -0.332
 0.456  1.037  0.121 -0.140 -0.254 -0.331 -0.331
 0.458  1.038  0.122 -0.139 -0.253 -0.331 -0.331
 0.460  1.039  0.123 -0.139 -0.252 -0.331 -0.331
 0.462  1.040  0.124 -0.138 -0.251 -0.330 -0.330
 0.464  1.041  0.126 -0.137 -0.251 -0.330 -0.330
 0.466  1.041  0.127 -0.136 -0.250 -0.330 -0.330
 0.468  1.042  0.127 -0.135 -0.249 -0.329 -0.329
 0.470  1.043  0.129 -0.134 -0.249 -0.329 -0.329
 0.472  1.044  0.130 -0.133 -0.248 -0.328 -0.328
 0.474  1.045  0.131 -0.133 -0.247 -0.328 -0.328
 0.476  1.045  0.132 -0.132 -0.247 -0.328 -0.328
 0.478  1.046  0.133 -0.131 -0.246 -0.327 -0.327
 0.480  1.047  0.134 -0.130 -0.245 -0.327 -0.327
 0.482  1.048  0.135 -0.130 -0.245 -0.327 -0.327
 0.484  1.048  0.136 -0.129 -0.244 -0.326 -0.326
 0.486  1.049  0.137 -0.128 -0.243 -0.326 -0.326
 0.488  1.050  0.138 -0.127 -0.243 -0.326 -0.326
 0.490  1.051  0.139 -0.127 -0.242 -0.325 -0.325
 0.492  1.051  0.140 -0.126 -0.242 -0.325 -0.325
 0.494  1.052  0.141 -0.126 -0.241 -0.325 -0.325
 0.496  1.053  0.141 -0.125 -0.241 -0.324 -0.324
 0.498  1.053  0.143 -0.124 -0.240 -0.324 -0.324
 0.500  1.054  0.144 -0.124 -0.239 -0.324 -0.324
 0.502  1.055  0.144 -0.123 -0.239 -0.324 -0.324
 0.504  1.056  0.146 -0.123 -0.238 -0.323 -0.323
 0.506  1.056  0.146 -0.122 -0.238 -0.323 -0.323
 0.508  1.057  0.147 -0.121 -0.237 -0.323 -0.323
 0.510  1.057  0.148 -0.121 -0.237 -0.322 -0.322
 0.512  1.058  0.148 -0.120 -0.236 -0.322 -0.322
 0.514  1.059  0.150 -0.120 -0.235 -0.322 -0.322
 0.516  1.059  0.150 -0.119 -0.235 -0.321 -0.321
 0.518  1.060  0.151 -0.119 -0.234 -0.321 -0.321
 0.520  1.060  0.151 -0.118 -0.234 -0.321 -0.321
 0.522  1.060  0.152 -0.118 -0.233 -0.321 -0.321
 0.524  1.061  0.153 -0.117 -0.233 -0.320 -0.320
 0.526  1.061  0.153 -0.117 -0.232 -0.320 -0.320
 0.528  1.062  0.154 -0.116 -0.231 -0.320 -0.320
 0.530  1.062  0.154 -0.116 -0.231 -0.320 -0.320
 0.532  1.063  0.155 -0.115 -0.230 -0.319 -0.319
 0.534  1.063  0.155 -0.115 -0.230 -0.319 -0.319
 0.536  1.063  0.156 -0.114 -0.229 -0.319 -0.319
 0.538  1.064  0.157 -0.114 -0.229 -0.319 -0.319
 0.540  1.064  0.157 -0.113 -0.228 -0.318 -0.318
 0.542  1.064  0.157 -0.113 -0.228 -0.318 -0.318
 0.544  1.065  0.158 -0.112 -0.227 -0.318 -0.318
 0.546  1.065  0.158 -0.112 -0.226 -0.318 -0.318
 0.548  1.065  0.158 -0.111 -0.226 -0.318 -0.318
 0.550  1.065  0.158 -0.111 -0.225 -0.317 -0.317
 0.552  1.066  0.159 -0.111 -0.225 -0.317 -0.317
 0.554  1.066  0.159 -0.110 -0.224 -0.317 -0.317
 0.556  1.066  0.159 -0.110 -0.224 -0.317 -0.317
 0.558  1.066  0.160 -0.109 -0.224 -0.317 -0.317
 0.560  1.066  0.160 -0.109 -0.223 -0.316 -0.316
 0.562  1.066  0.160 -0.108 -0.223 -0.316 -0.316
 0.564  1.066  0.160 -0.108 -0.222 -0.316 -0.316
 0.566  1.066  0.160 -0.108 -0.221 -0.316 -0.316
 0.568  1.066  0.160 -0.107 -0.221 -0.316 -0.316
 0.570  1.066  0.160 -0.107 -0.220 -0.315 -0.315
 0.572  1.066  0.160 -0.106 -0.220 -0.315 -0.315
 0.574  1.066  0.160 -0.106 -0.219 -0.315 -0.315
 0.576  1.066  0.160 -0.105 -0.219 -0.315 -0.315
 0.578  1.066  0.160 -0.105 -0.218 -0.315 -0.315
 0.580  1.066  0.160 -0.105 -0.218 -0.315 -0.315
 0.582  1.066  0.160 -0.104 -0.217 -0.314 -0.314
 0.584  1.066  0.160 -0.104 -0.217 -0.314 -0.314
 0.586  1.066  0.160 -0.103 -0.216 -0.314 -0.314
 0.588  1.066  0.160 -0.103 -0.215 -0.314 -0.314
 0.590  1.066  0.160 -0.102 -0.215 -0.314 -0.314
 0.592  1.066  0.160 -0.102 -0.214 -0.314 -0.314
 0.594  1.066  0.160 -0.101 -0.214 -0.313 -0.313
 0.596  1.066  0.160 -0.101 -0.213 -0.313 -0.313
 0.598  1.066  0.161 -0.100 -0.212 -0.313 -0.313
 0.600  1.066  0.161 -0.100 -0.212 -0.313 -0.313
 0.602  1.066  0.161 -0.099 -0.211 -0.313 -0.313
 0.604  1.066  0.161 -0.099 -0.210 -0.313 -0.313
 0.606  1.066  0.161 -0.098 -0.210 -0.313 -0.313
 0.608  1.066  0.161 -0.098 -0.209 -0.313 -0.313
 0.610  1.066  0.161 -0.098 -0.208 -0.312 -0.312
 0.612  1.066  0.161 -0.097 -0.208 -0.312 -0.312
 0.614  1.066  0.162 -0.096 -0.207 -0.312 -0.312
 0.616  1.066  0.162 -0.096 -0.206 -0.312 -0.312
 0.618  1.066  0.162 -0.095 -0.205 -0.312 -0.312
 0.620  1.066  0.162 -0.095 -0.205 -0.312 -0.312
 0.622  1.066  0.162 -0.094 -0.204 -0.312 -0.312
 0.624  1.066  0.162 -0.094 -0.203 -0.312 -0.312
 0.626  1.066  0.163 -0.093 -0.202 -0.312 -0.312
 0.628  1.066  0.163 -0.092 -0.202 -0.312 -0.312
 0.630  1.066  0.163 -0.092 -0.201 -0.311 -0.311
 0.632  1.066  0.164 -0.092 -0.200 -0.311 -0.311
 0.634  1.066  0.164 -0.091 -0.199 -0.311 -0.311
 0.636  1.066  0.164 -0.090 -0.198 -0.311 -0.311
 0.638  1.066  0.164 -0.090 -0.197 -0.311 -0.311
 0.640  1.066  0.164 -0.089 -0.197 -0.311 -0.311
 0.642  1.066  0.165 -0.089 -0.196 -0.311 -0.311
 0.644  1.066  0.165 -0.088 -0.195 -0.311 -0.311
 0.646  1.066  0.165 -0.088 -0.194 -0.311 -0.311
 0.648  1.066  0.166 -0.087 -0.193 -0.311 -0.311
 0.650  1.066  0.166 -0.086 -0.192 -0.311 -0.311
 0.652  1.066  0.167 -0.086 -0.191 -0.310 -0.310
 0.654  1.066  0.167 -0.085 -0.190 -0.310 -0.310
 0.656  1.066  0.168 -0.084 -0.189 -0.310 -0.310
 0.658  1.066  0.168 -0.083 -0.189 -0.310 -0.310
 0.660  1.066  0.168 -0.082 -0.188 -0.310 -0.310
 0.662  1.066  0.169 -0.082 -0.186 -0.310 -0.310
 0.664  1.065  0.170 -0.081 -0.185 -0.310 -0.310
 0.666  1.065  0.171 -0.080 -0.184 -0.310 -0.310
 0.668  1.065  0.171 -0.079 -0.183 -0.310 -0.310
 0.670  1.065  0.172 -0.078 -0.182 -0.310 -0.310
 0.672  1.065  0.172 -0.077 -0.181 -0.310 -0.310
 0.674  1.065  0.173 -0.076 -0.180 -0.310 -0.310
 0.676  1.065  0.174 -0.075 -0.179 -0.310 -0.310
 0.678  1.065  0.175 -0.074 -0.178 -0.310 -0.310
 0.680  1.065  0.176 -0.073 -0.177 -0.309 -0.309
 0.682  1.064  0.177 -0.072 -0.176 -0.309 -0.309
 0.684  1.064  0.178 -0.070 -0.175 -0.309 -0.309
 0.686  1.064  0.178 -0.069 -0.174 -0.309 -0.309
 0.688  1.064  0.179 -0.068 -0.173 -0.309 -0.309
 0.690  1.064  0.181 -0.067 -0.171 -0.309 -0.309
 0.692  1.064  0.182 -0.065 -0.170 -0.309 -0.309
 0.694  1.064  0.182 -0.064 -0.169 -0.309 -0.309
 0.696  1.063  0.184 -0.062 -0.168 -0.309 -0.309
 0.698  1.063  0.185 -0.060 -0.166 -0.309 -0.309
 0.700  1.063  0.186 -0.059 -0.165 -0.309 -0.309
 0.702  1.063  0.188 -0.057 -0.164 -0.309 -0.309
 0.704  1.063  0.189 -0.056 -0.162 -0.309 -0.309
 0.706  1.063  0.190 -0.054 -0.161 -0.309 -0.309
 0.708  1.063  0.191 -0.053 -0.160 -0.309 -0.309
 0.710  1.062  0.192 -0.051 -0.159 -0.309 -0.309
 0.712  1.062  0.194 -0.049 -0.158 -0.308 -0.308
 0.714  1.062  0.195 -0.048 -0.156 -0.308 -0.308
 0.716  1.062  0.196 -0.045 -0.155 -0.308 -0.308
 0.718  1.062  0.198 -0.044 -0.154 -0.308 -0.308
 0.720  1.061  0.199 -0.042 -0.152 -0.308 -0.308
 0.722  1.061  0.201 -0.040 -0.151 -0.308 -0.308
 0.724  1.061  0.202 -0.038 -0.150 -0.308 -0.308
 0.726  1.061  0.203 -0.036 -0.149 -0.308 -0.308
 0.728  1.061  0.205 -0.035 -0.147 -0.308 -0.308
 0.730  1.061  0.206 -0.033 -0.146 -0.308 -0.308
 0.732  1.061  0.208 -0.032 -0.145 -0.308 -0.308
 0.734  1.061  0.209 -0.030 -0.144 -0.307 -0.307
 0.736  1.061  0.210 -0.029 -0.143 -0.307 -0.307
 0.738  1.061  0.212 -0.027 -0.142 -0.307 -0.307
 0.740  1.061  0.213 -0.026 -0.141 -0.307 -0.307
 0.742  1.061  0.214 -0.025 -0.140 -0.307 -0.307
 0.744  1.061  0.216 -0.024 -0.140 -0.306 -0.306
 0.746  1.061  0.217 -0.023 -0.139 -0.306 -0.306
 0.748  1.061  0.218 -0.022 -0.138 -0.306 -0.306
 0.750  1.061  0.219 -0.021 -0.137 -0.306 -0.306
 0.752  1.061  0.220 -0.020 -0.136 -0.306 -0.306
 0.754  1.062  0.222 -0.019 -0.136 -0.305 -0.305
 0.756  1.062  0.223 -0.019 -0.135 -0.305 -0.305
 0.758  1.062  0.224 -0.018 -0.135 -0.305 -0.305
 0.760  1.062  0.225 -0.018 -0.134 -0.305 -0.305
 0.762  1.063  0.226 -0.017 -0.133 -0.304 -0.304
 0.764  1.063  0.227 -0.017 -0.133 -0.304 -0.304
 0.766  1.063  0.228 -0.016 -0.132 -0.304 -0.304
 0.768  1.063  0.229 -0.016 -0.132 -0.303 -0.303
 0.770  1.064  0.230 -0.016 -0.131 -0.303 -0.303
 0.772  1.064  0.232 -0.016 -0.131 -0.303 -0.303
 0.774  1.065  0.233 -0.016 -0.131 -0.303 -0.303
 0.776  1.065  0.234 -0.016 -0.130 -0.302 -0.302
 0.778  1.066  0.235 -0.016 -0.130 -0.302 -0.302
 0.780  1.066  0.236 -0.016 -0.129 -0.301 -0.301
 0.782  1.066  0.237 -0.016 -0.129 -0.301 -0.301
 0.784  1.067  0.239 -0.017 -0.129 -0.301 -0.301
 0.786  1.068  0.239 -0.017 -0.129 -0.300 -0.300
 0.788  1.068  0.240 -0.018 -0.129 -0.300 -0.300
 0.790  1.069  0.240 -0.019 -0.129 -0.299 -0.299
 0.792  1.069  0.240 -0.019 -0.130 -0.299 -0.299
 0.794  1.070  0.240 -0.020 -0.130 -0.299 -0.299
 0.796  1.071  0.240 -0.021 -0.131 -0.298 -0.298
 0.798  1.072  0.239 -0.022 -0.132 -0.298 -0.298
 0.800  1.072  0.238 -0.024 -0.133 -0.297 -0.297
 0.802  1.073  0.237 -0.025 -0.134 -0.297 -0.297
 0.804  1.074  0.236 -0.027 -0.135 -0.296 -0.296
 0.806  1.075  0.234 -0.029 -0.137 -0.296 -0.296
 0.808  1.075  0.232 -0.031 -0.138 -0.296 -0.296
 0.810  1.076  0.229 -0.033 -0.140 -0.295 -0.295
 0.812  1.077  0.226 -0.036 -0.142 -0.295 -0.295
 0.814  1.078  0.223 -0.038 -0.144 -0.294 -0.294
 0.816  1.079  0.220 -0.041 -0.146 -0.294 -0.294
 0.818  1.080  0.216 -0.045 -0.149 -0.293 -0.293
 0.820  1.081  0.213 -0.048 -0.152 -0.293 -0.293
 0.822  1.082  0.208 -0.052 -0.155 -0.292 -0.292
 0.824  1.083  0.204 -0.056 -0.158 -0.292 -0.292
 0.826  1.084  0.199 -0.060 -0.161 -0.291 -0.291
 0.828  1.085  0.194 -0.064 -0.164 -0.291 -0.291
 0.830  1.086  0.188 -0.068 -0.168 -0.291 -0.291
 0.832  1.088  0.182 -0.073 -0.172 -0.290 -0.290
 0.834  1.088  0.177 -0.078 -0.176 -0.290 -0.290
 0.836  1.090  0.170 -0.083 -0.180 -0.289 -0.289
 0.838  1.091  0.163 -0.088 -0.184 -0.289 -0.289
 0.840  1.092  0.156 -0.093 -0.189 -0.288 -0.288
 0.842  1.094  0.149 -0.099 -0.193 -0.288 -0.288
 0.844  1.095  0.141 -0.105 -0.198 -0.287 -0.287
 0.846  1.096  0.134 -0.111 -0.203 -0.287 -0.287
 0.848  1.097  0.126 -0.117 -0.208 -0.286 -0.286
 0.850  1.099  0.117 -0.123 -0.214 -0.286 -0.286
 0.852  1.101  0.109 -0.130 -0.219 -0.285 -0.285
 0.854  1.102  0.100 -0.137 -0.224 -0.285 -0.285
 0.856  1.104  0.090 -0.144 -0.230 -0.284 -0.284
 0.858  1.105  0.081 -0.151 -0.236 -0.284 -0.284
 0.860  1.106  0.072 -0.159 -0.242 -0.283 -0.283
 0.862  1.107  0.062 -0.166 -0.248 -0.283 -0.283
 0.864  1.108  0.053 -0.174 -0.254 -0.282 -0.282
 0.866  1.109  0.044 -0.181 -0.260 -0.282 -0.282
 0.868  1.109  0.034 -0.189 -0.265 -0.282 -0.282
 0.870  1.108  0.024 -0.196 -0.271 -0.282 -0.282
 0.872  1.108  0.015 -0.204 -0.277 -0.282 -0.282
 0.874  1.107  0.006 -0.211 -0.282 -0.283 -0.283
 0.876  1.105 -0.003 -0.218 -0.288 -0.283 -0.283
 0.878  1.102 -0.012 -0.226 -0.293 -0.284 -0.284
 0.880  1.100 -0.021 -0.233 -0.298 -0.285 -0.285
 0.882  1.097 -0.029 -0.240 -0.303 -0.286 -0.286
 0.884  1.093 -0.038 -0.246 -0.308 -0.287 -0.287
 0.886  1.089 -0.047 -0.253 -0.313 -0.288 -0.288
 0.888  1.085 -0.056 -0.259 -0.318 -0.290 -0.290
 0.890  1.081 -0.064 -0.266 -0.322 -0.291 -0.291
 0.892  1.076 -0.072 -0.272 -0.327 -0.293 -0.293
 0.894  1.070 -0.081 -0.278 -0.332 -0.295 -0.295
 0.896  1.065 -0.089 -0.285 -0.336 -0.297 -0.297
 0.898  1.059 -0.097 -0.291 -0.340 -0.299 -0.299
 0.900  1.053 -0.106 -0.297 -0.345 -0.301 -0.301
 0.902  1.046 -0.114 -0.303 -0.349 -0.303 -0.303
 0.904  1.039 -0.122 -0.308 -0.354 -0.306 -0.306
 0.906  1.031 -0.130 -0.314 -0.358 -0.308 -0.308
 0.908  1.023 -0.138 -0.319 -0.362 -0.311 -0.311
 0.910  1.014 -0.146 -0.325 -0.366 -0.314 -0.314
 0.912  1.005 -0.154 -0.330 -0.370 -0.318 -0.318
 0.914  0.995 -0.162 -0.335 -0.373 -0.321 -0.321
 0.916  0.985 -0.169 -0.340 -0.377 -0.325 -0.325
 0.918  0.974 -0.178 -0.345 -0.381 -0.328 -0.328
 0.920  0.963 -0.185 -0.350 -0.384 -0.332 -0.332
 0.922  0.952 -0.192 -0.355 -0.388 -0.336 -0.336
 0.924  0.940 -0.200 -0.360 -0.391 -0.341 -0.341
 0.926  0.928 -0.207 -0.364 -0.394 -0.345 -0.345
 0.928  0.916 -0.214 -0.368 -0.398 -0.349 -0.349
 0.930  0.905 -0.221 -0.373 -0.401 -0.353 -0.353
 0.932  0.893 -0.228 -0.377 -0.404 -0.358 -0.358
 0.934  0.881 -0.235 -0.381 -0.407 -0.362 -0.362
 0.936  0.869 -0.241 -0.385 -0.410 -0.367 -0.367
 0.938  0.857 -0.248 -0.389 -0.413 -0.371 -0.371
 0.940  0.846 -0.254 -0.392 -0.415 -0.375 -0.375
 0.942  0.834 -0.260 -0.396 -0.418 -0.380 -0.380
 0.944  0.823 -0.266 -0.400 -0.420 -0.384 -0.384
 0.946  0.813 -0.272 -0.403 -0.423 -0.388 -0.388
 0.948  0.802 -0.277 -0.406 -0.425 -0.392 -0.392
 0.950  0.793 -0.282 -0.410 -0.428 -0.396 -0.396
 0.952  0.783 -0.288 -0.413 -0.430 -0.399 -0.399
 0.954  0.774 -0.292 -0.415 -0.432 -0.403 -0.403
 0.956  0.766 -0.297 -0.418 -0.434 -0.406 -0.406
 0.958  0.758 -0.301 -0.421 -0.436 -0.409 -0.409
 0.960  0.750 -0.305 -0.423 -0.437 -0.412 -0.412
 0.962  0.743 -0.309 -0.426 -0.439 -0.414 -0.414
 0.964  0.736 -0.313 -0.428 -0.441 -0.417 -0.417
 0.966  0.730 -0.316 -0.430 -0.443 -0.419 -0.419
 0.968  0.724 -0.320 -0.432 -0.444 -0.422 -0.422
 0.970  0.718 -0.323 -0.434 -0.445 -0.424 -0.424
 0.972  0.713 -0.326 -0.436 -0.447 -0.426 -0.426
 0.974  0.708 -0.328 -0.437 -0.448 -0.428 -0.428
 0.976  0.704 -0.331 -0.439 -0.449 -0.429 -0.429
 0.978  0.699 -0.333 -0.440 -0.450 -0.431 -0.431
 0.980  0.695 -0.335 -0.442 -0.451 -0.433 -0.433
 0.982  0.692 -0.337 -0.443 -0.452 -0.434 -0.434
 0.984  0.689 -0.339 -0.444 -0.453 -0.435 -0.435
 0.986  0.686 -0.340 -0.445 -0.453 -0.437 -0.437
 0.988  0.683 -0.341 -0.445 -0.454 -0.437 -0.437
 0.990  0.681 -0.343 -0.446 -0.454 -0.438 -0.438
 0.992  0.680 -0.344 -0.447 -0.455 -0.439 -0.439
 0.994  0.679 -0.344 -0.447 -0.455 -0.439 -0.439
 0.996  0.678 -0.344 -0.448 -0.455 -0.440 -0.440
 0.998  0.677 -0.345 -0.448 -0.456 -0.440 -0.440
