# IsPeriodic    : True
# Period        : 0.589899 days
# Normalization : <g_mag>=0
# 
# Phase u_mag  g_mag  r_mag  i_mag  z_mag  y_mag
 0.000  0.390 -0.659 -0.617 -0.538 -0.459 -0.459
 0.002  0.391 -0.660 -0.617 -0.538 -0.459 -0.459
 0.004  0.392 -0.659 -0.617 -0.537 -0.458 -0.458
 0.006  0.393 -0.658 -0.617 -0.536 -0.457 -0.457
 0.008  0.395 -0.657 -0.616 -0.536 -0.456 -0.456
 0.010  0.398 -0.655 -0.615 -0.536 -0.455 -0.455
 0.012  0.400 -0.652 -0.615 -0.535 -0.453 -0.453
 0.014  0.403 -0.650 -0.614 -0.535 -0.451 -0.451
 0.016  0.407 -0.648 -0.613 -0.533 -0.449 -0.449
 0.018  0.411 -0.645 -0.612 -0.533 -0.447 -0.447
 0.020  0.414 -0.642 -0.611 -0.532 -0.444 -0.444
 0.022  0.418 -0.639 -0.609 -0.531 -0.442 -0.442
 0.024  0.422 -0.636 -0.608 -0.530 -0.440 -0.440
 0.026  0.426 -0.633 -0.606 -0.529 -0.437 -0.437
 0.028  0.430 -0.630 -0.604 -0.527 -0.435 -0.435
 0.030  0.434 -0.626 -0.602 -0.526 -0.433 -0.433
 0.032  0.437 -0.623 -0.601 -0.524 -0.431 -0.431
 0.034  0.441 -0.619 -0.598 -0.522 -0.429 -0.429
 0.036  0.446 -0.616 -0.596 -0.520 -0.427 -0.427
 0.038  0.450 -0.611 -0.593 -0.518 -0.425 -0.425
 0.040  0.454 -0.607 -0.591 -0.515 -0.423 -0.423
 0.042  0.458 -0.603 -0.588 -0.513 -0.421 -0.421
 0.044  0.463 -0.599 -0.585 -0.511 -0.419 -0.419
 0.046  0.467 -0.594 -0.582 -0.508 -0.417 -0.417
 0.048  0.472 -0.590 -0.579 -0.505 -0.415 -0.415
 0.050  0.477 -0.585 -0.575 -0.502 -0.413 -0.413
 0.052  0.482 -0.580 -0.572 -0.499 -0.411 -0.411
 0.054  0.488 -0.574 -0.568 -0.496 -0.409 -0.409
 0.056  0.493 -0.569 -0.565 -0.493 -0.407 -0.407
 0.058  0.499 -0.563 -0.560 -0.490 -0.405 -0.405
 0.060  0.504 -0.558 -0.557 -0.487 -0.403 -0.403
 0.062  0.510 -0.552 -0.552 -0.484 -0.401 -0.401
 0.064  0.516 -0.546 -0.548 -0.481 -0.399 -0.399
 0.066  0.521 -0.539 -0.544 -0.478 -0.397 -0.397
 0.068  0.527 -0.533 -0.539 -0.474 -0.395 -0.395
 0.070  0.534 -0.527 -0.534 -0.471 -0.393 -0.393
 0.072  0.540 -0.521 -0.530 -0.468 -0.391 -0.391
 0.074  0.546 -0.515 -0.525 -0.465 -0.389 -0.389
 0.076  0.552 -0.508 -0.520 -0.462 -0.387 -0.387
 0.078  0.558 -0.501 -0.516 -0.459 -0.385 -0.385
 0.080  0.566 -0.495 -0.511 -0.456 -0.383 -0.383
 0.082  0.572 -0.488 -0.506 -0.454 -0.382 -0.382
 0.084  0.578 -0.482 -0.501 -0.451 -0.380 -0.380
 0.086  0.584 -0.476 -0.497 -0.448 -0.378 -0.378
 0.088  0.590 -0.470 -0.492 -0.445 -0.376 -0.376
 0.090  0.596 -0.462 -0.489 -0.442 -0.374 -0.374
 0.092  0.602 -0.456 -0.484 -0.440 -0.373 -0.373
 0.094  0.608 -0.450 -0.480 -0.437 -0.371 -0.371
 0.096  0.614 -0.445 -0.476 -0.435 -0.369 -0.369
 0.098  0.619 -0.439 -0.472 -0.433 -0.367 -0.367
 0.100  0.625 -0.433 -0.469 -0.430 -0.366 -0.366
 0.102  0.630 -0.426 -0.465 -0.428 -0.364 -0.364
 0.104  0.636 -0.421 -0.461 -0.425 -0.362 -0.362
 0.106  0.641 -0.415 -0.458 -0.424 -0.360 -0.360
 0.108  0.647 -0.410 -0.454 -0.421 -0.359 -0.359
 0.110  0.653 -0.404 -0.451 -0.419 -0.357 -0.357
 0.112  0.658 -0.399 -0.448 -0.417 -0.356 -0.356
 0.114  0.663 -0.394 -0.444 -0.415 -0.354 -0.354
 0.116  0.668 -0.387 -0.441 -0.413 -0.352 -0.352
 0.118  0.672 -0.382 -0.438 -0.412 -0.351 -0.351
 0.120  0.677 -0.377 -0.435 -0.410 -0.349 -0.349
 0.122  0.682 -0.372 -0.432 -0.408 -0.347 -0.347
 0.124  0.686 -0.367 -0.429 -0.406 -0.346 -0.346
 0.126  0.691 -0.362 -0.426 -0.404 -0.344 -0.344
 0.128  0.695 -0.357 -0.423 -0.403 -0.343 -0.343
 0.130  0.700 -0.352 -0.421 -0.401 -0.342 -0.342
 0.132  0.704 -0.347 -0.418 -0.400 -0.340 -0.340
 0.134  0.708 -0.343 -0.416 -0.398 -0.339 -0.339
 0.136  0.712 -0.338 -0.413 -0.396 -0.337 -0.337
 0.138  0.716 -0.334 -0.411 -0.395 -0.336 -0.336
 0.140  0.720 -0.329 -0.409 -0.393 -0.335 -0.335
 0.142  0.724 -0.325 -0.407 -0.392 -0.333 -0.333
 0.144  0.728 -0.321 -0.404 -0.390 -0.332 -0.332
 0.146  0.732 -0.315 -0.402 -0.389 -0.331 -0.331
 0.148  0.736 -0.311 -0.400 -0.387 -0.329 -0.329
 0.150  0.739 -0.307 -0.398 -0.385 -0.328 -0.328
 0.152  0.743 -0.303 -0.395 -0.384 -0.327 -0.327
 0.154  0.747 -0.299 -0.393 -0.382 -0.326 -0.326
 0.156  0.750 -0.295 -0.391 -0.381 -0.324 -0.324
 0.158  0.754 -0.290 -0.389 -0.379 -0.323 -0.323
 0.160  0.757 -0.286 -0.387 -0.378 -0.322 -0.322
 0.162  0.761 -0.282 -0.384 -0.376 -0.321 -0.321
 0.164  0.764 -0.277 -0.382 -0.375 -0.319 -0.319
 0.166  0.768 -0.273 -0.380 -0.373 -0.318 -0.318
 0.168  0.771 -0.269 -0.378 -0.371 -0.317 -0.317
 0.170  0.775 -0.265 -0.375 -0.369 -0.316 -0.316
 0.172  0.778 -0.261 -0.372 -0.368 -0.315 -0.315
 0.174  0.782 -0.257 -0.370 -0.366 -0.313 -0.313
 0.176  0.786 -0.253 -0.368 -0.364 -0.312 -0.312
 0.178  0.789 -0.249 -0.365 -0.363 -0.311 -0.311
 0.180  0.793 -0.245 -0.363 -0.361 -0.310 -0.310
 0.182  0.797 -0.240 -0.360 -0.360 -0.308 -0.308
 0.184  0.800 -0.236 -0.357 -0.358 -0.307 -0.307
 0.186  0.804 -0.232 -0.355 -0.356 -0.306 -0.306
 0.188  0.809 -0.228 -0.352 -0.355 -0.304 -0.304
 0.190  0.812 -0.224 -0.350 -0.353 -0.303 -0.303
 0.192  0.816 -0.220 -0.347 -0.351 -0.302 -0.302
 0.194  0.820 -0.216 -0.345 -0.349 -0.301 -0.301
 0.196  0.823 -0.212 -0.342 -0.348 -0.299 -0.299
 0.198  0.827 -0.208 -0.339 -0.346 -0.297 -0.297
 0.200  0.831 -0.203 -0.337 -0.345 -0.296 -0.296
 0.202  0.834 -0.199 -0.334 -0.343 -0.295 -0.295
 0.204  0.838 -0.195 -0.331 -0.341 -0.294 -0.294
 0.206  0.842 -0.191 -0.328 -0.339 -0.292 -0.292
 0.208  0.846 -0.187 -0.325 -0.337 -0.291 -0.291
 0.210  0.849 -0.183 -0.322 -0.336 -0.290 -0.290
 0.212  0.853 -0.179 -0.319 -0.334 -0.288 -0.288
 0.214  0.857 -0.175 -0.316 -0.333 -0.287 -0.287
 0.216  0.861 -0.171 -0.314 -0.331 -0.285 -0.285
 0.218  0.865 -0.167 -0.311 -0.329 -0.284 -0.284
 0.220  0.868 -0.163 -0.308 -0.327 -0.283 -0.283
 0.222  0.872 -0.159 -0.305 -0.326 -0.281 -0.281
 0.224  0.876 -0.155 -0.302 -0.324 -0.280 -0.280
 0.226  0.880 -0.151 -0.300 -0.322 -0.279 -0.279
 0.228  0.883 -0.147 -0.297 -0.321 -0.277 -0.277
 0.230  0.888 -0.144 -0.295 -0.319 -0.276 -0.276
 0.232  0.892 -0.140 -0.292 -0.318 -0.275 -0.275
 0.234  0.896 -0.136 -0.290 -0.316 -0.273 -0.273
 0.236  0.899 -0.133 -0.287 -0.314 -0.272 -0.272
 0.238  0.903 -0.128 -0.284 -0.312 -0.271 -0.271
 0.240  0.907 -0.125 -0.281 -0.311 -0.269 -0.269
 0.242  0.910 -0.121 -0.279 -0.309 -0.268 -0.268
 0.244  0.914 -0.118 -0.277 -0.307 -0.267 -0.267
 0.246  0.917 -0.114 -0.275 -0.306 -0.265 -0.265
 0.248  0.921 -0.111 -0.272 -0.304 -0.264 -0.264
 0.250  0.925 -0.107 -0.269 -0.303 -0.263 -0.263
 0.252  0.928 -0.104 -0.267 -0.301 -0.262 -0.262
 0.254  0.932 -0.101 -0.265 -0.300 -0.260 -0.260
 0.256  0.935 -0.097 -0.263 -0.298 -0.259 -0.259
 0.258  0.939 -0.093 -0.261 -0.297 -0.258 -0.258
 0.260  0.942 -0.090 -0.258 -0.295 -0.257 -0.257
 0.262  0.945 -0.087 -0.256 -0.293 -0.255 -0.255
 0.264  0.949 -0.084 -0.255 -0.292 -0.254 -0.254
 0.266  0.952 -0.081 -0.252 -0.290 -0.253 -0.253
 0.268  0.956 -0.078 -0.250 -0.289 -0.252 -0.252
 0.270  0.959 -0.075 -0.248 -0.287 -0.251 -0.251
 0.272  0.962 -0.072 -0.246 -0.285 -0.249 -0.249
 0.274  0.967 -0.069 -0.244 -0.284 -0.248 -0.248
 0.276  0.970 -0.066 -0.243 -0.282 -0.247 -0.247
 0.278  0.973 -0.063 -0.240 -0.281 -0.245 -0.245
 0.280  0.977 -0.060 -0.239 -0.279 -0.244 -0.244
 0.282  0.980 -0.056 -0.237 -0.278 -0.243 -0.243
 0.284  0.983 -0.053 -0.235 -0.276 -0.242 -0.242
 0.286  0.986 -0.051 -0.233 -0.274 -0.241 -0.241
 0.288  0.990 -0.048 -0.231 -0.273 -0.240 -0.240
 0.290  0.993 -0.045 -0.230 -0.271 -0.239 -0.239
 0.292  0.996 -0.043 -0.228 -0.270 -0.238 -0.238
 0.294  0.999 -0.040 -0.226 -0.268 -0.236 -0.236
 0.296  1.002 -0.037 -0.224 -0.267 -0.235 -0.235
 0.298  1.005 -0.034 -0.222 -0.265 -0.234 -0.234
 0.300  1.009 -0.032 -0.221 -0.264 -0.233 -0.233
 0.302  1.012 -0.029 -0.219 -0.262 -0.232 -0.232
 0.304  1.015 -0.026 -0.217 -0.261 -0.231 -0.231
 0.306  1.018 -0.024 -0.215 -0.259 -0.230 -0.230
 0.308  1.021 -0.021 -0.214 -0.257 -0.229 -0.229
 0.310  1.024 -0.017 -0.211 -0.256 -0.228 -0.228
 0.312  1.027 -0.014 -0.210 -0.254 -0.227 -0.227
 0.314  1.030 -0.011 -0.208 -0.252 -0.226 -0.226
 0.316  1.033 -0.009 -0.205 -0.251 -0.225 -0.225
 0.318  1.035 -0.006 -0.204 -0.249 -0.223 -0.223
 0.320  1.038 -0.003 -0.202 -0.247 -0.222 -0.222
 0.322  1.041  0.000 -0.199 -0.246 -0.221 -0.221
 0.324  1.044  0.003 -0.198 -0.244 -0.220 -0.220
 0.326  1.048  0.006 -0.196 -0.243 -0.219 -0.219
 0.328  1.051  0.009 -0.193 -0.241 -0.218 -0.218
 0.330  1.053  0.012 -0.192 -0.240 -0.217 -0.217
 0.332  1.056  0.015 -0.190 -0.238 -0.216 -0.216
 0.334  1.059  0.019 -0.187 -0.236 -0.214 -0.214
 0.336  1.062  0.022 -0.185 -0.235 -0.213 -0.213
 0.338  1.064  0.025 -0.184 -0.233 -0.212 -0.212
 0.340  1.067  0.028 -0.181 -0.231 -0.211 -0.211
 0.342  1.070  0.031 -0.179 -0.230 -0.210 -0.210
 0.344  1.072  0.034 -0.177 -0.228 -0.209 -0.209
 0.346  1.075  0.037 -0.175 -0.227 -0.208 -0.208
 0.348  1.078  0.040 -0.173 -0.225 -0.206 -0.206
 0.350  1.080  0.043 -0.170 -0.223 -0.205 -0.205
 0.352  1.083  0.046 -0.169 -0.222 -0.204 -0.204
 0.354  1.085  0.049 -0.167 -0.220 -0.203 -0.203
 0.356  1.088  0.052 -0.164 -0.218 -0.202 -0.202
 0.358  1.090  0.056 -0.162 -0.216 -0.201 -0.201
 0.360  1.093  0.060 -0.160 -0.215 -0.199 -0.199
 0.362  1.095  0.063 -0.158 -0.213 -0.198 -0.198
 0.364  1.098  0.066 -0.155 -0.212 -0.196 -0.196
 0.366  1.100  0.069 -0.153 -0.210 -0.195 -0.195
 0.368  1.103  0.072 -0.151 -0.209 -0.194 -0.194
 0.370  1.105  0.075 -0.149 -0.207 -0.193 -0.193
 0.372  1.107  0.078 -0.146 -0.206 -0.192 -0.192
 0.374  1.110  0.081 -0.144 -0.204 -0.191 -0.191
 0.376  1.112  0.084 -0.142 -0.202 -0.189 -0.189
 0.378  1.115  0.087 -0.140 -0.201 -0.188 -0.188
 0.380  1.117  0.090 -0.138 -0.199 -0.187 -0.187
 0.382  1.120  0.094 -0.136 -0.198 -0.186 -0.186
 0.384  1.122  0.097 -0.134 -0.196 -0.185 -0.185
 0.386  1.125  0.099 -0.132 -0.194 -0.183 -0.183
 0.388  1.128  0.102 -0.130 -0.193 -0.182 -0.182
 0.390  1.131  0.105 -0.128 -0.191 -0.181 -0.181
 0.392  1.133  0.108 -0.126 -0.190 -0.180 -0.180
 0.394  1.136  0.111 -0.124 -0.188 -0.179 -0.179
 0.396  1.138  0.113 -0.122 -0.187 -0.178 -0.178
 0.398  1.141  0.116 -0.120 -0.185 -0.176 -0.176
 0.400  1.143  0.119 -0.118 -0.184 -0.175 -0.175
 0.402  1.146  0.121 -0.116 -0.182 -0.174 -0.174
 0.404  1.148  0.124 -0.114 -0.181 -0.173 -0.173
 0.406  1.151  0.126 -0.112 -0.179 -0.172 -0.172
 0.408  1.153  0.130 -0.110 -0.178 -0.171 -0.171
 0.410  1.156  0.132 -0.108 -0.176 -0.169 -0.169
 0.412  1.158  0.135 -0.106 -0.175 -0.168 -0.168
 0.414  1.161  0.137 -0.104 -0.174 -0.167 -0.167
 0.416  1.163  0.140 -0.102 -0.172 -0.166 -0.166
 0.418  1.166  0.142 -0.100 -0.171 -0.165 -0.165
 0.420  1.168  0.144 -0.099 -0.169 -0.164 -0.164
 0.422  1.171  0.147 -0.096 -0.168 -0.163 -0.163
 0.424  1.173  0.149 -0.095 -0.167 -0.161 -0.161
 0.426  1.176  0.151 -0.093 -0.165 -0.160 -0.160
 0.428  1.178  0.153 -0.091 -0.164 -0.159 -0.159
 0.430  1.181  0.156 -0.089 -0.162 -0.158 -0.158
 0.432  1.183  0.158 -0.088 -0.161 -0.157 -0.157
 0.434  1.186  0.160 -0.086 -0.159 -0.156 -0.156
 0.436  1.188  0.162 -0.084 -0.158 -0.155 -0.155
 0.438  1.191  0.164 -0.082 -0.156 -0.153 -0.153
 0.440  1.193  0.166 -0.081 -0.155 -0.152 -0.152
 0.442  1.196  0.169 -0.079 -0.154 -0.151 -0.151
 0.444  1.198  0.171 -0.077 -0.152 -0.150 -0.150
 0.446  1.200  0.173 -0.076 -0.151 -0.149 -0.149
 0.448  1.203  0.175 -0.074 -0.150 -0.147 -0.147
 0.450  1.205  0.177 -0.073 -0.149 -0.146 -0.146
 0.452  1.208  0.179 -0.071 -0.147 -0.145 -0.145
 0.454  1.210  0.181 -0.070 -0.146 -0.144 -0.144
 0.456  1.212  0.183 -0.068 -0.144 -0.143 -0.143
 0.458  1.214  0.185 -0.067 -0.143 -0.142 -0.142
 0.460  1.216  0.187 -0.065 -0.142 -0.141 -0.141
 0.462  1.218  0.189 -0.064 -0.141 -0.140 -0.140
 0.464  1.220  0.190 -0.062 -0.139 -0.139 -0.139
 0.466  1.222  0.192 -0.061 -0.138 -0.138 -0.138
 0.468  1.224  0.194 -0.059 -0.137 -0.137 -0.137
 0.470  1.226  0.195 -0.058 -0.135 -0.136 -0.136
 0.472  1.227  0.197 -0.057 -0.134 -0.135 -0.135
 0.474  1.229  0.199 -0.055 -0.133 -0.134 -0.134
 0.476  1.231  0.200 -0.054 -0.132 -0.133 -0.133
 0.478  1.232  0.202 -0.053 -0.131 -0.132 -0.132
 0.480  1.234  0.205 -0.052 -0.129 -0.131 -0.131
 0.482  1.236  0.206 -0.050 -0.128 -0.130 -0.130
 0.484  1.237  0.208 -0.050 -0.126 -0.129 -0.129
 0.486  1.238  0.209 -0.048 -0.125 -0.128 -0.128
 0.488  1.240  0.211 -0.047 -0.124 -0.127 -0.127
 0.490  1.241  0.212 -0.046 -0.123 -0.126 -0.126
 0.492  1.242  0.214 -0.045 -0.122 -0.125 -0.125
 0.494  1.244  0.215 -0.044 -0.121 -0.124 -0.124
 0.496  1.245  0.216 -0.043 -0.120 -0.123 -0.123
 0.498  1.246  0.218 -0.042 -0.119 -0.122 -0.122
 0.500  1.247  0.219 -0.041 -0.117 -0.121 -0.121
 0.502  1.248  0.220 -0.040 -0.116 -0.120 -0.120
 0.504  1.249  0.222 -0.039 -0.115 -0.119 -0.119
 0.506  1.250  0.223 -0.038 -0.114 -0.118 -0.118
 0.508  1.251  0.224 -0.037 -0.113 -0.117 -0.117
 0.510  1.252  0.225 -0.036 -0.112 -0.116 -0.116
 0.512  1.253  0.226 -0.035 -0.111 -0.115 -0.115
 0.514  1.254  0.228 -0.035 -0.110 -0.114 -0.114
 0.516  1.255  0.229 -0.033 -0.109 -0.113 -0.113
 0.518  1.256  0.230 -0.032 -0.108 -0.112 -0.112
 0.520  1.257  0.231 -0.032 -0.107 -0.111 -0.111
 0.522  1.258  0.232 -0.031 -0.106 -0.110 -0.110
 0.524  1.258  0.233 -0.030 -0.105 -0.110 -0.110
 0.526  1.259  0.234 -0.029 -0.104 -0.109 -0.109
 0.528  1.260  0.235 -0.028 -0.104 -0.108 -0.108
 0.530  1.261  0.235 -0.027 -0.103 -0.107 -0.107
 0.532  1.262  0.236 -0.026 -0.102 -0.106 -0.106
 0.534  1.262  0.237 -0.026 -0.101 -0.105 -0.105
 0.536  1.263  0.238 -0.025 -0.101 -0.105 -0.105
 0.538  1.264  0.239 -0.023 -0.099 -0.104 -0.104
 0.540  1.265  0.239 -0.023 -0.099 -0.103 -0.103
 0.542  1.265  0.240 -0.022 -0.098 -0.102 -0.102
 0.544  1.266  0.242 -0.021 -0.098 -0.101 -0.101
 0.546  1.267  0.242 -0.020 -0.096 -0.101 -0.101
 0.548  1.268  0.243 -0.020 -0.096 -0.099 -0.099
 0.550  1.268  0.243 -0.019 -0.095 -0.099 -0.099
 0.552  1.269  0.244 -0.017 -0.095 -0.098 -0.098
 0.554  1.270  0.244 -0.017 -0.094 -0.097 -0.097
 0.556  1.270  0.245 -0.016 -0.093 -0.097 -0.097
 0.558  1.271  0.245 -0.015 -0.093 -0.096 -0.096
 0.560  1.271  0.246 -0.014 -0.092 -0.095 -0.095
 0.562  1.272  0.246 -0.014 -0.092 -0.095 -0.095
 0.564  1.273  0.246 -0.013 -0.091 -0.094 -0.094
 0.566  1.273  0.247 -0.012 -0.090 -0.093 -0.093
 0.568  1.274  0.247 -0.011 -0.090 -0.093 -0.093
 0.570  1.274  0.247 -0.011 -0.089 -0.092 -0.092
 0.572  1.275  0.247 -0.010 -0.089 -0.091 -0.091
 0.574  1.275  0.247 -0.009 -0.088 -0.091 -0.091
 0.576  1.276  0.248 -0.009 -0.088 -0.090 -0.090
 0.578  1.276  0.248 -0.008 -0.088 -0.090 -0.090
 0.580  1.277  0.248 -0.007 -0.087 -0.089 -0.089
 0.582  1.277  0.248 -0.006 -0.086 -0.088 -0.088
 0.584  1.278  0.248 -0.006 -0.086 -0.088 -0.088
 0.586  1.278  0.248 -0.005 -0.085 -0.087 -0.087
 0.588  1.279  0.248 -0.004 -0.085 -0.087 -0.087
 0.590  1.279  0.249 -0.003 -0.084 -0.086 -0.086
 0.592  1.279  0.249 -0.003 -0.083 -0.086 -0.086
 0.594  1.280  0.249 -0.003 -0.083 -0.085 -0.085
 0.596  1.280  0.249 -0.002 -0.083 -0.085 -0.085
 0.598  1.280  0.249 -0.001 -0.082 -0.084 -0.084
 0.600  1.281  0.249 -0.001 -0.082 -0.083 -0.083
 0.602  1.281  0.250 -0.000 -0.081 -0.083 -0.083
 0.604  1.281  0.250  0.000 -0.080 -0.082 -0.082
 0.606  1.282  0.250  0.000 -0.080 -0.082 -0.082
 0.608  1.282  0.250  0.001 -0.080 -0.081 -0.081
 0.610  1.282  0.251  0.002 -0.079 -0.081 -0.081
 0.612  1.282  0.251  0.002 -0.079 -0.080 -0.080
 0.614  1.283  0.251  0.003 -0.078 -0.080 -0.080
 0.616  1.283  0.251  0.003 -0.077 -0.079 -0.079
 0.618  1.283  0.252  0.003 -0.077 -0.079 -0.079
 0.620  1.283  0.252  0.003 -0.077 -0.078 -0.078
 0.622  1.283  0.252  0.004 -0.076 -0.078 -0.078
 0.624  1.283  0.253  0.004 -0.076 -0.077 -0.077
 0.626  1.284  0.253  0.005 -0.076 -0.077 -0.077
 0.628  1.284  0.253  0.005 -0.075 -0.076 -0.076
 0.630  1.284  0.254  0.005 -0.074 -0.076 -0.076
 0.632  1.284  0.254  0.006 -0.074 -0.075 -0.075
 0.634  1.284  0.254  0.006 -0.074 -0.075 -0.075
 0.636  1.284  0.255  0.006 -0.073 -0.074 -0.074
 0.638  1.284  0.255  0.006 -0.073 -0.074 -0.074
 0.640  1.284  0.255  0.006 -0.073 -0.073 -0.073
 0.642  1.284  0.256  0.006 -0.072 -0.073 -0.073
 0.644  1.284  0.256  0.007 -0.071 -0.073 -0.073
 0.646  1.284  0.256  0.007 -0.071 -0.072 -0.072
 0.648  1.284  0.257  0.007 -0.071 -0.072 -0.072
 0.650  1.284  0.257  0.007 -0.071 -0.071 -0.071
 0.652  1.284  0.257  0.007 -0.071 -0.071 -0.071
 0.654  1.284  0.258  0.007 -0.070 -0.070 -0.070
 0.656  1.283  0.258  0.007 -0.070 -0.070 -0.070
 0.658  1.283  0.258  0.007 -0.070 -0.069 -0.069
 0.660  1.283  0.258  0.007 -0.070 -0.069 -0.069
 0.662  1.283  0.258  0.007 -0.070 -0.068 -0.068
 0.664  1.283  0.259  0.007 -0.070 -0.068 -0.068
 0.666  1.283  0.259  0.007 -0.069 -0.068 -0.068
 0.668  1.282  0.259  0.007 -0.069 -0.067 -0.067
 0.670  1.282  0.259  0.007 -0.069 -0.067 -0.067
 0.672  1.282  0.259  0.007 -0.069 -0.066 -0.066
 0.674  1.282  0.258  0.007 -0.069 -0.066 -0.066
 0.676  1.281  0.258  0.007 -0.069 -0.066 -0.066
 0.678  1.281  0.258  0.006 -0.069 -0.065 -0.065
 0.680  1.281  0.258  0.006 -0.069 -0.065 -0.065
 0.682  1.280  0.258  0.006 -0.069 -0.065 -0.065
 0.684  1.280  0.257  0.006 -0.069 -0.064 -0.064
 0.686  1.280  0.257  0.006 -0.069 -0.064 -0.064
 0.688  1.279  0.256  0.006 -0.069 -0.064 -0.064
 0.690  1.279  0.256  0.006 -0.069 -0.063 -0.063
 0.692  1.279  0.256  0.005 -0.069 -0.063 -0.063
 0.694  1.278  0.255  0.005 -0.070 -0.063 -0.063
 0.696  1.278  0.255  0.004 -0.070 -0.063 -0.063
 0.698  1.278  0.254  0.004 -0.070 -0.062 -0.062
 0.700  1.277  0.253  0.003 -0.070 -0.062 -0.062
 0.702  1.277  0.253  0.003 -0.070 -0.062 -0.062
 0.704  1.276  0.252  0.003 -0.070 -0.061 -0.061
 0.706  1.276  0.251  0.003 -0.070 -0.061 -0.061
 0.708  1.275  0.251  0.002 -0.070 -0.061 -0.061
 0.710  1.275  0.250  0.001 -0.070 -0.061 -0.061
 0.712  1.274  0.249  0.001 -0.070 -0.060 -0.060
 0.714  1.273  0.248  0.000 -0.070 -0.060 -0.060
 0.716  1.273  0.247  0.000 -0.070 -0.060 -0.060
 0.718  1.272  0.246 -0.000 -0.070 -0.060 -0.060
 0.720  1.272  0.245 -0.000 -0.070 -0.060 -0.060
 0.722  1.271  0.244 -0.000 -0.069 -0.060 -0.060
 0.724  1.271  0.244 -0.001 -0.068 -0.060 -0.060
 0.726  1.271  0.243 -0.001 -0.068 -0.059 -0.059
 0.728  1.271  0.242 -0.000 -0.067 -0.059 -0.059
 0.730  1.271  0.242 -0.000 -0.067 -0.059 -0.059
 0.732  1.271  0.242 -0.000 -0.065 -0.058 -0.058
 0.734  1.271  0.242  0.000 -0.065 -0.058 -0.058
 0.736  1.272  0.242  0.001 -0.064 -0.057 -0.057
 0.738  1.273  0.242  0.001 -0.063 -0.056 -0.056
 0.740  1.274  0.242  0.003 -0.062 -0.055 -0.055
 0.742  1.275  0.242  0.003 -0.061 -0.055 -0.055
 0.744  1.277  0.243  0.004 -0.059 -0.054 -0.054
 0.746  1.278  0.243  0.006 -0.058 -0.052 -0.052
 0.748  1.280  0.244  0.006 -0.057 -0.051 -0.051
 0.750  1.281  0.245  0.008 -0.055 -0.049 -0.049
 0.752  1.283  0.246  0.009 -0.054 -0.048 -0.048
 0.754  1.285  0.247  0.011 -0.052 -0.046 -0.046
 0.756  1.289  0.248  0.012 -0.050 -0.045 -0.045
 0.758  1.291  0.249  0.014 -0.049 -0.043 -0.043
 0.760  1.293  0.250  0.015 -0.047 -0.041 -0.041
 0.762  1.296  0.252  0.018 -0.045 -0.039 -0.039
 0.764  1.299  0.253  0.019 -0.043 -0.037 -0.037
 0.766  1.302  0.255  0.021 -0.041 -0.035 -0.035
 0.768  1.305  0.257  0.024 -0.039 -0.032 -0.032
 0.770  1.309  0.259  0.026 -0.037 -0.030 -0.030
 0.772  1.313  0.261  0.028 -0.035 -0.028 -0.028
 0.774  1.317  0.263  0.031 -0.032 -0.025 -0.025
 0.776  1.321  0.265  0.034 -0.030 -0.022 -0.022
 0.778  1.326  0.268  0.036 -0.028 -0.019 -0.019
 0.780  1.330  0.270  0.039 -0.026 -0.016 -0.016
 0.782  1.335  0.273  0.042 -0.023 -0.013 -0.013
 0.784  1.339  0.276  0.045 -0.021 -0.010 -0.010
 0.786  1.344  0.280  0.048 -0.019 -0.007 -0.007
 0.788  1.349  0.283  0.051 -0.016 -0.003 -0.003
 0.790  1.354  0.285  0.054 -0.014  0.001  0.001
 0.792  1.359  0.288  0.057 -0.011  0.004  0.004
 0.794  1.363  0.291  0.060 -0.009  0.008  0.008
 0.796  1.369  0.294  0.063 -0.007  0.011  0.011
 0.798  1.373  0.297  0.066 -0.004  0.015  0.015
 0.800  1.377  0.300  0.069 -0.001  0.019  0.019
 0.802  1.381  0.303  0.072  0.001  0.022  0.022
 0.804  1.385  0.306  0.074  0.004  0.025  0.025
 0.806  1.389  0.308  0.077  0.006  0.029  0.029
 0.808  1.392  0.311  0.079  0.008  0.032  0.032
 0.810  1.394  0.314  0.082  0.011  0.034  0.034
 0.812  1.397  0.318  0.085  0.013  0.037  0.037
 0.814  1.399  0.320  0.088  0.016  0.039  0.039
 0.816  1.400  0.323  0.090  0.018  0.041  0.041
 0.818  1.401  0.325  0.092  0.020  0.042  0.042
 0.820  1.402  0.328  0.094  0.023  0.044  0.044
 0.822  1.402  0.330  0.097  0.025  0.045  0.045
 0.824  1.402  0.332  0.099  0.028  0.045  0.045
 0.826  1.401  0.335  0.101  0.030  0.046  0.046
 0.828  1.401  0.337  0.103  0.033  0.046  0.046
 0.830  1.400  0.339  0.105  0.035  0.046  0.046
 0.832  1.398  0.341  0.107  0.038  0.046  0.046
 0.834  1.396  0.343  0.109  0.041  0.046  0.046
 0.836  1.394  0.345  0.111  0.044  0.045  0.045
 0.838  1.392  0.347  0.113  0.047  0.044  0.044
 0.840  1.389  0.348  0.115  0.050  0.043  0.043
 0.842  1.386  0.350  0.117  0.053  0.042  0.042
 0.844  1.383  0.352  0.118  0.055  0.041  0.041
 0.846  1.379  0.355  0.120  0.058  0.039  0.039
 0.848  1.375  0.357  0.121  0.059  0.037  0.037
 0.850  1.371  0.358  0.123  0.061  0.035  0.035
 0.852  1.365  0.360  0.124  0.061  0.032  0.032
 0.854  1.360  0.362  0.126  0.062  0.029  0.029
 0.856  1.355  0.364  0.127  0.062  0.026  0.026
 0.858  1.349  0.366  0.128  0.061  0.023  0.023
 0.860  1.343  0.367  0.129  0.060  0.019  0.019
 0.862  1.337  0.368  0.129  0.058  0.016  0.016
 0.864  1.330  0.368  0.129  0.056  0.012  0.012
 0.866  1.323  0.368  0.127  0.053  0.007  0.007
 0.868  1.315  0.367  0.126  0.050  0.003  0.003
 0.870  1.307  0.365  0.124  0.046 -0.002 -0.002
 0.872  1.298  0.362  0.121  0.041 -0.007 -0.007
 0.874  1.289  0.358  0.117  0.036 -0.012 -0.012
 0.876  1.278  0.354  0.113  0.031 -0.017 -0.017
 0.878  1.268  0.347  0.108  0.024 -0.023 -0.023
 0.880  1.257  0.340  0.102  0.017 -0.029 -0.029
 0.882  1.246  0.333  0.095  0.010 -0.034 -0.034
 0.884  1.234  0.325  0.088  0.002 -0.040 -0.040
 0.886  1.222  0.316  0.080 -0.007 -0.047 -0.047
 0.888  1.210  0.305  0.072 -0.016 -0.053 -0.053
 0.890  1.196  0.294  0.063 -0.025 -0.060 -0.060
 0.892  1.182  0.283  0.054 -0.036 -0.067 -0.067
 0.894  1.169  0.270  0.044 -0.047 -0.074 -0.074
 0.896  1.154  0.257  0.033 -0.058 -0.081 -0.081
 0.898  1.140  0.243  0.023 -0.070 -0.088 -0.088
 0.900  1.124  0.228  0.011 -0.083 -0.095 -0.095
 0.902  1.108  0.213 -0.001 -0.096 -0.104 -0.104
 0.904  1.092  0.195 -0.014 -0.110 -0.111 -0.111
 0.906  1.075  0.178 -0.028 -0.124 -0.119 -0.119
 0.908  1.058  0.159 -0.043 -0.139 -0.128 -0.128
 0.910  1.039  0.139 -0.058 -0.154 -0.136 -0.136
 0.912  1.021  0.118 -0.074 -0.170 -0.145 -0.145
 0.914  1.002  0.096 -0.091 -0.186 -0.154 -0.154
 0.916  0.982  0.073 -0.109 -0.202 -0.163 -0.163
 0.918  0.961  0.048 -0.128 -0.219 -0.172 -0.172
 0.920  0.940  0.024 -0.146 -0.236 -0.181 -0.181
 0.922  0.919 -0.002 -0.166 -0.252 -0.190 -0.190
 0.924  0.898 -0.029 -0.186 -0.268 -0.201 -0.201
 0.926  0.875 -0.055 -0.206 -0.284 -0.210 -0.210
 0.928  0.853 -0.083 -0.226 -0.300 -0.221 -0.221
 0.930  0.831 -0.111 -0.246 -0.315 -0.231 -0.231
 0.932  0.809 -0.139 -0.266 -0.330 -0.241 -0.241
 0.934  0.785 -0.166 -0.285 -0.343 -0.252 -0.252
 0.936  0.763 -0.194 -0.305 -0.357 -0.263 -0.263
 0.938  0.741 -0.222 -0.324 -0.370 -0.274 -0.274
 0.940  0.718 -0.250 -0.343 -0.382 -0.285 -0.285
 0.942  0.696 -0.276 -0.360 -0.393 -0.296 -0.296
 0.944  0.675 -0.303 -0.378 -0.404 -0.307 -0.307
 0.946  0.654 -0.329 -0.395 -0.415 -0.318 -0.318
 0.948  0.633 -0.353 -0.411 -0.425 -0.328 -0.328
 0.950  0.614 -0.377 -0.428 -0.434 -0.338 -0.338
 0.952  0.595 -0.400 -0.442 -0.444 -0.347 -0.347
 0.954  0.578 -0.421 -0.457 -0.453 -0.357 -0.357
 0.956  0.561 -0.442 -0.470 -0.461 -0.365 -0.365
 0.958  0.545 -0.460 -0.483 -0.470 -0.373 -0.373
 0.960  0.531 -0.479 -0.495 -0.478 -0.381 -0.381
 0.962  0.517 -0.496 -0.507 -0.485 -0.388 -0.388
 0.964  0.504 -0.513 -0.519 -0.492 -0.395 -0.395
 0.966  0.492 -0.527 -0.528 -0.498 -0.402 -0.402
 0.968  0.479 -0.543 -0.539 -0.504 -0.409 -0.409
 0.970  0.468 -0.556 -0.548 -0.509 -0.414 -0.414
 0.972  0.458 -0.568 -0.557 -0.514 -0.420 -0.420
 0.974  0.449 -0.581 -0.564 -0.518 -0.425 -0.425
 0.976  0.440 -0.592 -0.572 -0.522 -0.430 -0.430
 0.978  0.431 -0.603 -0.579 -0.525 -0.435 -0.435
 0.980  0.424 -0.612 -0.586 -0.528 -0.439 -0.439
 0.982  0.417 -0.622 -0.592 -0.530 -0.443 -0.443
 0.984  0.410 -0.630 -0.597 -0.532 -0.446 -0.446
 0.986  0.404 -0.637 -0.601 -0.533 -0.450 -0.450
 0.988  0.399 -0.643 -0.605 -0.535 -0.452 -0.452
 0.990  0.395 -0.648 -0.609 -0.536 -0.454 -0.454
 0.992  0.393 -0.654 -0.612 -0.536 -0.456 -0.456
 0.994  0.391 -0.657 -0.614 -0.537 -0.457 -0.457
 0.996  0.389 -0.659 -0.615 -0.537 -0.458 -0.458
 0.998  0.389 -0.660 -0.617 -0.538 -0.459 -0.459
