# IsPeriodic    : True
# Period        : 0.586114 days
# Normalization : <g_mag>=0
# 
# Phase u_mag  g_mag  r_mag  i_mag  z_mag  y_mag
 0.000  0.551 -0.580 -0.591 -0.517 -0.486 -0.486
 0.002  0.551 -0.580 -0.591 -0.517 -0.486 -0.486
 0.004  0.552 -0.580 -0.590 -0.516 -0.486 -0.486
 0.006  0.554 -0.579 -0.590 -0.516 -0.486 -0.486
 0.008  0.556 -0.578 -0.590 -0.515 -0.485 -0.485
 0.010  0.559 -0.576 -0.589 -0.515 -0.484 -0.484
 0.012  0.562 -0.576 -0.588 -0.515 -0.483 -0.483
 0.014  0.566 -0.574 -0.587 -0.514 -0.482 -0.482
 0.016  0.570 -0.572 -0.586 -0.513 -0.481 -0.481
 0.018  0.574 -0.570 -0.585 -0.513 -0.480 -0.480
 0.020  0.579 -0.567 -0.584 -0.512 -0.479 -0.479
 0.022  0.584 -0.565 -0.582 -0.511 -0.478 -0.478
 0.024  0.588 -0.563 -0.581 -0.509 -0.476 -0.476
 0.026  0.593 -0.560 -0.579 -0.508 -0.475 -0.475
 0.028  0.597 -0.557 -0.577 -0.507 -0.473 -0.473
 0.030  0.602 -0.554 -0.575 -0.506 -0.472 -0.472
 0.032  0.607 -0.552 -0.573 -0.504 -0.470 -0.470
 0.034  0.610 -0.549 -0.571 -0.503 -0.469 -0.469
 0.036  0.615 -0.546 -0.569 -0.501 -0.468 -0.468
 0.038  0.619 -0.542 -0.566 -0.499 -0.466 -0.466
 0.040  0.623 -0.540 -0.564 -0.497 -0.464 -0.464
 0.042  0.628 -0.536 -0.561 -0.495 -0.463 -0.463
 0.044  0.632 -0.532 -0.558 -0.493 -0.461 -0.461
 0.046  0.636 -0.528 -0.556 -0.491 -0.460 -0.460
 0.048  0.641 -0.525 -0.552 -0.489 -0.459 -0.459
 0.050  0.645 -0.520 -0.549 -0.486 -0.457 -0.457
 0.052  0.650 -0.516 -0.546 -0.484 -0.456 -0.456
 0.054  0.655 -0.512 -0.543 -0.481 -0.454 -0.454
 0.056  0.659 -0.507 -0.539 -0.479 -0.453 -0.453
 0.058  0.664 -0.503 -0.535 -0.476 -0.451 -0.451
 0.060  0.668 -0.497 -0.532 -0.474 -0.450 -0.450
 0.062  0.673 -0.493 -0.528 -0.471 -0.449 -0.449
 0.064  0.679 -0.488 -0.524 -0.468 -0.448 -0.448
 0.066  0.683 -0.482 -0.520 -0.466 -0.446 -0.446
 0.068  0.688 -0.477 -0.516 -0.463 -0.445 -0.445
 0.070  0.692 -0.471 -0.511 -0.461 -0.443 -0.443
 0.072  0.697 -0.466 -0.507 -0.458 -0.442 -0.442
 0.074  0.703 -0.460 -0.503 -0.455 -0.441 -0.441
 0.076  0.707 -0.455 -0.499 -0.453 -0.439 -0.439
 0.078  0.712 -0.449 -0.494 -0.451 -0.438 -0.438
 0.080  0.716 -0.444 -0.490 -0.448 -0.437 -0.437
 0.082  0.722 -0.438 -0.486 -0.446 -0.436 -0.436
 0.084  0.726 -0.433 -0.482 -0.444 -0.434 -0.434
 0.086  0.731 -0.427 -0.478 -0.442 -0.433 -0.433
 0.088  0.736 -0.421 -0.473 -0.439 -0.432 -0.432
 0.090  0.741 -0.416 -0.469 -0.437 -0.430 -0.430
 0.092  0.746 -0.410 -0.466 -0.435 -0.429 -0.429
 0.094  0.750 -0.405 -0.462 -0.433 -0.428 -0.428
 0.096  0.755 -0.400 -0.458 -0.431 -0.426 -0.426
 0.098  0.760 -0.395 -0.455 -0.428 -0.425 -0.425
 0.100  0.764 -0.390 -0.451 -0.426 -0.424 -0.424
 0.102  0.770 -0.385 -0.448 -0.425 -0.423 -0.423
 0.104  0.774 -0.380 -0.444 -0.423 -0.422 -0.422
 0.106  0.779 -0.374 -0.441 -0.421 -0.420 -0.420
 0.108  0.784 -0.370 -0.437 -0.419 -0.419 -0.419
 0.110  0.788 -0.365 -0.434 -0.417 -0.418 -0.418
 0.112  0.792 -0.360 -0.431 -0.415 -0.417 -0.417
 0.114  0.797 -0.355 -0.427 -0.414 -0.415 -0.415
 0.116  0.801 -0.350 -0.425 -0.412 -0.415 -0.415
 0.118  0.806 -0.346 -0.422 -0.410 -0.413 -0.413
 0.120  0.810 -0.341 -0.418 -0.408 -0.412 -0.412
 0.122  0.814 -0.337 -0.416 -0.407 -0.411 -0.411
 0.124  0.819 -0.332 -0.412 -0.405 -0.410 -0.410
 0.126  0.822 -0.327 -0.410 -0.404 -0.408 -0.408
 0.128  0.827 -0.324 -0.407 -0.402 -0.407 -0.407
 0.130  0.832 -0.319 -0.405 -0.401 -0.406 -0.406
 0.132  0.835 -0.314 -0.402 -0.399 -0.405 -0.405
 0.134  0.840 -0.311 -0.399 -0.397 -0.404 -0.404
 0.136  0.844 -0.306 -0.397 -0.396 -0.403 -0.403
 0.138  0.848 -0.302 -0.394 -0.395 -0.402 -0.402
 0.140  0.852 -0.298 -0.392 -0.393 -0.400 -0.400
 0.142  0.856 -0.294 -0.390 -0.392 -0.399 -0.399
 0.144  0.860 -0.290 -0.387 -0.390 -0.398 -0.398
 0.146  0.864 -0.286 -0.385 -0.388 -0.397 -0.397
 0.148  0.868 -0.282 -0.382 -0.387 -0.396 -0.396
 0.150  0.872 -0.278 -0.380 -0.386 -0.395 -0.395
 0.152  0.876 -0.275 -0.378 -0.384 -0.394 -0.394
 0.154  0.879 -0.271 -0.376 -0.383 -0.393 -0.393
 0.156  0.883 -0.266 -0.374 -0.381 -0.392 -0.392
 0.158  0.887 -0.263 -0.371 -0.380 -0.391 -0.391
 0.160  0.891 -0.259 -0.369 -0.378 -0.389 -0.389
 0.162  0.894 -0.255 -0.367 -0.377 -0.388 -0.388
 0.164  0.898 -0.252 -0.365 -0.375 -0.387 -0.387
 0.166  0.902 -0.248 -0.363 -0.374 -0.386 -0.386
 0.168  0.905 -0.244 -0.360 -0.373 -0.385 -0.385
 0.170  0.909 -0.241 -0.358 -0.371 -0.384 -0.384
 0.172  0.913 -0.237 -0.355 -0.369 -0.383 -0.383
 0.174  0.916 -0.232 -0.354 -0.368 -0.382 -0.382
 0.176  0.920 -0.229 -0.351 -0.366 -0.381 -0.381
 0.178  0.924 -0.225 -0.349 -0.365 -0.380 -0.380
 0.180  0.927 -0.221 -0.347 -0.364 -0.379 -0.379
 0.182  0.931 -0.218 -0.344 -0.362 -0.378 -0.378
 0.184  0.935 -0.214 -0.342 -0.361 -0.377 -0.377
 0.186  0.938 -0.210 -0.340 -0.359 -0.376 -0.376
 0.188  0.942 -0.207 -0.338 -0.358 -0.374 -0.374
 0.190  0.946 -0.204 -0.336 -0.356 -0.373 -0.373
 0.192  0.950 -0.200 -0.333 -0.355 -0.372 -0.372
 0.194  0.953 -0.196 -0.331 -0.353 -0.372 -0.372
 0.196  0.956 -0.193 -0.329 -0.352 -0.371 -0.371
 0.198  0.960 -0.189 -0.327 -0.351 -0.369 -0.369
 0.200  0.963 -0.185 -0.325 -0.349 -0.368 -0.368
 0.202  0.967 -0.182 -0.322 -0.347 -0.367 -0.367
 0.204  0.971 -0.178 -0.320 -0.346 -0.366 -0.366
 0.206  0.974 -0.175 -0.318 -0.345 -0.365 -0.365
 0.208  0.977 -0.171 -0.316 -0.343 -0.364 -0.364
 0.210  0.981 -0.168 -0.314 -0.342 -0.363 -0.363
 0.212  0.985 -0.164 -0.312 -0.341 -0.362 -0.362
 0.214  0.987 -0.160 -0.309 -0.339 -0.361 -0.361
 0.216  0.991 -0.158 -0.307 -0.337 -0.360 -0.360
 0.218  0.995 -0.154 -0.305 -0.336 -0.359 -0.359
 0.220  0.997 -0.150 -0.303 -0.335 -0.358 -0.358
 0.222  1.001 -0.147 -0.301 -0.333 -0.357 -0.357
 0.224  1.005 -0.144 -0.299 -0.332 -0.356 -0.356
 0.226  1.008 -0.140 -0.297 -0.331 -0.355 -0.355
 0.228  1.011 -0.136 -0.295 -0.329 -0.354 -0.354
 0.230  1.014 -0.134 -0.292 -0.328 -0.353 -0.353
 0.232  1.018 -0.130 -0.290 -0.326 -0.352 -0.352
 0.234  1.021 -0.127 -0.288 -0.325 -0.351 -0.351
 0.236  1.024 -0.123 -0.286 -0.324 -0.350 -0.350
 0.238  1.027 -0.121 -0.284 -0.322 -0.349 -0.349
 0.240  1.031 -0.117 -0.282 -0.321 -0.348 -0.348
 0.242  1.033 -0.114 -0.280 -0.319 -0.347 -0.347
 0.244  1.036 -0.111 -0.278 -0.318 -0.346 -0.346
 0.246  1.040 -0.108 -0.276 -0.316 -0.345 -0.345
 0.248  1.043 -0.104 -0.274 -0.315 -0.344 -0.344
 0.250  1.045 -0.101 -0.272 -0.314 -0.343 -0.343
 0.252  1.049 -0.098 -0.270 -0.313 -0.341 -0.341
 0.254  1.052 -0.095 -0.268 -0.311 -0.340 -0.340
 0.256  1.055 -0.092 -0.266 -0.310 -0.340 -0.340
 0.258  1.057 -0.088 -0.265 -0.308 -0.338 -0.338
 0.260  1.061 -0.086 -0.263 -0.307 -0.337 -0.337
 0.262  1.064 -0.083 -0.261 -0.306 -0.336 -0.336
 0.264  1.067 -0.080 -0.259 -0.304 -0.335 -0.335
 0.266  1.069 -0.076 -0.257 -0.303 -0.334 -0.334
 0.268  1.072 -0.074 -0.256 -0.302 -0.332 -0.332
 0.270  1.075 -0.071 -0.254 -0.301 -0.331 -0.331
 0.272  1.078 -0.068 -0.252 -0.299 -0.330 -0.330
 0.274  1.080 -0.065 -0.251 -0.298 -0.329 -0.329
 0.276  1.083 -0.062 -0.249 -0.296 -0.328 -0.328
 0.278  1.086 -0.059 -0.247 -0.295 -0.326 -0.326
 0.280  1.089 -0.056 -0.246 -0.294 -0.325 -0.325
 0.282  1.092 -0.053 -0.244 -0.292 -0.324 -0.324
 0.284  1.094 -0.051 -0.242 -0.291 -0.322 -0.322
 0.286  1.096 -0.048 -0.240 -0.289 -0.321 -0.321
 0.288  1.099 -0.045 -0.238 -0.288 -0.320 -0.320
 0.290  1.102 -0.042 -0.237 -0.287 -0.318 -0.318
 0.292  1.104 -0.040 -0.235 -0.286 -0.317 -0.317
 0.294  1.106 -0.037 -0.234 -0.284 -0.316 -0.316
 0.296  1.109 -0.034 -0.232 -0.283 -0.314 -0.314
 0.298  1.112 -0.031 -0.230 -0.282 -0.313 -0.313
 0.300  1.114 -0.028 -0.229 -0.280 -0.312 -0.312
 0.302  1.116 -0.026 -0.227 -0.279 -0.310 -0.310
 0.304  1.119 -0.023 -0.225 -0.277 -0.309 -0.309
 0.306  1.121 -0.020 -0.223 -0.276 -0.307 -0.307
 0.308  1.124 -0.017 -0.222 -0.275 -0.306 -0.306
 0.310  1.127 -0.015 -0.220 -0.273 -0.305 -0.305
 0.312  1.129 -0.012 -0.218 -0.272 -0.303 -0.303
 0.314  1.131 -0.009 -0.217 -0.271 -0.302 -0.302
 0.316  1.134 -0.006 -0.215 -0.269 -0.300 -0.300
 0.318  1.137 -0.004 -0.213 -0.268 -0.299 -0.299
 0.320  1.139  0.000 -0.211 -0.266 -0.297 -0.297
 0.322  1.141  0.003 -0.210 -0.265 -0.296 -0.296
 0.324  1.144  0.006 -0.208 -0.264 -0.295 -0.295
 0.326  1.147  0.008 -0.206 -0.262 -0.293 -0.293
 0.328  1.150  0.011 -0.204 -0.261 -0.292 -0.292
 0.330  1.151  0.014 -0.202 -0.259 -0.291 -0.291
 0.332  1.154  0.017 -0.200 -0.258 -0.289 -0.289
 0.334  1.157  0.020 -0.198 -0.257 -0.288 -0.288
 0.336  1.160  0.023 -0.196 -0.255 -0.286 -0.286
 0.338  1.162  0.026 -0.194 -0.254 -0.286 -0.286
 0.340  1.164  0.029 -0.193 -0.253 -0.284 -0.284
 0.342  1.167  0.031 -0.191 -0.251 -0.283 -0.283
 0.344  1.170  0.034 -0.189 -0.250 -0.282 -0.282
 0.346  1.173  0.037 -0.187 -0.248 -0.280 -0.280
 0.348  1.175  0.041 -0.185 -0.247 -0.279 -0.279
 0.350  1.178  0.043 -0.183 -0.246 -0.278 -0.278
 0.352  1.180  0.046 -0.181 -0.244 -0.276 -0.276
 0.354  1.183  0.049 -0.179 -0.243 -0.275 -0.275
 0.356  1.186  0.052 -0.177 -0.241 -0.274 -0.274
 0.358  1.188  0.055 -0.176 -0.240 -0.273 -0.273
 0.360  1.191  0.058 -0.174 -0.238 -0.272 -0.272
 0.362  1.194  0.061 -0.172 -0.237 -0.271 -0.271
 0.364  1.197  0.064 -0.170 -0.236 -0.269 -0.269
 0.366  1.199  0.067 -0.168 -0.234 -0.268 -0.268
 0.368  1.202  0.069 -0.166 -0.233 -0.267 -0.267
 0.370  1.205  0.072 -0.164 -0.232 -0.266 -0.266
 0.372  1.208  0.075 -0.162 -0.230 -0.265 -0.265
 0.374  1.209  0.078 -0.161 -0.228 -0.264 -0.264
 0.376  1.212  0.080 -0.159 -0.227 -0.263 -0.263
 0.378  1.215  0.083 -0.157 -0.226 -0.262 -0.262
 0.380  1.218  0.086 -0.155 -0.224 -0.261 -0.261
 0.382  1.221  0.089 -0.154 -0.223 -0.260 -0.260
 0.384  1.223  0.091 -0.152 -0.221 -0.258 -0.258
 0.386  1.225  0.093 -0.150 -0.220 -0.257 -0.257
 0.388  1.228  0.096 -0.148 -0.218 -0.256 -0.256
 0.390  1.231  0.099 -0.147 -0.217 -0.255 -0.255
 0.392  1.233  0.101 -0.145 -0.216 -0.254 -0.254
 0.394  1.235  0.103 -0.143 -0.214 -0.253 -0.253
 0.396  1.238  0.106 -0.141 -0.213 -0.252 -0.252
 0.398  1.240  0.108 -0.140 -0.211 -0.250 -0.250
 0.400  1.243  0.111 -0.138 -0.209 -0.249 -0.249
 0.402  1.245  0.113 -0.136 -0.208 -0.248 -0.248
 0.404  1.247  0.115 -0.135 -0.207 -0.247 -0.247
 0.406  1.250  0.117 -0.133 -0.205 -0.245 -0.245
 0.408  1.252  0.119 -0.132 -0.204 -0.244 -0.244
 0.410  1.255  0.122 -0.130 -0.203 -0.243 -0.243
 0.412  1.257  0.124 -0.128 -0.201 -0.242 -0.242
 0.414  1.259  0.126 -0.127 -0.199 -0.240 -0.240
 0.416  1.261  0.127 -0.125 -0.198 -0.239 -0.239
 0.418  1.263  0.129 -0.124 -0.197 -0.238 -0.238
 0.420  1.266  0.131 -0.122 -0.195 -0.236 -0.236
 0.422  1.268  0.134 -0.121 -0.194 -0.235 -0.235
 0.424  1.269  0.136 -0.119 -0.192 -0.233 -0.233
 0.426  1.272  0.138 -0.117 -0.191 -0.232 -0.232
 0.428  1.274  0.139 -0.116 -0.189 -0.231 -0.231
 0.430  1.276  0.140 -0.115 -0.188 -0.230 -0.230
 0.432  1.278  0.142 -0.113 -0.187 -0.228 -0.228
 0.434  1.280  0.144 -0.111 -0.186 -0.227 -0.227
 0.436  1.282  0.146 -0.110 -0.184 -0.225 -0.225
 0.438  1.284  0.148 -0.109 -0.183 -0.223 -0.223
 0.440  1.286  0.150 -0.107 -0.182 -0.222 -0.222
 0.442  1.288  0.151 -0.105 -0.181 -0.221 -0.221
 0.444  1.290  0.152 -0.104 -0.179 -0.219 -0.219
 0.446  1.292  0.154 -0.103 -0.178 -0.218 -0.218
 0.448  1.293  0.156 -0.102 -0.177 -0.216 -0.216
 0.450  1.295  0.157 -0.100 -0.176 -0.215 -0.215
 0.452  1.297  0.159 -0.098 -0.175 -0.213 -0.213
 0.454  1.299  0.161 -0.097 -0.174 -0.211 -0.211
 0.456  1.301  0.162 -0.096 -0.172 -0.210 -0.210
 0.458  1.303  0.163 -0.094 -0.171 -0.209 -0.209
 0.460  1.304  0.164 -0.092 -0.170 -0.207 -0.207
 0.462  1.305  0.166 -0.091 -0.169 -0.206 -0.206
 0.464  1.307  0.168 -0.090 -0.168 -0.204 -0.204
 0.466  1.309  0.169 -0.088 -0.167 -0.203 -0.203
 0.468  1.311  0.171 -0.087 -0.166 -0.201 -0.201
 0.470  1.312  0.172 -0.086 -0.165 -0.200 -0.200
 0.472  1.314  0.173 -0.084 -0.164 -0.199 -0.199
 0.474  1.315  0.174 -0.083 -0.163 -0.198 -0.198
 0.476  1.316  0.175 -0.081 -0.162 -0.196 -0.196
 0.478  1.318  0.177 -0.080 -0.161 -0.195 -0.195
 0.480  1.319  0.178 -0.079 -0.160 -0.194 -0.194
 0.482  1.321  0.179 -0.077 -0.159 -0.193 -0.193
 0.484  1.322  0.181 -0.075 -0.158 -0.191 -0.191
 0.486  1.324  0.182 -0.074 -0.157 -0.190 -0.190
 0.488  1.325  0.183 -0.073 -0.156 -0.189 -0.189
 0.490  1.327  0.185 -0.071 -0.156 -0.189 -0.189
 0.492  1.327  0.186 -0.070 -0.155 -0.187 -0.187
 0.494  1.328  0.186 -0.069 -0.154 -0.186 -0.186
 0.496  1.330  0.187 -0.068 -0.153 -0.185 -0.185
 0.498  1.331  0.188 -0.066 -0.152 -0.184 -0.184
 0.500  1.332  0.189 -0.064 -0.152 -0.183 -0.183
 0.502  1.334  0.191 -0.063 -0.151 -0.182 -0.182
 0.504  1.335  0.192 -0.062 -0.150 -0.181 -0.181
 0.506  1.336  0.193 -0.060 -0.149 -0.180 -0.180
 0.508  1.337  0.194 -0.060 -0.148 -0.179 -0.179
 0.510  1.338  0.195 -0.058 -0.147 -0.178 -0.178
 0.512  1.339  0.196 -0.057 -0.147 -0.178 -0.178
 0.514  1.339  0.197 -0.056 -0.146 -0.177 -0.177
 0.516  1.340  0.198 -0.054 -0.145 -0.177 -0.177
 0.518  1.341  0.198 -0.054 -0.144 -0.176 -0.176
 0.520  1.342  0.199 -0.052 -0.143 -0.175 -0.175
 0.522  1.343  0.200 -0.052 -0.143 -0.174 -0.174
 0.524  1.344  0.201 -0.051 -0.142 -0.174 -0.174
 0.526  1.345  0.202 -0.050 -0.141 -0.173 -0.173
 0.528  1.346  0.203 -0.049 -0.141 -0.172 -0.172
 0.530  1.347  0.204 -0.048 -0.139 -0.171 -0.171
 0.532  1.348  0.205 -0.047 -0.139 -0.171 -0.171
 0.534  1.349  0.206 -0.046 -0.138 -0.170 -0.170
 0.536  1.350  0.207 -0.045 -0.137 -0.169 -0.169
 0.538  1.350  0.208 -0.045 -0.136 -0.168 -0.168
 0.540  1.351  0.209 -0.044 -0.136 -0.168 -0.168
 0.542  1.351  0.210 -0.043 -0.135 -0.167 -0.167
 0.544  1.352  0.210 -0.043 -0.134 -0.167 -0.167
 0.546  1.352  0.211 -0.042 -0.134 -0.166 -0.166
 0.548  1.353  0.212 -0.041 -0.133 -0.165 -0.165
 0.550  1.354  0.213 -0.041 -0.132 -0.165 -0.165
 0.552  1.354  0.214 -0.040 -0.132 -0.164 -0.164
 0.554  1.355  0.215 -0.039 -0.131 -0.163 -0.163
 0.556  1.356  0.216 -0.039 -0.130 -0.162 -0.162
 0.558  1.356  0.217 -0.039 -0.129 -0.162 -0.162
 0.560  1.357  0.218 -0.039 -0.129 -0.161 -0.161
 0.562  1.357  0.219 -0.038 -0.128 -0.160 -0.160
 0.564  1.358  0.219 -0.038 -0.127 -0.159 -0.159
 0.566  1.358  0.220 -0.037 -0.127 -0.159 -0.159
 0.568  1.359  0.221 -0.037 -0.126 -0.158 -0.158
 0.570  1.359  0.222 -0.037 -0.125 -0.157 -0.157
 0.572  1.360  0.222 -0.037 -0.125 -0.156 -0.156
 0.574  1.360  0.223 -0.037 -0.124 -0.156 -0.156
 0.576  1.360  0.223 -0.036 -0.124 -0.155 -0.155
 0.578  1.361  0.224 -0.036 -0.123 -0.155 -0.155
 0.580  1.361  0.225 -0.036 -0.122 -0.154 -0.154
 0.582  1.361  0.226 -0.036 -0.122 -0.153 -0.153
 0.584  1.362  0.226 -0.036 -0.121 -0.152 -0.152
 0.586  1.362  0.227 -0.035 -0.121 -0.152 -0.152
 0.588  1.362  0.228 -0.035 -0.120 -0.151 -0.151
 0.590  1.362  0.228 -0.035 -0.119 -0.150 -0.150
 0.592  1.363  0.229 -0.035 -0.119 -0.149 -0.149
 0.594  1.363  0.230 -0.035 -0.118 -0.149 -0.149
 0.596  1.363  0.230 -0.035 -0.118 -0.148 -0.148
 0.598  1.363  0.231 -0.035 -0.117 -0.147 -0.147
 0.600  1.363  0.231 -0.035 -0.117 -0.146 -0.146
 0.602  1.363  0.232 -0.035 -0.116 -0.145 -0.145
 0.604  1.363  0.232 -0.035 -0.116 -0.145 -0.145
 0.606  1.363  0.232 -0.035 -0.115 -0.144 -0.144
 0.608  1.363  0.233 -0.035 -0.115 -0.143 -0.143
 0.610  1.363  0.233 -0.035 -0.114 -0.143 -0.143
 0.612  1.363  0.233 -0.035 -0.114 -0.142 -0.142
 0.614  1.363  0.234 -0.035 -0.114 -0.141 -0.141
 0.616  1.363  0.234 -0.035 -0.113 -0.140 -0.140
 0.618  1.363  0.234 -0.035 -0.113 -0.139 -0.139
 0.620  1.364  0.234 -0.035 -0.112 -0.138 -0.138
 0.622  1.364  0.234 -0.035 -0.112 -0.137 -0.137
 0.624  1.364  0.234 -0.035 -0.112 -0.136 -0.136
 0.626  1.364  0.234 -0.035 -0.111 -0.135 -0.135
 0.628  1.364  0.234 -0.035 -0.111 -0.135 -0.135
 0.630  1.364  0.234 -0.035 -0.111 -0.134 -0.134
 0.632  1.363  0.234 -0.035 -0.110 -0.133 -0.133
 0.634  1.363  0.234 -0.035 -0.109 -0.132 -0.132
 0.636  1.363  0.234 -0.035 -0.109 -0.131 -0.131
 0.638  1.363  0.234 -0.035 -0.109 -0.129 -0.129
 0.640  1.363  0.234 -0.035 -0.108 -0.128 -0.128
 0.642  1.363  0.234 -0.036 -0.108 -0.127 -0.127
 0.644  1.363  0.234 -0.036 -0.108 -0.126 -0.126
 0.646  1.363  0.234 -0.036 -0.108 -0.125 -0.125
 0.648  1.363  0.234 -0.036 -0.107 -0.124 -0.124
 0.650  1.363  0.234 -0.036 -0.107 -0.123 -0.123
 0.652  1.363  0.234 -0.036 -0.107 -0.122 -0.122
 0.654  1.363  0.234 -0.037 -0.107 -0.121 -0.121
 0.656  1.363  0.234 -0.037 -0.106 -0.120 -0.120
 0.658  1.363  0.234 -0.037 -0.106 -0.119 -0.119
 0.660  1.362  0.233 -0.037 -0.106 -0.117 -0.117
 0.662  1.362  0.233 -0.037 -0.106 -0.116 -0.116
 0.664  1.362  0.233 -0.037 -0.106 -0.115 -0.115
 0.666  1.362  0.233 -0.037 -0.106 -0.114 -0.114
 0.668  1.361  0.233 -0.037 -0.105 -0.113 -0.113
 0.670  1.361  0.232 -0.037 -0.105 -0.111 -0.111
 0.672  1.360  0.232 -0.037 -0.105 -0.110 -0.110
 0.674  1.360  0.232 -0.037 -0.105 -0.109 -0.109
 0.676  1.359  0.232 -0.037 -0.105 -0.107 -0.107
 0.678  1.359  0.231 -0.037 -0.105 -0.106 -0.106
 0.680  1.358  0.231 -0.037 -0.105 -0.104 -0.104
 0.682  1.358  0.231 -0.037 -0.104 -0.102 -0.102
 0.684  1.357  0.231 -0.037 -0.104 -0.101 -0.101
 0.686  1.356  0.230 -0.038 -0.104 -0.099 -0.099
 0.688  1.356  0.230 -0.038 -0.104 -0.098 -0.098
 0.690  1.355  0.230 -0.038 -0.104 -0.096 -0.096
 0.692  1.354  0.229 -0.038 -0.104 -0.094 -0.094
 0.694  1.354  0.229 -0.038 -0.104 -0.092 -0.092
 0.696  1.353  0.229 -0.038 -0.104 -0.091 -0.091
 0.698  1.352  0.228 -0.038 -0.104 -0.089 -0.089
 0.700  1.352  0.228 -0.038 -0.104 -0.087 -0.087
 0.702  1.351  0.228 -0.038 -0.104 -0.085 -0.085
 0.704  1.351  0.227 -0.038 -0.104 -0.083 -0.083
 0.706  1.350  0.227 -0.038 -0.104 -0.081 -0.081
 0.708  1.349  0.227 -0.038 -0.104 -0.079 -0.079
 0.710  1.348  0.226 -0.038 -0.104 -0.076 -0.076
 0.712  1.347  0.226 -0.038 -0.103 -0.074 -0.074
 0.714  1.346  0.226 -0.038 -0.103 -0.072 -0.072
 0.716  1.345  0.225 -0.038 -0.102 -0.070 -0.070
 0.718  1.343  0.225 -0.038 -0.102 -0.067 -0.067
 0.720  1.342  0.225 -0.038 -0.101 -0.065 -0.065
 0.722  1.341  0.225 -0.037 -0.100 -0.062 -0.062
 0.724  1.340  0.225 -0.037 -0.099 -0.059 -0.059
 0.726  1.339  0.225 -0.037 -0.099 -0.057 -0.057
 0.728  1.339  0.225 -0.037 -0.098 -0.055 -0.055
 0.730  1.338  0.226 -0.037 -0.097 -0.052 -0.052
 0.732  1.338  0.226 -0.036 -0.096 -0.049 -0.049
 0.734  1.337  0.227 -0.035 -0.095 -0.047 -0.047
 0.736  1.337  0.228 -0.035 -0.094 -0.044 -0.044
 0.738  1.337  0.229 -0.034 -0.093 -0.041 -0.041
 0.740  1.337  0.231 -0.033 -0.092 -0.039 -0.039
 0.742  1.338  0.232 -0.033 -0.090 -0.037 -0.037
 0.744  1.338  0.234 -0.032 -0.089 -0.034 -0.034
 0.746  1.339  0.234 -0.031 -0.087 -0.032 -0.032
 0.748  1.339  0.236 -0.030 -0.086 -0.029 -0.029
 0.750  1.340  0.238 -0.030 -0.084 -0.027 -0.027
 0.752  1.342  0.240 -0.028 -0.083 -0.025 -0.025
 0.754  1.343  0.242 -0.027 -0.080 -0.023 -0.023
 0.756  1.345  0.244 -0.026 -0.079 -0.021 -0.021
 0.758  1.347  0.246 -0.025 -0.077 -0.020 -0.020
 0.760  1.350  0.248 -0.024 -0.075 -0.018 -0.018
 0.762  1.351  0.250 -0.022 -0.073 -0.017 -0.017
 0.764  1.354  0.253 -0.021 -0.071 -0.016 -0.016
 0.766  1.357  0.256 -0.020 -0.068 -0.015 -0.015
 0.768  1.360  0.258 -0.018 -0.066 -0.013 -0.013
 0.770  1.363  0.262 -0.016 -0.064 -0.012 -0.012
 0.772  1.367  0.265 -0.015 -0.062 -0.012 -0.012
 0.774  1.370  0.269 -0.013 -0.060 -0.011 -0.011
 0.776  1.374  0.272 -0.012 -0.057 -0.010 -0.010
 0.778  1.378  0.276 -0.010 -0.055 -0.010 -0.010
 0.780  1.383  0.280 -0.008 -0.053 -0.009 -0.009
 0.782  1.386  0.283 -0.006 -0.051 -0.009 -0.009
 0.784  1.391  0.287 -0.005 -0.048 -0.008 -0.008
 0.786  1.397  0.291 -0.003 -0.046 -0.008 -0.008
 0.788  1.401  0.295 -0.001 -0.044 -0.008 -0.008
 0.790  1.407  0.299  0.001 -0.042 -0.008 -0.008
 0.792  1.411  0.303  0.003 -0.039 -0.008 -0.008
 0.794  1.417  0.306  0.005 -0.037 -0.009 -0.009
 0.796  1.422  0.309  0.007 -0.035 -0.009 -0.009
 0.798  1.429  0.313  0.009 -0.033 -0.009 -0.009
 0.800  1.433  0.317  0.011 -0.031 -0.010 -0.010
 0.802  1.439  0.319  0.013 -0.029 -0.011 -0.011
 0.804  1.445  0.322  0.015 -0.027 -0.012 -0.012
 0.806  1.449  0.325  0.017 -0.025 -0.013 -0.013
 0.808  1.454  0.328  0.019 -0.023 -0.014 -0.014
 0.810  1.457  0.329  0.021 -0.022 -0.015 -0.015
 0.812  1.461  0.331  0.022 -0.019 -0.017 -0.017
 0.814  1.465  0.333  0.024 -0.018 -0.018 -0.018
 0.816  1.467  0.335  0.026 -0.016 -0.020 -0.020
 0.818  1.469  0.337  0.028 -0.014 -0.023 -0.023
 0.820  1.470  0.338  0.029 -0.013 -0.025 -0.025
 0.822  1.472  0.339  0.031 -0.011 -0.028 -0.028
 0.824  1.473  0.340  0.033 -0.009 -0.031 -0.031
 0.826  1.473  0.341  0.035 -0.007 -0.034 -0.034
 0.828  1.473  0.341  0.037 -0.006 -0.037 -0.037
 0.830  1.473  0.341  0.038 -0.004 -0.041 -0.041
 0.832  1.472  0.341  0.040 -0.002 -0.045 -0.045
 0.834  1.470  0.341  0.042  0.000 -0.048 -0.048
 0.836  1.469  0.341  0.044  0.002 -0.053 -0.053
 0.838  1.468  0.341  0.046  0.004 -0.058 -0.058
 0.840  1.465  0.341  0.048  0.005 -0.062 -0.062
 0.842  1.462  0.340  0.050  0.007 -0.068 -0.068
 0.844  1.459  0.339  0.051  0.008 -0.073 -0.073
 0.846  1.456  0.337  0.053  0.009 -0.078 -0.078
 0.848  1.452  0.336  0.055  0.010 -0.084 -0.084
 0.850  1.447  0.335  0.056  0.010 -0.090 -0.090
 0.852  1.443  0.333  0.058  0.009 -0.096 -0.096
 0.854  1.437  0.331  0.059  0.008 -0.103 -0.103
 0.856  1.432  0.329  0.061  0.007 -0.110 -0.110
 0.858  1.426  0.327  0.062  0.005 -0.117 -0.117
 0.860  1.420  0.324  0.063  0.003 -0.124 -0.124
 0.862  1.412  0.321  0.063  0.001 -0.132 -0.132
 0.864  1.405  0.317  0.063 -0.003 -0.139 -0.139
 0.866  1.398  0.313  0.063 -0.006 -0.147 -0.147
 0.868  1.389  0.308  0.062 -0.010 -0.156 -0.156
 0.870  1.381  0.304  0.060 -0.015 -0.164 -0.164
 0.872  1.373  0.297  0.058 -0.019 -0.172 -0.172
 0.874  1.363  0.291  0.055 -0.025 -0.181 -0.181
 0.876  1.353  0.282  0.051 -0.030 -0.190 -0.190
 0.878  1.344  0.275  0.047 -0.037 -0.199 -0.199
 0.880  1.334  0.266  0.042 -0.043 -0.209 -0.209
 0.882  1.323  0.257  0.036 -0.050 -0.218 -0.218
 0.884  1.312  0.246  0.029 -0.058 -0.228 -0.228
 0.886  1.301  0.235  0.023 -0.066 -0.237 -0.237
 0.888  1.290  0.224  0.016 -0.075 -0.246 -0.246
 0.890  1.278  0.212  0.008 -0.084 -0.255 -0.255
 0.892  1.265  0.200 -0.001 -0.094 -0.264 -0.264
 0.894  1.253  0.187 -0.009 -0.104 -0.272 -0.272
 0.896  1.240  0.174 -0.018 -0.115 -0.281 -0.281
 0.898  1.226  0.161 -0.028 -0.126 -0.289 -0.289
 0.900  1.212  0.147 -0.038 -0.138 -0.297 -0.297
 0.902  1.198  0.131 -0.049 -0.150 -0.304 -0.304
 0.904  1.185  0.115 -0.061 -0.163 -0.312 -0.312
 0.906  1.170  0.099 -0.073 -0.175 -0.319 -0.319
 0.908  1.154  0.082 -0.086 -0.188 -0.327 -0.327
 0.910  1.139  0.064 -0.100 -0.202 -0.333 -0.333
 0.912  1.124  0.045 -0.114 -0.216 -0.340 -0.340
 0.914  1.107  0.025 -0.130 -0.229 -0.347 -0.347
 0.916  1.092  0.005 -0.145 -0.244 -0.354 -0.354
 0.918  1.075 -0.016 -0.162 -0.258 -0.360 -0.360
 0.920  1.057 -0.039 -0.179 -0.272 -0.366 -0.366
 0.922  1.040 -0.061 -0.196 -0.286 -0.372 -0.372
 0.924  1.022 -0.083 -0.214 -0.299 -0.379 -0.379
 0.926  1.004 -0.106 -0.232 -0.313 -0.384 -0.384
 0.928  0.986 -0.129 -0.250 -0.326 -0.390 -0.390
 0.930  0.966 -0.151 -0.268 -0.339 -0.395 -0.395
 0.932  0.947 -0.174 -0.285 -0.351 -0.401 -0.401
 0.934  0.927 -0.197 -0.302 -0.363 -0.406 -0.406
 0.936  0.907 -0.219 -0.319 -0.373 -0.411 -0.411
 0.938  0.888 -0.242 -0.337 -0.384 -0.415 -0.415
 0.940  0.868 -0.263 -0.353 -0.394 -0.420 -0.420
 0.942  0.847 -0.284 -0.369 -0.403 -0.424 -0.424
 0.944  0.828 -0.305 -0.384 -0.412 -0.428 -0.428
 0.946  0.809 -0.325 -0.399 -0.421 -0.432 -0.432
 0.948  0.789 -0.344 -0.414 -0.429 -0.437 -0.437
 0.950  0.771 -0.362 -0.427 -0.437 -0.440 -0.440
 0.952  0.753 -0.381 -0.441 -0.445 -0.444 -0.444
 0.954  0.737 -0.397 -0.453 -0.452 -0.447 -0.447
 0.956  0.721 -0.413 -0.465 -0.459 -0.450 -0.450
 0.958  0.706 -0.428 -0.477 -0.465 -0.454 -0.454
 0.960  0.691 -0.443 -0.487 -0.472 -0.457 -0.457
 0.962  0.679 -0.456 -0.498 -0.477 -0.459 -0.459
 0.964  0.666 -0.469 -0.507 -0.483 -0.462 -0.462
 0.966  0.654 -0.481 -0.516 -0.488 -0.465 -0.465
 0.968  0.642 -0.492 -0.525 -0.493 -0.467 -0.467
 0.970  0.631 -0.503 -0.533 -0.497 -0.469 -0.469
 0.972  0.620 -0.513 -0.540 -0.501 -0.471 -0.471
 0.974  0.611 -0.522 -0.547 -0.504 -0.473 -0.473
 0.976  0.602 -0.530 -0.554 -0.506 -0.475 -0.475
 0.978  0.594 -0.539 -0.560 -0.508 -0.477 -0.477
 0.980  0.586 -0.546 -0.566 -0.511 -0.479 -0.479
 0.982  0.579 -0.553 -0.570 -0.512 -0.480 -0.480
 0.984  0.573 -0.559 -0.575 -0.513 -0.481 -0.481
 0.986  0.568 -0.564 -0.579 -0.514 -0.482 -0.482
 0.988  0.563 -0.569 -0.582 -0.515 -0.483 -0.483
 0.990  0.559 -0.574 -0.585 -0.516 -0.484 -0.484
 0.992  0.556 -0.576 -0.587 -0.516 -0.485 -0.485
 0.994  0.554 -0.578 -0.589 -0.516 -0.485 -0.485
 0.996  0.552 -0.580 -0.590 -0.516 -0.486 -0.486
 0.998  0.551 -0.581 -0.591 -0.517 -0.486 -0.486
