# IsPeriodic    : True
# Period        : 0.576610 days
# Normalization : <g_mag>=0
# 
# Phase u_mag  g_mag  r_mag  i_mag  z_mag  y_mag
 0.000  0.497 -0.645 -0.608 -0.561 -0.517 -0.517
 0.002  0.497 -0.645 -0.608 -0.561 -0.517 -0.517
 0.004  0.499 -0.644 -0.607 -0.560 -0.516 -0.516
 0.006  0.501 -0.642 -0.607 -0.560 -0.515 -0.515
 0.008  0.504 -0.639 -0.607 -0.559 -0.514 -0.514
 0.010  0.508 -0.636 -0.606 -0.558 -0.512 -0.512
 0.012  0.512 -0.632 -0.605 -0.557 -0.511 -0.511
 0.014  0.517 -0.628 -0.604 -0.555 -0.509 -0.509
 0.016  0.522 -0.624 -0.602 -0.554 -0.507 -0.507
 0.018  0.529 -0.619 -0.602 -0.552 -0.504 -0.504
 0.020  0.535 -0.614 -0.600 -0.550 -0.502 -0.502
 0.022  0.542 -0.609 -0.598 -0.548 -0.499 -0.499
 0.024  0.548 -0.604 -0.597 -0.546 -0.497 -0.497
 0.026  0.555 -0.599 -0.595 -0.544 -0.494 -0.494
 0.028  0.562 -0.595 -0.593 -0.543 -0.492 -0.492
 0.030  0.568 -0.590 -0.591 -0.540 -0.490 -0.490
 0.032  0.575 -0.585 -0.589 -0.539 -0.487 -0.487
 0.034  0.580 -0.580 -0.586 -0.537 -0.485 -0.485
 0.036  0.586 -0.576 -0.584 -0.534 -0.483 -0.483
 0.038  0.592 -0.571 -0.581 -0.533 -0.481 -0.481
 0.040  0.598 -0.566 -0.579 -0.530 -0.479 -0.479
 0.042  0.605 -0.561 -0.576 -0.528 -0.477 -0.477
 0.044  0.611 -0.557 -0.573 -0.526 -0.475 -0.475
 0.046  0.617 -0.552 -0.570 -0.523 -0.473 -0.473
 0.048  0.623 -0.547 -0.566 -0.521 -0.471 -0.471
 0.050  0.629 -0.541 -0.563 -0.519 -0.469 -0.469
 0.052  0.635 -0.536 -0.559 -0.516 -0.467 -0.467
 0.054  0.640 -0.531 -0.556 -0.513 -0.465 -0.465
 0.056  0.647 -0.526 -0.552 -0.511 -0.462 -0.462
 0.058  0.653 -0.520 -0.548 -0.508 -0.460 -0.460
 0.060  0.659 -0.515 -0.544 -0.505 -0.458 -0.458
 0.062  0.665 -0.509 -0.539 -0.502 -0.456 -0.456
 0.064  0.671 -0.503 -0.535 -0.499 -0.454 -0.454
 0.066  0.677 -0.498 -0.531 -0.496 -0.452 -0.452
 0.068  0.683 -0.492 -0.527 -0.492 -0.450 -0.450
 0.070  0.689 -0.486 -0.522 -0.490 -0.448 -0.448
 0.072  0.695 -0.480 -0.517 -0.486 -0.445 -0.445
 0.074  0.700 -0.475 -0.512 -0.483 -0.443 -0.443
 0.076  0.706 -0.469 -0.508 -0.480 -0.442 -0.442
 0.078  0.712 -0.463 -0.503 -0.476 -0.440 -0.440
 0.080  0.718 -0.457 -0.499 -0.473 -0.437 -0.437
 0.082  0.723 -0.452 -0.494 -0.470 -0.436 -0.436
 0.084  0.729 -0.446 -0.490 -0.467 -0.434 -0.434
 0.086  0.735 -0.440 -0.486 -0.463 -0.432 -0.432
 0.088  0.741 -0.434 -0.481 -0.460 -0.430 -0.430
 0.090  0.746 -0.429 -0.476 -0.457 -0.428 -0.428
 0.092  0.752 -0.423 -0.473 -0.455 -0.426 -0.426
 0.094  0.758 -0.417 -0.469 -0.452 -0.424 -0.424
 0.096  0.762 -0.412 -0.464 -0.449 -0.423 -0.423
 0.098  0.768 -0.406 -0.461 -0.446 -0.420 -0.420
 0.100  0.773 -0.400 -0.456 -0.443 -0.419 -0.419
 0.102  0.779 -0.395 -0.453 -0.441 -0.417 -0.417
 0.104  0.784 -0.390 -0.449 -0.438 -0.415 -0.415
 0.106  0.789 -0.384 -0.445 -0.435 -0.413 -0.413
 0.108  0.795 -0.379 -0.442 -0.433 -0.411 -0.411
 0.110  0.800 -0.374 -0.438 -0.431 -0.410 -0.410
 0.112  0.805 -0.368 -0.435 -0.428 -0.408 -0.408
 0.114  0.810 -0.363 -0.431 -0.425 -0.406 -0.406
 0.116  0.815 -0.358 -0.428 -0.423 -0.405 -0.405
 0.118  0.820 -0.353 -0.425 -0.421 -0.403 -0.403
 0.120  0.824 -0.349 -0.421 -0.419 -0.401 -0.401
 0.122  0.829 -0.344 -0.418 -0.417 -0.400 -0.400
 0.124  0.833 -0.339 -0.415 -0.415 -0.398 -0.398
 0.126  0.838 -0.334 -0.412 -0.413 -0.397 -0.397
 0.128  0.843 -0.329 -0.409 -0.411 -0.395 -0.395
 0.130  0.847 -0.325 -0.406 -0.409 -0.394 -0.394
 0.132  0.852 -0.320 -0.403 -0.407 -0.392 -0.392
 0.134  0.856 -0.316 -0.400 -0.406 -0.391 -0.391
 0.136  0.861 -0.311 -0.398 -0.404 -0.389 -0.389
 0.138  0.865 -0.307 -0.395 -0.402 -0.388 -0.388
 0.140  0.870 -0.302 -0.393 -0.400 -0.387 -0.387
 0.142  0.874 -0.298 -0.390 -0.399 -0.385 -0.385
 0.144  0.878 -0.294 -0.387 -0.397 -0.383 -0.383
 0.146  0.882 -0.289 -0.385 -0.396 -0.382 -0.382
 0.148  0.885 -0.285 -0.382 -0.394 -0.381 -0.381
 0.150  0.889 -0.281 -0.380 -0.393 -0.380 -0.380
 0.152  0.893 -0.277 -0.377 -0.391 -0.378 -0.378
 0.154  0.897 -0.273 -0.375 -0.390 -0.377 -0.377
 0.156  0.901 -0.269 -0.373 -0.389 -0.375 -0.375
 0.158  0.905 -0.265 -0.370 -0.387 -0.374 -0.374
 0.160  0.909 -0.261 -0.368 -0.386 -0.373 -0.373
 0.162  0.912 -0.257 -0.365 -0.384 -0.372 -0.372
 0.164  0.916 -0.253 -0.363 -0.383 -0.370 -0.370
 0.166  0.920 -0.249 -0.361 -0.381 -0.369 -0.369
 0.168  0.924 -0.245 -0.358 -0.380 -0.368 -0.368
 0.170  0.927 -0.241 -0.356 -0.378 -0.366 -0.366
 0.172  0.931 -0.237 -0.353 -0.377 -0.365 -0.365
 0.174  0.935 -0.233 -0.351 -0.375 -0.364 -0.364
 0.176  0.939 -0.229 -0.348 -0.374 -0.363 -0.363
 0.178  0.942 -0.225 -0.346 -0.372 -0.361 -0.361
 0.180  0.945 -0.222 -0.344 -0.371 -0.360 -0.360
 0.182  0.949 -0.218 -0.341 -0.369 -0.358 -0.358
 0.184  0.952 -0.214 -0.339 -0.368 -0.357 -0.357
 0.186  0.956 -0.210 -0.336 -0.366 -0.356 -0.356
 0.188  0.960 -0.206 -0.334 -0.365 -0.354 -0.354
 0.190  0.963 -0.202 -0.332 -0.363 -0.353 -0.353
 0.192  0.967 -0.198 -0.329 -0.362 -0.351 -0.351
 0.194  0.970 -0.195 -0.327 -0.360 -0.350 -0.350
 0.196  0.974 -0.191 -0.325 -0.358 -0.349 -0.349
 0.198  0.978 -0.187 -0.322 -0.357 -0.347 -0.347
 0.200  0.981 -0.183 -0.320 -0.355 -0.346 -0.346
 0.202  0.985 -0.179 -0.317 -0.354 -0.345 -0.345
 0.204  0.988 -0.176 -0.315 -0.352 -0.343 -0.343
 0.206  0.992 -0.172 -0.313 -0.351 -0.342 -0.342
 0.208  0.996 -0.168 -0.310 -0.349 -0.340 -0.340
 0.210  0.999 -0.164 -0.308 -0.347 -0.339 -0.339
 0.212  1.003 -0.161 -0.305 -0.346 -0.338 -0.338
 0.214  1.005 -0.158 -0.303 -0.344 -0.336 -0.336
 0.216  1.009 -0.154 -0.301 -0.343 -0.334 -0.334
 0.218  1.012 -0.150 -0.298 -0.341 -0.333 -0.333
 0.220  1.016 -0.147 -0.296 -0.339 -0.332 -0.332
 0.222  1.019 -0.143 -0.293 -0.337 -0.330 -0.330
 0.224  1.023 -0.139 -0.291 -0.336 -0.329 -0.329
 0.226  1.026 -0.136 -0.289 -0.334 -0.328 -0.328
 0.228  1.030 -0.132 -0.287 -0.333 -0.326 -0.326
 0.230  1.033 -0.129 -0.284 -0.331 -0.325 -0.325
 0.232  1.037 -0.125 -0.282 -0.329 -0.323 -0.323
 0.234  1.040 -0.121 -0.280 -0.327 -0.322 -0.322
 0.236  1.043 -0.118 -0.278 -0.326 -0.320 -0.320
 0.238  1.047 -0.114 -0.276 -0.325 -0.319 -0.319
 0.240  1.050 -0.111 -0.274 -0.323 -0.317 -0.317
 0.242  1.053 -0.107 -0.271 -0.322 -0.316 -0.316
 0.244  1.057 -0.104 -0.269 -0.320 -0.315 -0.315
 0.246  1.060 -0.100 -0.267 -0.318 -0.313 -0.313
 0.248  1.063 -0.097 -0.265 -0.317 -0.312 -0.312
 0.250  1.065 -0.094 -0.263 -0.315 -0.311 -0.311
 0.252  1.068 -0.090 -0.261 -0.313 -0.309 -0.309
 0.254  1.071 -0.087 -0.259 -0.312 -0.308 -0.308
 0.256  1.074 -0.084 -0.257 -0.311 -0.307 -0.307
 0.258  1.077 -0.080 -0.255 -0.309 -0.305 -0.305
 0.260  1.080 -0.077 -0.253 -0.308 -0.304 -0.304
 0.262  1.083 -0.074 -0.251 -0.306 -0.303 -0.303
 0.264  1.086 -0.071 -0.249 -0.305 -0.302 -0.302
 0.266  1.089 -0.068 -0.247 -0.303 -0.300 -0.300
 0.268  1.092 -0.064 -0.245 -0.302 -0.299 -0.299
 0.270  1.094 -0.061 -0.243 -0.301 -0.298 -0.298
 0.272  1.097 -0.058 -0.241 -0.299 -0.296 -0.296
 0.274  1.100 -0.055 -0.240 -0.298 -0.295 -0.295
 0.276  1.103 -0.052 -0.237 -0.296 -0.294 -0.294
 0.278  1.105 -0.049 -0.235 -0.295 -0.292 -0.292
 0.280  1.108 -0.046 -0.234 -0.293 -0.291 -0.291
 0.282  1.110 -0.043 -0.232 -0.292 -0.290 -0.290
 0.284  1.113 -0.040 -0.230 -0.290 -0.289 -0.289
 0.286  1.116 -0.037 -0.228 -0.289 -0.288 -0.288
 0.288  1.118 -0.034 -0.226 -0.288 -0.287 -0.287
 0.290  1.120 -0.031 -0.225 -0.286 -0.286 -0.286
 0.292  1.123 -0.029 -0.223 -0.285 -0.285 -0.285
 0.294  1.125 -0.026 -0.221 -0.284 -0.283 -0.283
 0.296  1.127 -0.023 -0.219 -0.282 -0.282 -0.282
 0.298  1.129 -0.020 -0.218 -0.281 -0.281 -0.281
 0.300  1.131 -0.017 -0.215 -0.279 -0.280 -0.280
 0.302  1.133 -0.014 -0.213 -0.278 -0.279 -0.279
 0.304  1.136 -0.012 -0.212 -0.277 -0.278 -0.278
 0.306  1.138 -0.009 -0.210 -0.275 -0.276 -0.276
 0.308  1.140 -0.006 -0.208 -0.274 -0.275 -0.275
 0.310  1.142 -0.003 -0.206 -0.272 -0.274 -0.274
 0.312  1.145  0.000 -0.204 -0.271 -0.273 -0.273
 0.314  1.147  0.002 -0.203 -0.270 -0.272 -0.272
 0.316  1.149  0.005 -0.201 -0.268 -0.271 -0.271
 0.318  1.152  0.008 -0.198 -0.267 -0.269 -0.269
 0.320  1.154  0.011 -0.196 -0.265 -0.268 -0.268
 0.322  1.156  0.014 -0.195 -0.264 -0.267 -0.267
 0.324  1.159  0.017 -0.193 -0.262 -0.266 -0.266
 0.326  1.161  0.019 -0.191 -0.261 -0.264 -0.264
 0.328  1.164  0.022 -0.189 -0.259 -0.263 -0.263
 0.330  1.166  0.025 -0.187 -0.258 -0.262 -0.262
 0.332  1.169  0.028 -0.185 -0.256 -0.261 -0.261
 0.334  1.171  0.031 -0.183 -0.255 -0.260 -0.260
 0.336  1.173  0.034 -0.181 -0.253 -0.258 -0.258
 0.338  1.176  0.036 -0.179 -0.252 -0.257 -0.257
 0.340  1.179  0.039 -0.177 -0.250 -0.256 -0.256
 0.342  1.181  0.042 -0.175 -0.249 -0.255 -0.255
 0.344  1.184  0.045 -0.173 -0.248 -0.254 -0.254
 0.346  1.186  0.048 -0.171 -0.246 -0.253 -0.253
 0.348  1.188  0.051 -0.169 -0.245 -0.251 -0.251
 0.350  1.190  0.054 -0.167 -0.243 -0.250 -0.250
 0.352  1.193  0.057 -0.164 -0.242 -0.249 -0.249
 0.354  1.196  0.059 -0.162 -0.240 -0.247 -0.247
 0.356  1.198  0.062 -0.160 -0.239 -0.246 -0.246
 0.358  1.201  0.065 -0.158 -0.237 -0.245 -0.245
 0.360  1.204  0.068 -0.157 -0.235 -0.244 -0.244
 0.362  1.207  0.071 -0.155 -0.234 -0.243 -0.243
 0.364  1.209  0.074 -0.152 -0.232 -0.241 -0.241
 0.366  1.212  0.077 -0.150 -0.231 -0.240 -0.240
 0.368  1.215  0.080 -0.148 -0.229 -0.239 -0.239
 0.370  1.218  0.082 -0.146 -0.228 -0.237 -0.237
 0.372  1.220  0.085 -0.144 -0.227 -0.236 -0.236
 0.374  1.223  0.088 -0.142 -0.225 -0.235 -0.235
 0.376  1.226  0.091 -0.140 -0.224 -0.234 -0.234
 0.378  1.229  0.094 -0.138 -0.222 -0.232 -0.232
 0.380  1.232  0.096 -0.136 -0.221 -0.231 -0.231
 0.382  1.234  0.099 -0.135 -0.219 -0.230 -0.230
 0.384  1.237  0.102 -0.133 -0.218 -0.229 -0.229
 0.386  1.240  0.105 -0.130 -0.216 -0.227 -0.227
 0.388  1.242  0.107 -0.128 -0.215 -0.226 -0.226
 0.390  1.245  0.110 -0.127 -0.213 -0.225 -0.225
 0.392  1.248  0.113 -0.125 -0.212 -0.223 -0.223
 0.394  1.249  0.115 -0.123 -0.210 -0.222 -0.222
 0.396  1.252  0.118 -0.121 -0.209 -0.221 -0.221
 0.398  1.254  0.121 -0.119 -0.207 -0.220 -0.220
 0.400  1.257  0.123 -0.118 -0.206 -0.219 -0.219
 0.402  1.259  0.126 -0.116 -0.205 -0.218 -0.218
 0.404  1.262  0.128 -0.114 -0.203 -0.216 -0.216
 0.406  1.264  0.131 -0.112 -0.202 -0.215 -0.215
 0.408  1.267  0.134 -0.111 -0.201 -0.214 -0.214
 0.410  1.269  0.136 -0.108 -0.199 -0.212 -0.212
 0.412  1.272  0.139 -0.107 -0.198 -0.211 -0.211
 0.414  1.274  0.141 -0.106 -0.196 -0.210 -0.210
 0.416  1.276  0.143 -0.103 -0.195 -0.209 -0.209
 0.418  1.279  0.146 -0.102 -0.194 -0.207 -0.207
 0.420  1.281  0.148 -0.100 -0.193 -0.206 -0.206
 0.422  1.283  0.151 -0.099 -0.191 -0.205 -0.205
 0.424  1.285  0.153 -0.097 -0.190 -0.204 -0.204
 0.426  1.288  0.155 -0.095 -0.189 -0.203 -0.203
 0.428  1.290  0.158 -0.094 -0.187 -0.202 -0.202
 0.430  1.292  0.160 -0.092 -0.186 -0.200 -0.200
 0.432  1.294  0.162 -0.091 -0.185 -0.199 -0.199
 0.434  1.296  0.165 -0.089 -0.183 -0.198 -0.198
 0.436  1.298  0.167 -0.087 -0.182 -0.197 -0.197
 0.438  1.300  0.169 -0.086 -0.180 -0.195 -0.195
 0.440  1.302  0.172 -0.084 -0.179 -0.194 -0.194
 0.442  1.304  0.174 -0.082 -0.178 -0.193 -0.193
 0.444  1.306  0.176 -0.081 -0.177 -0.192 -0.192
 0.446  1.308  0.178 -0.079 -0.175 -0.191 -0.191
 0.448  1.310  0.180 -0.078 -0.174 -0.189 -0.189
 0.450  1.311  0.182 -0.077 -0.173 -0.188 -0.188
 0.452  1.313  0.184 -0.074 -0.172 -0.187 -0.187
 0.454  1.315  0.186 -0.073 -0.171 -0.186 -0.186
 0.456  1.317  0.188 -0.072 -0.169 -0.185 -0.185
 0.458  1.319  0.190 -0.070 -0.168 -0.184 -0.184
 0.460  1.321  0.192 -0.068 -0.166 -0.183 -0.183
 0.462  1.323  0.194 -0.067 -0.165 -0.181 -0.181
 0.464  1.324  0.196 -0.065 -0.164 -0.180 -0.180
 0.466  1.326  0.198 -0.064 -0.162 -0.179 -0.179
 0.468  1.328  0.200 -0.062 -0.161 -0.178 -0.178
 0.470  1.330  0.201 -0.061 -0.160 -0.177 -0.177
 0.472  1.331  0.203 -0.059 -0.158 -0.176 -0.176
 0.474  1.333  0.205 -0.057 -0.157 -0.175 -0.175
 0.476  1.335  0.206 -0.056 -0.156 -0.174 -0.174
 0.478  1.337  0.208 -0.055 -0.155 -0.173 -0.173
 0.480  1.338  0.210 -0.053 -0.153 -0.172 -0.172
 0.482  1.340  0.211 -0.052 -0.152 -0.171 -0.171
 0.484  1.342  0.213 -0.050 -0.151 -0.170 -0.170
 0.486  1.343  0.214 -0.048 -0.150 -0.169 -0.169
 0.488  1.345  0.216 -0.047 -0.148 -0.168 -0.168
 0.490  1.346  0.217 -0.045 -0.147 -0.167 -0.167
 0.492  1.348  0.219 -0.044 -0.145 -0.166 -0.166
 0.494  1.349  0.220 -0.043 -0.144 -0.164 -0.164
 0.496  1.351  0.221 -0.041 -0.143 -0.163 -0.163
 0.498  1.353  0.223 -0.040 -0.141 -0.162 -0.162
 0.500  1.354  0.224 -0.038 -0.140 -0.161 -0.161
 0.502  1.356  0.225 -0.036 -0.138 -0.160 -0.160
 0.504  1.357  0.226 -0.035 -0.137 -0.159 -0.159
 0.506  1.358  0.227 -0.033 -0.136 -0.158 -0.158
 0.508  1.360  0.229 -0.033 -0.135 -0.157 -0.157
 0.510  1.361  0.230 -0.031 -0.134 -0.156 -0.156
 0.512  1.363  0.231 -0.030 -0.133 -0.155 -0.155
 0.514  1.364  0.232 -0.028 -0.131 -0.154 -0.154
 0.516  1.365  0.233 -0.027 -0.130 -0.153 -0.153
 0.518  1.367  0.234 -0.026 -0.129 -0.152 -0.152
 0.520  1.368  0.235 -0.025 -0.128 -0.151 -0.151
 0.522  1.369  0.236 -0.024 -0.127 -0.150 -0.150
 0.524  1.370  0.237 -0.023 -0.126 -0.150 -0.150
 0.526  1.372  0.238 -0.022 -0.124 -0.149 -0.149
 0.528  1.372  0.239 -0.021 -0.124 -0.147 -0.147
 0.530  1.373  0.240 -0.020 -0.123 -0.147 -0.147
 0.532  1.374  0.241 -0.018 -0.122 -0.146 -0.146
 0.534  1.375  0.242 -0.018 -0.121 -0.145 -0.145
 0.536  1.375  0.243 -0.017 -0.120 -0.144 -0.144
 0.538  1.376  0.244 -0.016 -0.119 -0.143 -0.143
 0.540  1.377  0.244 -0.016 -0.119 -0.143 -0.143
 0.542  1.378  0.245 -0.015 -0.117 -0.142 -0.142
 0.544  1.378  0.246 -0.014 -0.117 -0.141 -0.141
 0.546  1.379  0.247 -0.013 -0.116 -0.140 -0.140
 0.548  1.380  0.248 -0.013 -0.116 -0.139 -0.139
 0.550  1.380  0.248 -0.012 -0.115 -0.138 -0.138
 0.552  1.381  0.249 -0.011 -0.114 -0.138 -0.138
 0.554  1.381  0.250 -0.011 -0.113 -0.137 -0.137
 0.556  1.381  0.251 -0.011 -0.113 -0.136 -0.136
 0.558  1.382  0.251 -0.010 -0.112 -0.135 -0.135
 0.560  1.382  0.252 -0.010 -0.112 -0.135 -0.135
 0.562  1.382  0.253 -0.009 -0.112 -0.134 -0.134
 0.564  1.383  0.253 -0.009 -0.111 -0.133 -0.133
 0.566  1.383  0.254 -0.009 -0.110 -0.133 -0.133
 0.568  1.383  0.255 -0.009 -0.110 -0.132 -0.132
 0.570  1.383  0.255 -0.008 -0.110 -0.131 -0.131
 0.572  1.383  0.256 -0.008 -0.109 -0.130 -0.130
 0.574  1.383  0.256 -0.008 -0.109 -0.130 -0.130
 0.576  1.383  0.257 -0.007 -0.109 -0.129 -0.129
 0.578  1.382  0.257 -0.007 -0.109 -0.129 -0.129
 0.580  1.382  0.258 -0.007 -0.108 -0.128 -0.128
 0.582  1.382  0.258 -0.007 -0.108 -0.127 -0.127
 0.584  1.382  0.259 -0.007 -0.108 -0.127 -0.127
 0.586  1.381  0.259 -0.006 -0.108 -0.126 -0.126
 0.588  1.381  0.260 -0.006 -0.108 -0.126 -0.126
 0.590  1.381  0.260 -0.006 -0.107 -0.125 -0.125
 0.592  1.380  0.260 -0.006 -0.107 -0.125 -0.125
 0.594  1.380  0.261 -0.006 -0.106 -0.124 -0.124
 0.596  1.380  0.261 -0.006 -0.106 -0.124 -0.124
 0.598  1.379  0.261 -0.006 -0.106 -0.123 -0.123
 0.600  1.379  0.261 -0.006 -0.106 -0.122 -0.122
 0.602  1.379  0.262 -0.006 -0.106 -0.121 -0.121
 0.604  1.378  0.262 -0.006 -0.105 -0.121 -0.121
 0.606  1.378  0.262 -0.006 -0.105 -0.120 -0.120
 0.608  1.378  0.262 -0.006 -0.105 -0.120 -0.120
 0.610  1.377  0.262 -0.006 -0.105 -0.119 -0.119
 0.612  1.377  0.262 -0.006 -0.104 -0.119 -0.119
 0.614  1.377  0.262 -0.006 -0.104 -0.118 -0.118
 0.616  1.377  0.262 -0.006 -0.104 -0.118 -0.118
 0.618  1.376  0.262 -0.006 -0.104 -0.117 -0.117
 0.620  1.376  0.262 -0.006 -0.104 -0.117 -0.117
 0.622  1.376  0.262 -0.006 -0.103 -0.116 -0.116
 0.624  1.376  0.261 -0.006 -0.103 -0.116 -0.116
 0.626  1.376  0.261 -0.006 -0.103 -0.115 -0.115
 0.628  1.375  0.261 -0.006 -0.102 -0.115 -0.115
 0.630  1.375  0.261 -0.006 -0.102 -0.114 -0.114
 0.632  1.375  0.260 -0.006 -0.102 -0.113 -0.113
 0.634  1.375  0.260 -0.006 -0.102 -0.113 -0.113
 0.636  1.375  0.259 -0.006 -0.102 -0.112 -0.112
 0.638  1.375  0.259 -0.006 -0.101 -0.112 -0.112
 0.640  1.375  0.259 -0.006 -0.101 -0.111 -0.111
 0.642  1.375  0.258 -0.007 -0.101 -0.111 -0.111
 0.644  1.375  0.258 -0.007 -0.101 -0.111 -0.111
 0.646  1.374  0.257 -0.007 -0.101 -0.110 -0.110
 0.648  1.374  0.256 -0.007 -0.101 -0.110 -0.110
 0.650  1.374  0.256 -0.007 -0.100 -0.109 -0.109
 0.652  1.374  0.255 -0.007 -0.100 -0.109 -0.109
 0.654  1.374  0.254 -0.008 -0.100 -0.108 -0.108
 0.656  1.374  0.254 -0.008 -0.100 -0.108 -0.108
 0.658  1.374  0.253 -0.008 -0.099 -0.107 -0.107
 0.660  1.374  0.252 -0.008 -0.099 -0.107 -0.107
 0.662  1.374  0.252 -0.008 -0.099 -0.106 -0.106
 0.664  1.375  0.251 -0.008 -0.099 -0.106 -0.106
 0.666  1.375  0.250 -0.009 -0.099 -0.106 -0.106
 0.668  1.375  0.250 -0.009 -0.099 -0.105 -0.105
 0.670  1.374  0.249 -0.009 -0.099 -0.104 -0.104
 0.672  1.374  0.248 -0.009 -0.099 -0.104 -0.104
 0.674  1.374  0.247 -0.009 -0.099 -0.104 -0.104
 0.676  1.374  0.247 -0.009 -0.099 -0.103 -0.103
 0.678  1.374  0.246 -0.009 -0.099 -0.103 -0.103
 0.680  1.374  0.245 -0.009 -0.099 -0.103 -0.103
 0.682  1.374  0.245 -0.009 -0.099 -0.102 -0.102
 0.684  1.374  0.244 -0.009 -0.099 -0.102 -0.102
 0.686  1.374  0.243 -0.009 -0.099 -0.102 -0.102
 0.688  1.373  0.243 -0.009 -0.099 -0.101 -0.101
 0.690  1.373  0.242 -0.009 -0.099 -0.101 -0.101
 0.692  1.373  0.241 -0.009 -0.099 -0.101 -0.101
 0.694  1.373  0.241 -0.009 -0.099 -0.100 -0.100
 0.696  1.373  0.240 -0.009 -0.099 -0.100 -0.100
 0.698  1.373  0.239 -0.009 -0.099 -0.100 -0.100
 0.700  1.372  0.239 -0.009 -0.099 -0.099 -0.099
 0.702  1.372  0.238 -0.009 -0.099 -0.099 -0.099
 0.704  1.372  0.237 -0.009 -0.099 -0.099 -0.099
 0.706  1.372  0.237 -0.009 -0.100 -0.099 -0.099
 0.708  1.372  0.236 -0.009 -0.100 -0.098 -0.098
 0.710  1.372  0.235 -0.009 -0.100 -0.098 -0.098
 0.712  1.372  0.234 -0.009 -0.101 -0.098 -0.098
 0.714  1.371  0.234 -0.009 -0.101 -0.098 -0.098
 0.716  1.371  0.233 -0.009 -0.101 -0.098 -0.098
 0.718  1.370  0.232 -0.009 -0.101 -0.098 -0.098
 0.720  1.370  0.231 -0.009 -0.101 -0.097 -0.097
 0.722  1.370  0.231 -0.009 -0.101 -0.097 -0.097
 0.724  1.369  0.230 -0.009 -0.101 -0.097 -0.097
 0.726  1.369  0.229 -0.009 -0.101 -0.096 -0.096
 0.728  1.369  0.229 -0.008 -0.101 -0.096 -0.096
 0.730  1.368  0.229 -0.008 -0.101 -0.096 -0.096
 0.732  1.368  0.229 -0.007 -0.101 -0.095 -0.095
 0.734  1.368  0.229 -0.006 -0.101 -0.095 -0.095
 0.736  1.368  0.229 -0.006 -0.101 -0.094 -0.094
 0.738  1.368  0.229 -0.005 -0.100 -0.093 -0.093
 0.740  1.368  0.230 -0.004 -0.100 -0.092 -0.092
 0.742  1.368  0.231 -0.004 -0.099 -0.092 -0.092
 0.744  1.369  0.232 -0.003 -0.099 -0.091 -0.091
 0.746  1.370  0.233 -0.001 -0.098 -0.089 -0.089
 0.748  1.370  0.234 -0.001 -0.098 -0.088 -0.088
 0.750  1.371  0.235  0.000 -0.097 -0.086 -0.086
 0.752  1.372  0.237  0.001 -0.096 -0.085 -0.085
 0.754  1.373  0.238  0.003 -0.095 -0.083 -0.083
 0.756  1.374  0.240  0.004 -0.094 -0.082 -0.082
 0.758  1.376  0.242  0.005 -0.093 -0.079 -0.079
 0.760  1.378  0.244  0.006 -0.092 -0.078 -0.078
 0.762  1.380  0.247  0.008 -0.091 -0.076 -0.076
 0.764  1.382  0.249  0.009 -0.090 -0.073 -0.073
 0.766  1.384  0.252  0.011 -0.089 -0.071 -0.071
 0.768  1.387  0.255  0.012 -0.087 -0.068 -0.068
 0.770  1.390  0.258  0.014 -0.086 -0.066 -0.066
 0.772  1.392  0.261  0.016 -0.085 -0.064 -0.064
 0.774  1.395  0.265  0.018 -0.083 -0.060 -0.060
 0.776  1.398  0.269  0.019 -0.081 -0.058 -0.058
 0.778  1.401  0.273  0.021 -0.080 -0.055 -0.055
 0.780  1.404  0.277  0.023 -0.078 -0.051 -0.051
 0.782  1.408  0.281  0.026 -0.076 -0.048 -0.048
 0.784  1.412  0.285  0.027 -0.074 -0.045 -0.045
 0.786  1.415  0.290  0.029 -0.073 -0.041 -0.041
 0.788  1.419  0.294  0.031 -0.071 -0.038 -0.038
 0.790  1.424  0.299  0.033 -0.069 -0.034 -0.034
 0.792  1.428  0.304  0.035 -0.067 -0.030 -0.030
 0.794  1.433  0.309  0.038 -0.065 -0.026 -0.026
 0.796  1.437  0.313  0.040 -0.063 -0.023 -0.023
 0.798  1.442  0.318  0.042 -0.061 -0.019 -0.019
 0.800  1.446  0.323  0.044 -0.059 -0.015 -0.015
 0.802  1.451  0.327  0.046 -0.056 -0.011 -0.011
 0.804  1.456  0.331  0.048 -0.055 -0.008 -0.008
 0.806  1.460  0.335  0.050 -0.052 -0.004 -0.004
 0.808  1.464  0.339  0.052 -0.050 -0.001 -0.001
 0.810  1.468  0.342  0.055 -0.048  0.002  0.002
 0.812  1.471  0.345  0.056 -0.046  0.004  0.004
 0.814  1.474  0.347  0.058 -0.043  0.007  0.007
 0.816  1.476  0.349  0.060 -0.041  0.009  0.009
 0.818  1.478  0.351  0.062 -0.039  0.010  0.010
 0.820  1.479  0.352  0.064 -0.036  0.012  0.012
 0.822  1.480  0.353  0.066 -0.034  0.013  0.013
 0.824  1.481  0.353  0.068 -0.032  0.013  0.013
 0.826  1.481  0.353  0.070 -0.029  0.014  0.014
 0.828  1.481  0.353  0.072 -0.027  0.015  0.015
 0.830  1.480  0.352  0.074 -0.024  0.015  0.015
 0.832  1.479  0.351  0.076 -0.022  0.015  0.015
 0.834  1.477  0.349  0.078 -0.020  0.014  0.014
 0.836  1.475  0.348  0.079 -0.017  0.013  0.013
 0.838  1.473  0.345  0.082 -0.015  0.012  0.012
 0.840  1.470  0.343  0.084 -0.013  0.011  0.011
 0.842  1.467  0.340  0.086 -0.010  0.010  0.010
 0.844  1.463  0.337  0.087 -0.008  0.009  0.009
 0.846  1.459  0.334  0.089 -0.005  0.007  0.007
 0.848  1.454  0.330  0.091 -0.003  0.004  0.004
 0.850  1.449  0.326  0.093  0.000  0.002  0.002
 0.852  1.444  0.321  0.095  0.003 -0.000 -0.000
 0.854  1.438  0.316  0.096  0.006 -0.004 -0.004
 0.856  1.433  0.311  0.098  0.009 -0.007 -0.007
 0.858  1.426  0.306  0.099  0.011 -0.010 -0.010
 0.860  1.419  0.300  0.100  0.014 -0.014 -0.014
 0.862  1.411  0.293  0.101  0.017 -0.018 -0.018
 0.864  1.403  0.286  0.101  0.018 -0.022 -0.022
 0.866  1.394  0.279  0.100  0.020 -0.027 -0.027
 0.868  1.385  0.272  0.099  0.021 -0.032 -0.032
 0.870  1.376  0.264  0.097  0.022 -0.036 -0.036
 0.872  1.368  0.255  0.095  0.022 -0.042 -0.042
 0.874  1.358  0.246  0.091  0.021 -0.047 -0.047
 0.876  1.347  0.237  0.087  0.020 -0.052 -0.052
 0.878  1.337  0.227  0.083  0.018 -0.058 -0.058
 0.880  1.325  0.217  0.077  0.015 -0.065 -0.065
 0.882  1.314  0.206  0.071  0.012 -0.070 -0.070
 0.884  1.303  0.195  0.064  0.008 -0.077 -0.077
 0.886  1.291  0.184  0.057  0.004 -0.084 -0.084
 0.888  1.278  0.172  0.049 -0.001 -0.090 -0.090
 0.890  1.266  0.159  0.040 -0.006 -0.097 -0.097
 0.892  1.252  0.146  0.031 -0.012 -0.104 -0.104
 0.894  1.240  0.133  0.022 -0.018 -0.112 -0.112
 0.896  1.226  0.119  0.012 -0.025 -0.119 -0.119
 0.898  1.211  0.105  0.001 -0.032 -0.127 -0.127
 0.900  1.197  0.090 -0.009 -0.041 -0.135 -0.135
 0.902  1.183  0.075 -0.021 -0.049 -0.143 -0.143
 0.904  1.168  0.059 -0.034 -0.058 -0.151 -0.151
 0.906  1.152  0.043 -0.047 -0.068 -0.160 -0.160
 0.908  1.136  0.026 -0.061 -0.078 -0.169 -0.169
 0.910  1.121  0.009 -0.076 -0.090 -0.178 -0.178
 0.912  1.105 -0.008 -0.091 -0.102 -0.187 -0.187
 0.914  1.088 -0.026 -0.108 -0.115 -0.196 -0.196
 0.916  1.072 -0.045 -0.125 -0.128 -0.205 -0.205
 0.918  1.055 -0.064 -0.143 -0.142 -0.215 -0.215
 0.920  1.038 -0.083 -0.162 -0.157 -0.224 -0.224
 0.922  1.020 -0.103 -0.181 -0.172 -0.235 -0.235
 0.924  1.003 -0.124 -0.200 -0.187 -0.245 -0.245
 0.926  0.984 -0.145 -0.219 -0.203 -0.255 -0.255
 0.928  0.965 -0.165 -0.239 -0.219 -0.266 -0.266
 0.930  0.945 -0.187 -0.258 -0.235 -0.277 -0.277
 0.932  0.926 -0.209 -0.277 -0.252 -0.288 -0.288
 0.934  0.905 -0.231 -0.296 -0.269 -0.299 -0.299
 0.936  0.884 -0.254 -0.314 -0.285 -0.311 -0.311
 0.938  0.864 -0.277 -0.332 -0.302 -0.323 -0.323
 0.940  0.842 -0.300 -0.350 -0.318 -0.334 -0.334
 0.942  0.821 -0.322 -0.367 -0.334 -0.346 -0.346
 0.944  0.801 -0.344 -0.384 -0.350 -0.357 -0.357
 0.946  0.780 -0.366 -0.400 -0.365 -0.368 -0.368
 0.948  0.759 -0.387 -0.416 -0.380 -0.379 -0.379
 0.950  0.740 -0.408 -0.431 -0.394 -0.390 -0.390
 0.952  0.721 -0.427 -0.445 -0.408 -0.400 -0.400
 0.954  0.702 -0.446 -0.459 -0.421 -0.409 -0.409
 0.956  0.685 -0.463 -0.471 -0.433 -0.418 -0.418
 0.958  0.668 -0.480 -0.484 -0.445 -0.427 -0.427
 0.960  0.652 -0.495 -0.495 -0.455 -0.435 -0.435
 0.962  0.637 -0.510 -0.507 -0.465 -0.443 -0.443
 0.964  0.623 -0.524 -0.517 -0.475 -0.450 -0.450
 0.966  0.609 -0.537 -0.527 -0.484 -0.457 -0.457
 0.968  0.596 -0.550 -0.537 -0.492 -0.464 -0.464
 0.970  0.583 -0.561 -0.545 -0.501 -0.470 -0.470
 0.972  0.573 -0.572 -0.553 -0.508 -0.476 -0.476
 0.974  0.562 -0.583 -0.561 -0.515 -0.482 -0.482
 0.976  0.552 -0.592 -0.568 -0.522 -0.487 -0.487
 0.978  0.543 -0.601 -0.574 -0.529 -0.492 -0.492
 0.980  0.534 -0.610 -0.581 -0.534 -0.496 -0.496
 0.982  0.527 -0.617 -0.585 -0.540 -0.500 -0.500
 0.984  0.520 -0.624 -0.590 -0.544 -0.504 -0.504
 0.986  0.514 -0.630 -0.595 -0.548 -0.507 -0.507
 0.988  0.510 -0.635 -0.598 -0.553 -0.510 -0.510
 0.990  0.506 -0.639 -0.602 -0.555 -0.512 -0.512
 0.992  0.503 -0.642 -0.604 -0.558 -0.514 -0.514
 0.994  0.500 -0.644 -0.606 -0.560 -0.515 -0.515
 0.996  0.499 -0.646 -0.607 -0.561 -0.516 -0.516
 0.998  0.498 -0.646 -0.608 -0.561 -0.517 -0.517
