# IsPeriodic    : True
# Period        : 0.638969 days
# Normalization : <g_mag>=0
# 
# Phase u_mag  g_mag  r_mag  i_mag  z_mag  y_mag
0 0.502 -0.696 -0.628 -0.542 -0.521 -0.521
0.00127794 0.502 -0.696 -0.628 -0.542 -0.521 -0.521
0.00255588 0.503 -0.696 -0.628 -0.542 -0.520 -0.520
0.00383381 0.505 -0.695 -0.628 -0.541 -0.520 -0.520
0.00511175 0.507 -0.692 -0.628 -0.541 -0.519 -0.519
0.00638969 0.510 -0.690 -0.627 -0.541 -0.519 -0.519
0.00766763 0.514 -0.689 -0.626 -0.540 -0.518 -0.518
0.00894557 0.518 -0.686 -0.625 -0.539 -0.517 -0.517
0.0102235 0.522 -0.684 -0.624 -0.538 -0.517 -0.517
0.0115014 0.527 -0.681 -0.623 -0.537 -0.516 -0.516
0.0127794 0.532 -0.677 -0.622 -0.536 -0.514 -0.514
0.0140573 0.537 -0.674 -0.620 -0.535 -0.513 -0.513
0.0153353 0.543 -0.671 -0.619 -0.534 -0.512 -0.512
0.0166132 0.548 -0.668 -0.617 -0.533 -0.511 -0.511
0.0178911 0.553 -0.663 -0.615 -0.531 -0.509 -0.509
0.0191691 0.558 -0.660 -0.613 -0.529 -0.507 -0.507
0.020447 0.563 -0.656 -0.611 -0.528 -0.505 -0.505
0.0217249 0.567 -0.653 -0.609 -0.526 -0.503 -0.503
0.0230029 0.572 -0.648 -0.606 -0.524 -0.501 -0.501
0.0242808 0.576 -0.644 -0.603 -0.522 -0.499 -0.499
0.0255588 0.581 -0.640 -0.601 -0.520 -0.497 -0.497
0.0268367 0.587 -0.636 -0.598 -0.517 -0.494 -0.494
0.0281146 0.591 -0.630 -0.595 -0.515 -0.491 -0.491
0.0293926 0.596 -0.626 -0.592 -0.512 -0.488 -0.488
0.0306705 0.601 -0.621 -0.588 -0.510 -0.486 -0.486
0.0319485 0.606 -0.615 -0.584 -0.507 -0.483 -0.483
0.0332264 0.611 -0.610 -0.581 -0.503 -0.480 -0.480
0.0345043 0.616 -0.605 -0.577 -0.500 -0.477 -0.477
0.0357823 0.621 -0.598 -0.574 -0.498 -0.474 -0.474
0.0370602 0.626 -0.593 -0.569 -0.495 -0.471 -0.471
0.0383381 0.631 -0.586 -0.565 -0.492 -0.468 -0.468
0.0396161 0.637 -0.580 -0.560 -0.489 -0.465 -0.465
0.040894 0.643 -0.573 -0.556 -0.486 -0.462 -0.462
0.042172 0.648 -0.567 -0.552 -0.482 -0.458 -0.458
0.0434499 0.653 -0.560 -0.546 -0.479 -0.456 -0.456
0.0447278 0.658 -0.553 -0.541 -0.476 -0.453 -0.453
0.0460058 0.663 -0.546 -0.537 -0.473 -0.451 -0.451
0.0472837 0.669 -0.539 -0.532 -0.470 -0.448 -0.448
0.0485616 0.674 -0.532 -0.527 -0.468 -0.445 -0.445
0.0498396 0.680 -0.524 -0.522 -0.465 -0.443 -0.443
0.0511175 0.685 -0.518 -0.517 -0.462 -0.441 -0.441
0.0523955 0.691 -0.510 -0.512 -0.459 -0.438 -0.438
0.0536734 0.696 -0.503 -0.507 -0.457 -0.436 -0.436
0.0549513 0.701 -0.496 -0.502 -0.454 -0.433 -0.433
0.0562293 0.706 -0.490 -0.498 -0.451 -0.431 -0.431
0.0575072 0.712 -0.482 -0.494 -0.449 -0.429 -0.429
0.0587851 0.717 -0.476 -0.489 -0.446 -0.427 -0.427
0.0600631 0.722 -0.470 -0.485 -0.444 -0.425 -0.425
0.061341 0.728 -0.463 -0.480 -0.441 -0.423 -0.423
0.062619 0.733 -0.457 -0.476 -0.439 -0.421 -0.421
0.0638969 0.738 -0.450 -0.473 -0.436 -0.419 -0.419
0.0651748 0.744 -0.445 -0.469 -0.434 -0.417 -0.417
0.0664528 0.749 -0.438 -0.465 -0.432 -0.416 -0.416
0.0677307 0.754 -0.433 -0.462 -0.429 -0.414 -0.414
0.0690087 0.759 -0.427 -0.458 -0.428 -0.412 -0.412
0.0702866 0.764 -0.421 -0.454 -0.425 -0.411 -0.411
0.0715645 0.768 -0.416 -0.451 -0.423 -0.410 -0.410
0.0728425 0.773 -0.410 -0.447 -0.421 -0.408 -0.408
0.0741204 0.779 -0.404 -0.444 -0.419 -0.407 -0.407
0.0753983 0.784 -0.399 -0.440 -0.417 -0.406 -0.406
0.0766763 0.789 -0.393 -0.437 -0.415 -0.405 -0.405
0.0779542 0.793 -0.389 -0.434 -0.413 -0.403 -0.403
0.0792322 0.798 -0.384 -0.431 -0.411 -0.402 -0.402
0.0805101 0.802 -0.378 -0.428 -0.410 -0.401 -0.401
0.081788 0.807 -0.374 -0.425 -0.408 -0.400 -0.400
0.083066 0.812 -0.369 -0.422 -0.406 -0.398 -0.398
0.0843439 0.816 -0.365 -0.419 -0.404 -0.397 -0.397
0.0856218 0.822 -0.360 -0.417 -0.402 -0.396 -0.396
0.0868998 0.826 -0.356 -0.415 -0.400 -0.395 -0.395
0.0881777 0.831 -0.352 -0.412 -0.399 -0.394 -0.394
0.0894557 0.835 -0.347 -0.410 -0.397 -0.393 -0.393
0.0907336 0.839 -0.343 -0.408 -0.395 -0.392 -0.392
0.0920115 0.844 -0.339 -0.405 -0.394 -0.390 -0.390
0.0932895 0.848 -0.335 -0.403 -0.392 -0.389 -0.389
0.0945674 0.852 -0.331 -0.400 -0.390 -0.388 -0.388
0.0958453 0.857 -0.327 -0.398 -0.389 -0.387 -0.387
0.0971233 0.861 -0.323 -0.396 -0.387 -0.385 -0.385
0.0984012 0.865 -0.318 -0.393 -0.385 -0.384 -0.384
0.0996792 0.870 -0.315 -0.391 -0.383 -0.383 -0.383
0.100957 0.874 -0.311 -0.389 -0.382 -0.381 -0.381
0.102235 0.878 -0.307 -0.386 -0.380 -0.380 -0.380
0.103513 0.882 -0.303 -0.384 -0.378 -0.378 -0.378
0.104791 0.886 -0.299 -0.382 -0.376 -0.377 -0.377
0.106069 0.890 -0.295 -0.379 -0.374 -0.376 -0.376
0.107347 0.894 -0.291 -0.377 -0.373 -0.374 -0.374
0.108625 0.898 -0.287 -0.374 -0.371 -0.373 -0.373
0.109903 0.902 -0.283 -0.372 -0.369 -0.371 -0.371
0.111181 0.906 -0.279 -0.369 -0.368 -0.370 -0.370
0.112459 0.910 -0.275 -0.367 -0.366 -0.368 -0.368
0.113736 0.914 -0.270 -0.364 -0.365 -0.367 -0.367
0.115014 0.919 -0.266 -0.361 -0.363 -0.365 -0.365
0.116292 0.923 -0.262 -0.359 -0.361 -0.364 -0.364
0.11757 0.927 -0.257 -0.356 -0.359 -0.362 -0.362
0.118848 0.931 -0.253 -0.353 -0.358 -0.361 -0.361
0.120126 0.935 -0.249 -0.350 -0.356 -0.359 -0.359
0.121404 0.939 -0.244 -0.348 -0.354 -0.357 -0.357
0.122682 0.943 -0.240 -0.345 -0.352 -0.356 -0.356
0.12396 0.947 -0.236 -0.343 -0.350 -0.354 -0.354
0.125238 0.950 -0.232 -0.339 -0.349 -0.352 -0.352
0.126516 0.954 -0.227 -0.336 -0.347 -0.351 -0.351
0.127794 0.958 -0.223 -0.334 -0.345 -0.349 -0.349
0.129072 0.963 -0.219 -0.331 -0.344 -0.347 -0.347
0.13035 0.967 -0.214 -0.328 -0.342 -0.346 -0.346
0.131628 0.970 -0.209 -0.325 -0.340 -0.344 -0.344
0.132906 0.974 -0.205 -0.322 -0.339 -0.342 -0.342
0.134183 0.978 -0.201 -0.319 -0.337 -0.341 -0.341
0.135461 0.982 -0.196 -0.316 -0.335 -0.339 -0.339
0.136739 0.985 -0.192 -0.313 -0.334 -0.338 -0.338
0.138017 0.989 -0.187 -0.310 -0.332 -0.336 -0.336
0.139295 0.993 -0.182 -0.307 -0.331 -0.335 -0.335
0.140573 0.996 -0.178 -0.304 -0.329 -0.333 -0.333
0.141851 1.000 -0.174 -0.301 -0.327 -0.332 -0.332
0.143129 1.004 -0.169 -0.298 -0.326 -0.330 -0.330
0.144407 1.007 -0.164 -0.296 -0.324 -0.329 -0.329
0.145685 1.012 -0.160 -0.292 -0.322 -0.327 -0.327
0.146963 1.015 -0.156 -0.290 -0.321 -0.326 -0.326
0.148241 1.019 -0.151 -0.287 -0.319 -0.324 -0.324
0.149519 1.022 -0.147 -0.285 -0.317 -0.323 -0.323
0.150797 1.026 -0.143 -0.281 -0.316 -0.321 -0.321
0.152075 1.029 -0.139 -0.279 -0.314 -0.320 -0.320
0.153353 1.033 -0.135 -0.276 -0.312 -0.319 -0.319
0.15463 1.036 -0.131 -0.274 -0.311 -0.317 -0.317
0.155908 1.039 -0.127 -0.271 -0.309 -0.316 -0.316
0.157186 1.043 -0.122 -0.269 -0.307 -0.314 -0.314
0.158464 1.046 -0.119 -0.267 -0.306 -0.313 -0.313
0.159742 1.049 -0.115 -0.263 -0.304 -0.312 -0.312
0.16102 1.053 -0.112 -0.261 -0.303 -0.310 -0.310
0.162298 1.056 -0.107 -0.259 -0.301 -0.309 -0.309
0.163576 1.060 -0.103 -0.256 -0.300 -0.307 -0.307
0.164854 1.063 -0.100 -0.254 -0.298 -0.306 -0.306
0.166132 1.067 -0.096 -0.252 -0.296 -0.305 -0.305
0.16741 1.070 -0.092 -0.249 -0.295 -0.304 -0.304
0.168688 1.073 -0.089 -0.248 -0.293 -0.302 -0.302
0.169966 1.076 -0.085 -0.245 -0.292 -0.301 -0.301
0.171244 1.079 -0.082 -0.243 -0.290 -0.300 -0.300
0.172522 1.082 -0.078 -0.241 -0.289 -0.299 -0.299
0.1738 1.085 -0.075 -0.239 -0.287 -0.297 -0.297
0.175078 1.088 -0.072 -0.237 -0.285 -0.296 -0.296
0.176355 1.091 -0.068 -0.235 -0.284 -0.295 -0.295
0.177633 1.094 -0.064 -0.233 -0.282 -0.294 -0.294
0.178911 1.097 -0.061 -0.231 -0.281 -0.293 -0.293
0.180189 1.100 -0.058 -0.229 -0.279 -0.291 -0.291
0.181467 1.103 -0.055 -0.227 -0.277 -0.290 -0.290
0.182745 1.106 -0.053 -0.225 -0.276 -0.289 -0.289
0.184023 1.109 -0.049 -0.224 -0.274 -0.288 -0.288
0.185301 1.112 -0.046 -0.222 -0.272 -0.286 -0.286
0.186579 1.115 -0.043 -0.220 -0.271 -0.285 -0.285
0.187857 1.117 -0.040 -0.218 -0.269 -0.284 -0.284
0.189135 1.120 -0.037 -0.216 -0.268 -0.283 -0.283
0.190413 1.123 -0.033 -0.214 -0.266 -0.281 -0.281
0.191691 1.125 -0.031 -0.213 -0.264 -0.280 -0.280
0.192969 1.128 -0.028 -0.210 -0.263 -0.279 -0.279
0.194247 1.131 -0.025 -0.209 -0.261 -0.278 -0.278
0.195525 1.133 -0.022 -0.206 -0.260 -0.276 -0.276
0.196802 1.136 -0.018 -0.205 -0.258 -0.275 -0.275
0.19808 1.139 -0.015 -0.202 -0.256 -0.274 -0.274
0.199358 1.142 -0.013 -0.201 -0.255 -0.272 -0.272
0.200636 1.144 -0.010 -0.198 -0.253 -0.271 -0.271
0.201914 1.147 -0.007 -0.196 -0.252 -0.270 -0.270
0.203192 1.150 -0.003 -0.195 -0.250 -0.269 -0.269
0.20447 1.153 -0.000 -0.192 -0.248 -0.267 -0.267
0.205748 1.156 0.003 -0.190 -0.247 -0.266 -0.266
0.207026 1.159 0.006 -0.188 -0.245 -0.265 -0.265
0.208304 1.162 0.008 -0.186 -0.243 -0.264 -0.264
0.209582 1.165 0.012 -0.184 -0.242 -0.262 -0.262
0.21086 1.167 0.015 -0.182 -0.240 -0.261 -0.261
0.212138 1.170 0.018 -0.180 -0.239 -0.260 -0.260
0.213416 1.173 0.021 -0.177 -0.237 -0.259 -0.259
0.214694 1.176 0.024 -0.175 -0.235 -0.257 -0.257
0.215972 1.178 0.028 -0.173 -0.234 -0.256 -0.256
0.217249 1.181 0.031 -0.171 -0.232 -0.254 -0.254
0.218527 1.184 0.033 -0.169 -0.230 -0.253 -0.253
0.219805 1.187 0.036 -0.166 -0.229 -0.252 -0.252
0.221083 1.190 0.039 -0.164 -0.227 -0.250 -0.250
0.222361 1.193 0.043 -0.162 -0.226 -0.249 -0.249
0.223639 1.196 0.046 -0.159 -0.224 -0.247 -0.247
0.224917 1.199 0.049 -0.158 -0.222 -0.246 -0.246
0.226195 1.202 0.052 -0.155 -0.221 -0.245 -0.245
0.227473 1.205 0.056 -0.153 -0.219 -0.244 -0.244
0.228751 1.208 0.059 -0.151 -0.218 -0.242 -0.242
0.230029 1.211 0.061 -0.148 -0.216 -0.241 -0.241
0.231307 1.214 0.064 -0.146 -0.214 -0.240 -0.240
0.232585 1.217 0.067 -0.144 -0.213 -0.238 -0.238
0.233863 1.220 0.071 -0.141 -0.211 -0.237 -0.237
0.235141 1.223 0.074 -0.139 -0.209 -0.235 -0.235
0.236419 1.226 0.077 -0.137 -0.208 -0.234 -0.234
0.237696 1.229 0.080 -0.134 -0.206 -0.232 -0.232
0.238974 1.231 0.083 -0.132 -0.204 -0.231 -0.231
0.240252 1.234 0.086 -0.130 -0.202 -0.230 -0.230
0.24153 1.237 0.089 -0.128 -0.201 -0.228 -0.228
0.242808 1.240 0.092 -0.126 -0.199 -0.227 -0.227
0.244086 1.243 0.095 -0.123 -0.197 -0.225 -0.225
0.245364 1.247 0.098 -0.121 -0.195 -0.224 -0.224
0.246642 1.249 0.102 -0.119 -0.194 -0.222 -0.222
0.24792 1.252 0.104 -0.117 -0.192 -0.221 -0.221
0.249198 1.255 0.107 -0.115 -0.190 -0.220 -0.220
0.250476 1.258 0.110 -0.112 -0.189 -0.218 -0.218
0.251754 1.260 0.113 -0.111 -0.187 -0.217 -0.217
0.253032 1.263 0.116 -0.108 -0.185 -0.215 -0.215
0.25431 1.265 0.119 -0.106 -0.184 -0.214 -0.214
0.255588 1.268 0.122 -0.105 -0.182 -0.213 -0.213
0.256866 1.271 0.125 -0.102 -0.180 -0.211 -0.211
0.258143 1.273 0.127 -0.100 -0.179 -0.210 -0.210
0.259421 1.276 0.131 -0.098 -0.177 -0.208 -0.208
0.260699 1.278 0.134 -0.096 -0.175 -0.206 -0.206
0.261977 1.281 0.136 -0.094 -0.174 -0.205 -0.205
0.263255 1.283 0.139 -0.092 -0.172 -0.204 -0.204
0.264533 1.286 0.142 -0.090 -0.170 -0.202 -0.202
0.265811 1.288 0.146 -0.088 -0.168 -0.201 -0.201
0.267089 1.290 0.148 -0.086 -0.167 -0.199 -0.199
0.268367 1.294 0.151 -0.084 -0.165 -0.198 -0.198
0.269645 1.296 0.154 -0.082 -0.163 -0.196 -0.196
0.270923 1.298 0.156 -0.080 -0.161 -0.195 -0.195
0.272201 1.301 0.159 -0.078 -0.160 -0.194 -0.194
0.273479 1.303 0.162 -0.076 -0.158 -0.192 -0.192
0.274757 1.305 0.165 -0.074 -0.157 -0.191 -0.191
0.276035 1.307 0.168 -0.072 -0.155 -0.189 -0.189
0.277313 1.310 0.170 -0.071 -0.154 -0.188 -0.188
0.27859 1.312 0.173 -0.068 -0.152 -0.186 -0.186
0.279868 1.314 0.176 -0.067 -0.151 -0.185 -0.185
0.281146 1.316 0.179 -0.065 -0.149 -0.184 -0.184
0.282424 1.318 0.181 -0.064 -0.148 -0.183 -0.183
0.283702 1.320 0.184 -0.061 -0.147 -0.181 -0.181
0.28498 1.322 0.186 -0.060 -0.145 -0.180 -0.180
0.286258 1.324 0.188 -0.058 -0.143 -0.179 -0.179
0.287536 1.326 0.192 -0.057 -0.142 -0.178 -0.178
0.288814 1.328 0.194 -0.055 -0.141 -0.176 -0.176
0.290092 1.330 0.196 -0.054 -0.140 -0.175 -0.175
0.29137 1.332 0.198 -0.052 -0.138 -0.174 -0.174
0.292648 1.334 0.200 -0.050 -0.137 -0.173 -0.173
0.293926 1.336 0.202 -0.049 -0.135 -0.171 -0.171
0.295204 1.337 0.204 -0.047 -0.134 -0.170 -0.170
0.296482 1.339 0.207 -0.046 -0.133 -0.169 -0.169
0.29776 1.342 0.209 -0.044 -0.132 -0.168 -0.168
0.299037 1.344 0.211 -0.043 -0.130 -0.166 -0.166
0.300315 1.345 0.213 -0.042 -0.129 -0.165 -0.165
0.301593 1.347 0.215 -0.040 -0.128 -0.164 -0.164
0.302871 1.349 0.217 -0.039 -0.127 -0.163 -0.163
0.304149 1.350 0.219 -0.037 -0.126 -0.162 -0.162
0.305427 1.352 0.221 -0.036 -0.125 -0.161 -0.161
0.306705 1.353 0.223 -0.035 -0.124 -0.160 -0.160
0.307983 1.355 0.225 -0.033 -0.123 -0.159 -0.159
0.309261 1.356 0.226 -0.032 -0.122 -0.158 -0.158
0.310539 1.358 0.228 -0.031 -0.121 -0.156 -0.156
0.311817 1.359 0.230 -0.030 -0.119 -0.155 -0.155
0.313095 1.361 0.231 -0.029 -0.119 -0.154 -0.154
0.314373 1.362 0.233 -0.028 -0.117 -0.153 -0.153
0.315651 1.363 0.234 -0.027 -0.117 -0.152 -0.152
0.316929 1.365 0.236 -0.025 -0.116 -0.151 -0.151
0.318207 1.366 0.238 -0.025 -0.114 -0.150 -0.150
0.319485 1.367 0.239 -0.024 -0.114 -0.149 -0.149
0.320762 1.369 0.240 -0.022 -0.113 -0.148 -0.148
0.32204 1.370 0.242 -0.022 -0.112 -0.147 -0.147
0.323318 1.371 0.243 -0.021 -0.111 -0.146 -0.146
0.324596 1.372 0.244 -0.019 -0.110 -0.145 -0.145
0.325874 1.373 0.245 -0.018 -0.109 -0.144 -0.144
0.327152 1.374 0.247 -0.018 -0.108 -0.144 -0.144
0.32843 1.375 0.248 -0.017 -0.107 -0.143 -0.143
0.329708 1.376 0.249 -0.015 -0.106 -0.141 -0.141
0.330986 1.377 0.251 -0.014 -0.105 -0.141 -0.141
0.332264 1.378 0.252 -0.014 -0.104 -0.140 -0.140
0.333542 1.379 0.253 -0.013 -0.103 -0.139 -0.139
0.33482 1.380 0.254 -0.012 -0.103 -0.138 -0.138
0.336098 1.381 0.255 -0.011 -0.101 -0.137 -0.137
0.337376 1.382 0.256 -0.010 -0.101 -0.136 -0.136
0.338654 1.383 0.257 -0.009 -0.100 -0.135 -0.135
0.339932 1.384 0.258 -0.008 -0.099 -0.135 -0.135
0.341209 1.385 0.259 -0.007 -0.098 -0.134 -0.134
0.342487 1.386 0.260 -0.007 -0.097 -0.133 -0.133
0.343765 1.386 0.261 -0.005 -0.096 -0.133 -0.133
0.345043 1.388 0.262 -0.004 -0.095 -0.131 -0.131
0.346321 1.389 0.263 -0.003 -0.095 -0.131 -0.131
0.347599 1.390 0.263 -0.003 -0.093 -0.130 -0.130
0.348877 1.390 0.264 -0.002 -0.093 -0.129 -0.129
0.350155 1.391 0.266 -0.001 -0.092 -0.129 -0.129
0.351433 1.392 0.267 -0.000 -0.091 -0.128 -0.128
0.352711 1.392 0.268 0.001 -0.090 -0.127 -0.127
0.353989 1.393 0.268 0.002 -0.089 -0.126 -0.126
0.355267 1.394 0.269 0.003 -0.088 -0.126 -0.126
0.356545 1.394 0.270 0.004 -0.088 -0.125 -0.125
0.357823 1.395 0.270 0.004 -0.087 -0.124 -0.124
0.359101 1.395 0.271 0.005 -0.086 -0.124 -0.124
0.360379 1.396 0.272 0.006 -0.085 -0.123 -0.123
0.361656 1.396 0.272 0.007 -0.085 -0.123 -0.123
0.362934 1.397 0.273 0.007 -0.084 -0.121 -0.121
0.364212 1.397 0.273 0.008 -0.083 -0.121 -0.121
0.36549 1.398 0.274 0.009 -0.082 -0.120 -0.120
0.366768 1.398 0.274 0.010 -0.082 -0.120 -0.120
0.368046 1.398 0.275 0.011 -0.081 -0.119 -0.119
0.369324 1.399 0.275 0.011 -0.080 -0.118 -0.118
0.370602 1.399 0.276 0.012 -0.079 -0.118 -0.118
0.37188 1.399 0.276 0.013 -0.079 -0.117 -0.117
0.373158 1.400 0.277 0.014 -0.078 -0.116 -0.116
0.374436 1.400 0.277 0.015 -0.077 -0.115 -0.115
0.375714 1.400 0.277 0.015 -0.077 -0.115 -0.115
0.376992 1.400 0.278 0.016 -0.076 -0.114 -0.114
0.37827 1.401 0.278 0.016 -0.075 -0.114 -0.114
0.379548 1.401 0.279 0.017 -0.075 -0.113 -0.113
0.380826 1.401 0.279 0.018 -0.074 -0.112 -0.112
0.382103 1.401 0.279 0.018 -0.074 -0.111 -0.111
0.383381 1.401 0.281 0.018 -0.073 -0.111 -0.111
0.384659 1.402 0.281 0.019 -0.072 -0.110 -0.110
0.385937 1.402 0.281 0.020 -0.072 -0.110 -0.110
0.387215 1.402 0.281 0.020 -0.071 -0.109 -0.109
0.388493 1.402 0.282 0.021 -0.071 -0.108 -0.108
0.389771 1.402 0.282 0.022 -0.070 -0.108 -0.108
0.391049 1.402 0.282 0.022 -0.070 -0.107 -0.107
0.392327 1.402 0.282 0.022 -0.069 -0.106 -0.106
0.393605 1.402 0.283 0.022 -0.069 -0.106 -0.106
0.394883 1.402 0.283 0.023 -0.068 -0.105 -0.105
0.396161 1.403 0.283 0.023 -0.067 -0.105 -0.105
0.397439 1.403 0.283 0.024 -0.067 -0.104 -0.104
0.398717 1.403 0.283 0.024 -0.067 -0.103 -0.103
0.399995 1.403 0.283 0.025 -0.066 -0.103 -0.103
0.401273 1.403 0.284 0.025 -0.066 -0.102 -0.102
0.40255 1.403 0.284 0.025 -0.066 -0.101 -0.101
0.403828 1.402 0.284 0.025 -0.065 -0.101 -0.101
0.405106 1.402 0.284 0.025 -0.064 -0.100 -0.100
0.406384 1.402 0.284 0.025 -0.064 -0.100 -0.100
0.407662 1.402 0.284 0.026 -0.064 -0.099 -0.099
0.40894 1.402 0.284 0.026 -0.063 -0.099 -0.099
0.410218 1.402 0.284 0.026 -0.063 -0.098 -0.098
0.411496 1.402 0.284 0.027 -0.063 -0.098 -0.098
0.412774 1.402 0.284 0.027 -0.063 -0.097 -0.097
0.414052 1.402 0.284 0.027 -0.062 -0.096 -0.096
0.41533 1.401 0.284 0.027 -0.062 -0.096 -0.096
0.416608 1.401 0.284 0.027 -0.061 -0.095 -0.095
0.417886 1.401 0.284 0.027 -0.061 -0.095 -0.095
0.419164 1.401 0.284 0.027 -0.061 -0.095 -0.095
0.420442 1.401 0.283 0.027 -0.061 -0.094 -0.094
0.42172 1.400 0.283 0.027 -0.061 -0.094 -0.094
0.422997 1.400 0.283 0.027 -0.060 -0.093 -0.093
0.424275 1.400 0.283 0.027 -0.060 -0.093 -0.093
0.425553 1.400 0.282 0.027 -0.060 -0.093 -0.093
0.426831 1.399 0.282 0.027 -0.059 -0.092 -0.092
0.428109 1.399 0.282 0.027 -0.059 -0.091 -0.091
0.429387 1.398 0.281 0.027 -0.059 -0.091 -0.091
0.430665 1.398 0.281 0.027 -0.059 -0.091 -0.091
0.431943 1.397 0.279 0.027 -0.059 -0.091 -0.091
0.433221 1.397 0.279 0.026 -0.059 -0.090 -0.090
0.434499 1.396 0.278 0.026 -0.059 -0.090 -0.090
0.435777 1.396 0.278 0.026 -0.058 -0.090 -0.090
0.437055 1.395 0.277 0.026 -0.058 -0.089 -0.089
0.438333 1.394 0.277 0.025 -0.058 -0.089 -0.089
0.439611 1.394 0.276 0.025 -0.058 -0.089 -0.089
0.440889 1.393 0.275 0.025 -0.058 -0.089 -0.089
0.442167 1.392 0.275 0.025 -0.058 -0.088 -0.088
0.443444 1.392 0.274 0.025 -0.058 -0.088 -0.088
0.444722 1.391 0.273 0.024 -0.058 -0.088 -0.088
0.446 1.390 0.272 0.024 -0.058 -0.088 -0.088
0.447278 1.390 0.271 0.023 -0.058 -0.087 -0.087
0.448556 1.389 0.271 0.023 -0.058 -0.087 -0.087
0.449834 1.388 0.270 0.022 -0.058 -0.086 -0.086
0.451112 1.386 0.269 0.022 -0.058 -0.086 -0.086
0.45239 1.385 0.268 0.022 -0.058 -0.086 -0.086
0.453668 1.384 0.267 0.021 -0.058 -0.085 -0.085
0.454946 1.383 0.266 0.021 -0.057 -0.085 -0.085
0.456224 1.382 0.264 0.020 -0.056 -0.084 -0.084
0.457502 1.381 0.263 0.020 -0.056 -0.084 -0.084
0.45878 1.379 0.262 0.019 -0.055 -0.083 -0.083
0.460058 1.378 0.261 0.019 -0.054 -0.082 -0.082
0.461336 1.377 0.260 0.019 -0.054 -0.082 -0.082
0.462614 1.376 0.259 0.018 -0.053 -0.080 -0.080
0.463891 1.375 0.258 0.018 -0.052 -0.080 -0.080
0.465169 1.374 0.258 0.019 -0.051 -0.079 -0.079
0.466447 1.373 0.257 0.019 -0.050 -0.078 -0.078
0.467725 1.373 0.257 0.019 -0.049 -0.077 -0.077
0.469003 1.372 0.257 0.020 -0.048 -0.076 -0.076
0.470281 1.372 0.257 0.021 -0.046 -0.075 -0.075
0.471559 1.372 0.257 0.021 -0.045 -0.074 -0.074
0.472837 1.372 0.257 0.022 -0.043 -0.073 -0.073
0.474115 1.373 0.258 0.023 -0.042 -0.071 -0.071
0.475393 1.373 0.259 0.024 -0.040 -0.070 -0.070
0.476671 1.374 0.259 0.025 -0.038 -0.069 -0.069
0.477949 1.375 0.260 0.026 -0.037 -0.067 -0.067
0.479227 1.376 0.261 0.028 -0.035 -0.066 -0.066
0.480505 1.378 0.262 0.029 -0.033 -0.064 -0.064
0.481783 1.379 0.264 0.031 -0.030 -0.063 -0.063
0.483061 1.381 0.266 0.033 -0.029 -0.062 -0.062
0.484339 1.383 0.267 0.034 -0.026 -0.060 -0.060
0.485616 1.386 0.269 0.036 -0.024 -0.058 -0.058
0.486894 1.389 0.271 0.038 -0.022 -0.057 -0.057
0.488172 1.392 0.272 0.040 -0.019 -0.055 -0.055
0.48945 1.395 0.274 0.042 -0.016 -0.053 -0.053
0.490728 1.398 0.277 0.044 -0.014 -0.052 -0.052
0.492006 1.402 0.279 0.047 -0.011 -0.049 -0.049
0.493284 1.406 0.283 0.049 -0.009 -0.048 -0.048
0.494562 1.409 0.285 0.052 -0.006 -0.046 -0.046
0.49584 1.414 0.288 0.055 -0.003 -0.044 -0.044
0.497118 1.418 0.291 0.058 -0.001 -0.042 -0.042
0.498396 1.423 0.294 0.061 0.002 -0.040 -0.040
0.499674 1.427 0.299 0.064 0.004 -0.038 -0.038
0.500952 1.432 0.302 0.067 0.007 -0.036 -0.036
0.50223 1.439 0.305 0.070 0.010 -0.034 -0.034
0.503508 1.444 0.309 0.073 0.012 -0.032 -0.032
0.504786 1.450 0.313 0.076 0.015 -0.030 -0.030
0.506063 1.455 0.316 0.079 0.018 -0.028 -0.028
0.507341 1.461 0.320 0.083 0.020 -0.026 -0.026
0.508619 1.467 0.323 0.086 0.023 -0.024 -0.024
0.509897 1.474 0.327 0.089 0.025 -0.022 -0.022
0.511175 1.479 0.330 0.092 0.028 -0.019 -0.019
0.512453 1.486 0.334 0.095 0.030 -0.017 -0.017
0.513731 1.492 0.336 0.098 0.032 -0.015 -0.015
0.515009 1.497 0.339 0.101 0.034 -0.013 -0.013
0.516287 1.502 0.343 0.103 0.037 -0.010 -0.010
0.517565 1.506 0.346 0.106 0.039 -0.008 -0.008
0.518843 1.510 0.348 0.108 0.041 -0.006 -0.006
0.520121 1.514 0.351 0.112 0.043 -0.004 -0.004
0.521399 1.516 0.353 0.114 0.046 -0.002 -0.002
0.522677 1.519 0.356 0.116 0.047 0.001 0.001
0.523955 1.520 0.358 0.119 0.049 0.003 0.003
0.525233 1.522 0.360 0.121 0.051 0.006 0.006
0.52651 1.523 0.362 0.123 0.054 0.008 0.008
0.527788 1.523 0.363 0.126 0.055 0.011 0.011
0.529066 1.523 0.365 0.128 0.057 0.013 0.013
0.530344 1.523 0.366 0.130 0.060 0.016 0.016
0.531622 1.522 0.367 0.132 0.062 0.018 0.018
0.5329 1.520 0.368 0.134 0.064 0.021 0.021
0.534178 1.519 0.369 0.136 0.066 0.024 0.024
0.535456 1.517 0.371 0.138 0.068 0.026 0.026
0.536734 1.514 0.372 0.140 0.070 0.028 0.028
0.538012 1.511 0.372 0.142 0.072 0.031 0.031
0.53929 1.508 0.373 0.144 0.073 0.032 0.032
0.540568 1.504 0.374 0.145 0.075 0.033 0.033
0.541846 1.500 0.374 0.147 0.075 0.035 0.035
0.543124 1.495 0.374 0.148 0.075 0.035 0.035
0.544402 1.490 0.375 0.150 0.075 0.034 0.034
0.54568 1.484 0.375 0.152 0.074 0.033 0.033
0.546957 1.477 0.375 0.153 0.073 0.032 0.032
0.548235 1.471 0.375 0.154 0.070 0.030 0.030
0.549513 1.464 0.374 0.155 0.068 0.027 0.027
0.550791 1.456 0.373 0.155 0.065 0.023 0.023
0.552069 1.448 0.372 0.155 0.061 0.020 0.020
0.553347 1.440 0.369 0.153 0.057 0.016 0.016
0.554625 1.430 0.366 0.152 0.052 0.011 0.011
0.555903 1.421 0.362 0.150 0.047 0.006 0.006
0.557181 1.412 0.358 0.147 0.041 0.000 0.000
0.558459 1.402 0.351 0.143 0.035 -0.006 -0.006
0.559737 1.391 0.345 0.138 0.028 -0.013 -0.013
0.561015 1.380 0.337 0.133 0.021 -0.019 -0.019
0.562293 1.369 0.329 0.126 0.013 -0.027 -0.027
0.563571 1.357 0.319 0.119 0.005 -0.035 -0.035
0.564849 1.345 0.309 0.112 -0.004 -0.044 -0.044
0.566127 1.332 0.299 0.104 -0.014 -0.053 -0.053
0.567404 1.320 0.287 0.095 -0.024 -0.063 -0.063
0.568682 1.307 0.274 0.086 -0.034 -0.073 -0.073
0.56996 1.292 0.261 0.076 -0.046 -0.084 -0.084
0.571238 1.279 0.247 0.065 -0.058 -0.096 -0.096
0.572516 1.265 0.232 0.054 -0.071 -0.109 -0.109
0.573794 1.250 0.217 0.043 -0.084 -0.121 -0.121
0.575072 1.234 0.201 0.031 -0.098 -0.135 -0.135
0.57635 1.219 0.184 0.018 -0.112 -0.149 -0.149
0.577628 1.204 0.166 0.004 -0.127 -0.163 -0.163
0.578906 1.187 0.148 -0.010 -0.142 -0.178 -0.178
0.580184 1.170 0.127 -0.025 -0.157 -0.192 -0.192
0.581462 1.154 0.106 -0.041 -0.173 -0.207 -0.207
0.58274 1.136 0.084 -0.058 -0.189 -0.222 -0.222
0.584018 1.118 0.061 -0.076 -0.205 -0.236 -0.236
0.585296 1.100 0.036 -0.095 -0.222 -0.251 -0.251
0.586574 1.082 0.012 -0.115 -0.239 -0.266 -0.266
0.587851 1.063 -0.014 -0.134 -0.255 -0.280 -0.280
0.589129 1.043 -0.041 -0.155 -0.271 -0.294 -0.294
0.590407 1.024 -0.068 -0.176 -0.287 -0.308 -0.308
0.591685 1.003 -0.096 -0.197 -0.303 -0.321 -0.321
0.592963 0.983 -0.123 -0.218 -0.319 -0.335 -0.335
0.594241 0.961 -0.151 -0.238 -0.334 -0.347 -0.347
0.595519 0.940 -0.180 -0.260 -0.348 -0.359 -0.359
0.596797 0.919 -0.208 -0.280 -0.361 -0.371 -0.371
0.598075 0.896 -0.236 -0.300 -0.374 -0.381 -0.381
0.599353 0.875 -0.264 -0.321 -0.386 -0.392 -0.392
0.600631 0.852 -0.292 -0.340 -0.398 -0.402 -0.402
0.601909 0.830 -0.318 -0.359 -0.409 -0.411 -0.411
0.603187 0.808 -0.344 -0.377 -0.419 -0.420 -0.420
0.604465 0.787 -0.370 -0.395 -0.430 -0.429 -0.429
0.605743 0.765 -0.395 -0.412 -0.439 -0.437 -0.437
0.607021 0.745 -0.418 -0.429 -0.449 -0.445 -0.445
0.608298 0.725 -0.441 -0.445 -0.458 -0.452 -0.452
0.609576 0.707 -0.462 -0.460 -0.466 -0.460 -0.460
0.610854 0.690 -0.482 -0.474 -0.474 -0.466 -0.466
0.612132 0.673 -0.502 -0.488 -0.482 -0.472 -0.472
0.61341 0.657 -0.520 -0.501 -0.489 -0.478 -0.478
0.614688 0.643 -0.537 -0.513 -0.496 -0.484 -0.484
0.615966 0.628 -0.553 -0.525 -0.503 -0.489 -0.489
0.617244 0.615 -0.568 -0.535 -0.508 -0.494 -0.494
0.618522 0.602 -0.582 -0.546 -0.514 -0.498 -0.498
0.6198 0.590 -0.596 -0.556 -0.519 -0.502 -0.502
0.621078 0.578 -0.609 -0.565 -0.523 -0.506 -0.506
0.622356 0.568 -0.621 -0.573 -0.527 -0.508 -0.508
0.623634 0.558 -0.631 -0.581 -0.530 -0.511 -0.511
0.624912 0.549 -0.642 -0.588 -0.533 -0.513 -0.513
0.62619 0.541 -0.652 -0.595 -0.535 -0.514 -0.514
0.627468 0.532 -0.660 -0.602 -0.537 -0.516 -0.516
0.628745 0.526 -0.669 -0.607 -0.538 -0.517 -0.517
0.630023 0.520 -0.675 -0.612 -0.539 -0.518 -0.518
0.631301 0.515 -0.682 -0.616 -0.541 -0.518 -0.518
0.632579 0.510 -0.687 -0.620 -0.541 -0.519 -0.519
0.633857 0.507 -0.690 -0.623 -0.541 -0.519 -0.519
0.635135 0.505 -0.693 -0.625 -0.542 -0.520 -0.520
0.636413 0.503 -0.696 -0.627 -0.542 -0.520 -0.520
0.637691 0.502 -0.697 -0.628 -0.542 -0.520 -0.520
