# IsPeriodic    : True
# Period        : 0.636775 days
# Normalization : <g_mag>=0
# 
# Phase u_mag  g_mag  r_mag  i_mag  z_mag  y_mag
 0.000  0.446 -0.709 -0.635 -0.541 -0.509 -0.509
 0.002  0.446 -0.709 -0.635 -0.541 -0.509 -0.509
 0.004  0.447 -0.709 -0.635 -0.541 -0.509 -0.509
 0.006  0.448 -0.708 -0.635 -0.541 -0.508 -0.508
 0.008  0.449 -0.707 -0.633 -0.540 -0.508 -0.508
 0.010  0.451 -0.704 -0.632 -0.539 -0.507 -0.507
 0.012  0.453 -0.702 -0.631 -0.538 -0.507 -0.507
 0.014  0.455 -0.700 -0.629 -0.537 -0.506 -0.506
 0.016  0.458 -0.698 -0.627 -0.536 -0.506 -0.506
 0.018  0.460 -0.696 -0.624 -0.534 -0.505 -0.505
 0.020  0.463 -0.693 -0.623 -0.533 -0.504 -0.504
 0.022  0.466 -0.689 -0.620 -0.531 -0.503 -0.503
 0.024  0.470 -0.686 -0.618 -0.529 -0.502 -0.502
 0.026  0.473 -0.683 -0.615 -0.528 -0.500 -0.500
 0.028  0.476 -0.680 -0.612 -0.526 -0.499 -0.499
 0.030  0.480 -0.676 -0.610 -0.524 -0.498 -0.498
 0.032  0.484 -0.672 -0.607 -0.522 -0.496 -0.496
 0.034  0.488 -0.668 -0.604 -0.520 -0.495 -0.495
 0.036  0.493 -0.664 -0.601 -0.518 -0.493 -0.493
 0.038  0.498 -0.659 -0.599 -0.517 -0.491 -0.491
 0.040  0.502 -0.655 -0.596 -0.515 -0.490 -0.490
 0.042  0.507 -0.650 -0.593 -0.512 -0.487 -0.487
 0.044  0.512 -0.645 -0.589 -0.511 -0.486 -0.486
 0.046  0.517 -0.640 -0.586 -0.508 -0.483 -0.483
 0.048  0.522 -0.634 -0.582 -0.506 -0.481 -0.481
 0.050  0.528 -0.629 -0.579 -0.503 -0.478 -0.478
 0.052  0.534 -0.623 -0.575 -0.501 -0.476 -0.476
 0.054  0.540 -0.616 -0.571 -0.498 -0.473 -0.473
 0.056  0.546 -0.610 -0.567 -0.496 -0.471 -0.471
 0.058  0.553 -0.603 -0.563 -0.493 -0.468 -0.468
 0.060  0.560 -0.597 -0.559 -0.490 -0.466 -0.466
 0.062  0.566 -0.590 -0.555 -0.487 -0.462 -0.462
 0.064  0.573 -0.583 -0.551 -0.484 -0.459 -0.459
 0.066  0.580 -0.575 -0.546 -0.481 -0.456 -0.456
 0.068  0.588 -0.568 -0.541 -0.478 -0.453 -0.453
 0.070  0.595 -0.560 -0.536 -0.475 -0.450 -0.450
 0.072  0.603 -0.553 -0.532 -0.471 -0.446 -0.446
 0.074  0.611 -0.545 -0.527 -0.468 -0.443 -0.443
 0.076  0.619 -0.537 -0.522 -0.465 -0.440 -0.440
 0.078  0.626 -0.529 -0.517 -0.462 -0.437 -0.437
 0.080  0.634 -0.521 -0.513 -0.458 -0.434 -0.434
 0.082  0.642 -0.514 -0.507 -0.455 -0.430 -0.430
 0.084  0.649 -0.506 -0.502 -0.452 -0.427 -0.427
 0.086  0.656 -0.499 -0.498 -0.449 -0.424 -0.424
 0.088  0.663 -0.491 -0.494 -0.446 -0.421 -0.421
 0.090  0.671 -0.484 -0.489 -0.442 -0.418 -0.418
 0.092  0.678 -0.476 -0.484 -0.440 -0.415 -0.415
 0.094  0.685 -0.470 -0.479 -0.437 -0.412 -0.412
 0.096  0.691 -0.462 -0.475 -0.434 -0.410 -0.410
 0.098  0.698 -0.455 -0.471 -0.431 -0.407 -0.407
 0.100  0.704 -0.449 -0.467 -0.428 -0.405 -0.405
 0.102  0.710 -0.443 -0.463 -0.425 -0.402 -0.402
 0.104  0.716 -0.436 -0.459 -0.423 -0.400 -0.400
 0.106  0.722 -0.430 -0.455 -0.420 -0.397 -0.397
 0.108  0.729 -0.423 -0.450 -0.417 -0.395 -0.395
 0.110  0.734 -0.418 -0.446 -0.415 -0.393 -0.393
 0.112  0.740 -0.411 -0.443 -0.412 -0.391 -0.391
 0.114  0.745 -0.405 -0.439 -0.410 -0.388 -0.388
 0.116  0.751 -0.399 -0.435 -0.408 -0.386 -0.386
 0.118  0.756 -0.394 -0.431 -0.405 -0.384 -0.384
 0.120  0.761 -0.388 -0.428 -0.403 -0.382 -0.382
 0.122  0.766 -0.382 -0.424 -0.401 -0.380 -0.380
 0.124  0.771 -0.377 -0.421 -0.398 -0.378 -0.378
 0.126  0.776 -0.371 -0.417 -0.397 -0.376 -0.376
 0.128  0.780 -0.366 -0.414 -0.394 -0.374 -0.374
 0.130  0.786 -0.362 -0.410 -0.392 -0.373 -0.373
 0.132  0.790 -0.356 -0.407 -0.390 -0.371 -0.371
 0.134  0.794 -0.352 -0.404 -0.389 -0.369 -0.369
 0.136  0.798 -0.348 -0.401 -0.387 -0.368 -0.368
 0.138  0.802 -0.342 -0.398 -0.385 -0.366 -0.366
 0.140  0.806 -0.338 -0.394 -0.383 -0.365 -0.365
 0.142  0.810 -0.334 -0.391 -0.381 -0.364 -0.364
 0.144  0.813 -0.329 -0.389 -0.379 -0.363 -0.363
 0.146  0.817 -0.325 -0.386 -0.378 -0.361 -0.361
 0.148  0.821 -0.321 -0.383 -0.376 -0.360 -0.360
 0.150  0.824 -0.316 -0.380 -0.374 -0.358 -0.358
 0.152  0.828 -0.312 -0.377 -0.373 -0.357 -0.357
 0.154  0.831 -0.308 -0.375 -0.371 -0.356 -0.356
 0.156  0.835 -0.304 -0.372 -0.370 -0.354 -0.354
 0.158  0.838 -0.299 -0.369 -0.368 -0.353 -0.353
 0.160  0.842 -0.295 -0.367 -0.367 -0.351 -0.351
 0.162  0.846 -0.291 -0.364 -0.365 -0.350 -0.350
 0.164  0.850 -0.286 -0.361 -0.363 -0.349 -0.349
 0.166  0.853 -0.282 -0.359 -0.362 -0.347 -0.347
 0.168  0.857 -0.278 -0.356 -0.360 -0.346 -0.346
 0.170  0.861 -0.273 -0.353 -0.359 -0.345 -0.345
 0.172  0.864 -0.269 -0.350 -0.357 -0.344 -0.344
 0.174  0.868 -0.265 -0.348 -0.355 -0.342 -0.342
 0.176  0.872 -0.260 -0.345 -0.354 -0.341 -0.341
 0.178  0.875 -0.256 -0.342 -0.352 -0.339 -0.339
 0.180  0.879 -0.252 -0.340 -0.350 -0.338 -0.338
 0.182  0.883 -0.247 -0.337 -0.348 -0.336 -0.336
 0.184  0.886 -0.243 -0.334 -0.347 -0.335 -0.335
 0.186  0.890 -0.239 -0.332 -0.345 -0.333 -0.333
 0.188  0.894 -0.235 -0.329 -0.343 -0.332 -0.332
 0.190  0.898 -0.230 -0.326 -0.341 -0.331 -0.331
 0.192  0.901 -0.226 -0.324 -0.340 -0.329 -0.329
 0.194  0.906 -0.222 -0.322 -0.338 -0.327 -0.327
 0.196  0.910 -0.217 -0.319 -0.337 -0.326 -0.326
 0.198  0.914 -0.213 -0.316 -0.335 -0.325 -0.325
 0.200  0.917 -0.209 -0.314 -0.333 -0.323 -0.323
 0.202  0.921 -0.204 -0.311 -0.332 -0.322 -0.322
 0.204  0.925 -0.200 -0.309 -0.330 -0.320 -0.320
 0.206  0.929 -0.196 -0.307 -0.328 -0.319 -0.319
 0.208  0.933 -0.190 -0.303 -0.326 -0.317 -0.317
 0.210  0.936 -0.186 -0.301 -0.325 -0.316 -0.316
 0.212  0.940 -0.182 -0.299 -0.323 -0.314 -0.314
 0.214  0.944 -0.177 -0.296 -0.321 -0.313 -0.313
 0.216  0.948 -0.173 -0.294 -0.319 -0.311 -0.311
 0.218  0.952 -0.169 -0.291 -0.318 -0.309 -0.309
 0.220  0.956 -0.164 -0.289 -0.316 -0.308 -0.308
 0.222  0.960 -0.160 -0.286 -0.314 -0.307 -0.307
 0.224  0.964 -0.156 -0.284 -0.313 -0.305 -0.305
 0.226  0.968 -0.152 -0.281 -0.311 -0.303 -0.303
 0.228  0.972 -0.147 -0.279 -0.309 -0.302 -0.302
 0.230  0.976 -0.143 -0.276 -0.307 -0.300 -0.300
 0.232  0.979 -0.139 -0.274 -0.305 -0.299 -0.299
 0.234  0.983 -0.134 -0.272 -0.303 -0.298 -0.298
 0.236  0.986 -0.131 -0.269 -0.302 -0.296 -0.296
 0.238  0.990 -0.127 -0.267 -0.300 -0.294 -0.294
 0.240  0.994 -0.122 -0.265 -0.299 -0.293 -0.293
 0.242  0.997 -0.119 -0.262 -0.297 -0.292 -0.292
 0.244  1.001 -0.115 -0.260 -0.295 -0.290 -0.290
 0.246  1.004 -0.112 -0.257 -0.294 -0.289 -0.289
 0.248  1.007 -0.107 -0.255 -0.292 -0.287 -0.287
 0.250  1.011 -0.104 -0.253 -0.290 -0.286 -0.286
 0.252  1.014 -0.100 -0.250 -0.289 -0.284 -0.284
 0.254  1.018 -0.097 -0.249 -0.287 -0.283 -0.283
 0.256  1.021 -0.093 -0.246 -0.285 -0.281 -0.281
 0.258  1.025 -0.089 -0.244 -0.284 -0.280 -0.280
 0.260  1.028 -0.086 -0.242 -0.282 -0.279 -0.279
 0.262  1.032 -0.083 -0.239 -0.280 -0.277 -0.277
 0.264  1.035 -0.079 -0.237 -0.278 -0.276 -0.276
 0.266  1.038 -0.076 -0.234 -0.277 -0.274 -0.274
 0.268  1.041 -0.073 -0.233 -0.275 -0.273 -0.273
 0.270  1.044 -0.070 -0.230 -0.274 -0.271 -0.271
 0.272  1.047 -0.066 -0.228 -0.272 -0.270 -0.270
 0.274  1.050 -0.063 -0.226 -0.270 -0.269 -0.269
 0.276  1.053 -0.060 -0.224 -0.269 -0.267 -0.267
 0.278  1.056 -0.057 -0.222 -0.267 -0.266 -0.266
 0.280  1.059 -0.055 -0.219 -0.265 -0.265 -0.265
 0.282  1.062 -0.051 -0.218 -0.264 -0.263 -0.263
 0.284  1.065 -0.048 -0.215 -0.262 -0.262 -0.262
 0.286  1.068 -0.046 -0.213 -0.261 -0.261 -0.261
 0.288  1.071 -0.043 -0.211 -0.259 -0.259 -0.259
 0.290  1.074 -0.039 -0.209 -0.258 -0.258 -0.258
 0.292  1.076 -0.037 -0.207 -0.256 -0.256 -0.256
 0.294  1.079 -0.034 -0.204 -0.254 -0.255 -0.255
 0.296  1.083 -0.031 -0.203 -0.253 -0.253 -0.253
 0.298  1.086 -0.029 -0.200 -0.251 -0.252 -0.252
 0.300  1.089 -0.025 -0.199 -0.250 -0.251 -0.251
 0.302  1.091 -0.023 -0.196 -0.248 -0.250 -0.250
 0.304  1.094 -0.020 -0.194 -0.247 -0.248 -0.248
 0.306  1.097 -0.017 -0.192 -0.245 -0.247 -0.247
 0.308  1.100 -0.015 -0.190 -0.243 -0.246 -0.246
 0.310  1.103 -0.011 -0.188 -0.242 -0.245 -0.245
 0.312  1.105 -0.008 -0.186 -0.240 -0.243 -0.243
 0.314  1.108 -0.006 -0.184 -0.239 -0.242 -0.242
 0.316  1.111 -0.003 -0.182 -0.237 -0.241 -0.241
 0.318  1.114  0.000 -0.180 -0.236 -0.239 -0.239
 0.320  1.117  0.004 -0.177 -0.234 -0.238 -0.238
 0.322  1.119  0.007 -0.176 -0.232 -0.237 -0.237
 0.324  1.122  0.009 -0.173 -0.231 -0.235 -0.235
 0.326  1.125  0.012 -0.172 -0.229 -0.234 -0.234
 0.328  1.128  0.016 -0.169 -0.228 -0.233 -0.233
 0.330  1.130  0.019 -0.167 -0.226 -0.231 -0.231
 0.332  1.133  0.022 -0.165 -0.224 -0.230 -0.230
 0.334  1.136  0.024 -0.163 -0.223 -0.229 -0.229
 0.336  1.139  0.027 -0.161 -0.221 -0.227 -0.227
 0.338  1.142  0.031 -0.159 -0.219 -0.226 -0.226
 0.340  1.145  0.034 -0.158 -0.218 -0.225 -0.225
 0.342  1.148  0.037 -0.155 -0.216 -0.224 -0.224
 0.344  1.151  0.040 -0.153 -0.215 -0.222 -0.222
 0.346  1.154  0.042 -0.151 -0.213 -0.221 -0.221
 0.348  1.156  0.046 -0.149 -0.212 -0.220 -0.220
 0.350  1.159  0.049 -0.147 -0.210 -0.219 -0.219
 0.352  1.162  0.052 -0.145 -0.208 -0.217 -0.217
 0.354  1.165  0.055 -0.143 -0.207 -0.216 -0.216
 0.356  1.167  0.059 -0.141 -0.205 -0.215 -0.215
 0.358  1.170  0.062 -0.139 -0.204 -0.214 -0.214
 0.360  1.173  0.065 -0.137 -0.202 -0.212 -0.212
 0.362  1.175  0.068 -0.135 -0.200 -0.211 -0.211
 0.364  1.178  0.072 -0.133 -0.199 -0.210 -0.210
 0.366  1.181  0.075 -0.131 -0.197 -0.209 -0.209
 0.368  1.184  0.078 -0.129 -0.196 -0.207 -0.207
 0.370  1.186  0.081 -0.127 -0.194 -0.206 -0.206
 0.372  1.189  0.083 -0.125 -0.193 -0.205 -0.205
 0.374  1.192  0.087 -0.123 -0.191 -0.203 -0.203
 0.376  1.194  0.090 -0.121 -0.189 -0.202 -0.202
 0.378  1.197  0.093 -0.119 -0.188 -0.201 -0.201
 0.380  1.201  0.096 -0.117 -0.186 -0.200 -0.200
 0.382  1.203  0.100 -0.115 -0.184 -0.198 -0.198
 0.384  1.206  0.103 -0.113 -0.183 -0.197 -0.197
 0.386  1.208  0.105 -0.111 -0.181 -0.196 -0.196
 0.388  1.211  0.108 -0.109 -0.179 -0.194 -0.194
 0.390  1.214  0.111 -0.107 -0.178 -0.193 -0.193
 0.392  1.216  0.115 -0.105 -0.176 -0.192 -0.192
 0.394  1.219  0.118 -0.103 -0.174 -0.190 -0.190
 0.396  1.221  0.120 -0.101 -0.173 -0.189 -0.189
 0.398  1.224  0.123 -0.099 -0.171 -0.188 -0.188
 0.400  1.226  0.127 -0.097 -0.169 -0.186 -0.186
 0.402  1.229  0.130 -0.095 -0.168 -0.185 -0.185
 0.404  1.231  0.133 -0.093 -0.166 -0.184 -0.184
 0.406  1.234  0.135 -0.091 -0.164 -0.182 -0.182
 0.408  1.236  0.138 -0.089 -0.163 -0.181 -0.181
 0.410  1.239  0.142 -0.087 -0.161 -0.180 -0.180
 0.412  1.241  0.144 -0.085 -0.159 -0.179 -0.179
 0.414  1.244  0.147 -0.083 -0.158 -0.177 -0.177
 0.416  1.246  0.150 -0.081 -0.156 -0.176 -0.176
 0.418  1.249  0.153 -0.079 -0.155 -0.175 -0.175
 0.420  1.251  0.156 -0.077 -0.153 -0.173 -0.173
 0.422  1.254  0.159 -0.075 -0.151 -0.172 -0.172
 0.424  1.256  0.162 -0.073 -0.150 -0.170 -0.170
 0.426  1.258  0.164 -0.070 -0.148 -0.169 -0.169
 0.428  1.262  0.168 -0.069 -0.147 -0.167 -0.167
 0.430  1.264  0.170 -0.066 -0.145 -0.166 -0.166
 0.432  1.266  0.173 -0.065 -0.144 -0.165 -0.165
 0.434  1.269  0.176 -0.062 -0.142 -0.163 -0.163
 0.436  1.271  0.178 -0.061 -0.140 -0.162 -0.162
 0.438  1.273  0.182 -0.058 -0.139 -0.161 -0.161
 0.440  1.276  0.184 -0.057 -0.137 -0.160 -0.160
 0.442  1.278  0.187 -0.055 -0.136 -0.158 -0.158
 0.444  1.280  0.189 -0.053 -0.134 -0.157 -0.157
 0.446  1.282  0.191 -0.051 -0.132 -0.156 -0.156
 0.448  1.284  0.194 -0.049 -0.131 -0.154 -0.154
 0.450  1.287  0.197 -0.047 -0.129 -0.153 -0.153
 0.452  1.289  0.199 -0.046 -0.128 -0.152 -0.152
 0.454  1.291  0.202 -0.043 -0.126 -0.150 -0.150
 0.456  1.293  0.204 -0.042 -0.125 -0.149 -0.149
 0.458  1.295  0.206 -0.040 -0.124 -0.148 -0.148
 0.460  1.297  0.208 -0.039 -0.123 -0.146 -0.146
 0.462  1.299  0.211 -0.036 -0.121 -0.145 -0.145
 0.464  1.301  0.214 -0.035 -0.120 -0.144 -0.144
 0.466  1.303  0.216 -0.033 -0.118 -0.143 -0.143
 0.468  1.305  0.218 -0.032 -0.117 -0.141 -0.141
 0.470  1.307  0.220 -0.030 -0.116 -0.140 -0.140
 0.472  1.309  0.222 -0.028 -0.115 -0.139 -0.139
 0.474  1.311  0.225 -0.027 -0.113 -0.138 -0.138
 0.476  1.312  0.227 -0.025 -0.113 -0.136 -0.136
 0.478  1.314  0.228 -0.024 -0.112 -0.135 -0.135
 0.480  1.316  0.230 -0.022 -0.110 -0.134 -0.134
 0.482  1.318  0.232 -0.020 -0.109 -0.133 -0.133
 0.484  1.320  0.234 -0.019 -0.108 -0.132 -0.132
 0.486  1.322  0.236 -0.017 -0.107 -0.130 -0.130
 0.488  1.324  0.238 -0.016 -0.106 -0.129 -0.129
 0.490  1.326  0.240 -0.014 -0.105 -0.128 -0.128
 0.492  1.327  0.242 -0.013 -0.104 -0.126 -0.126
 0.494  1.329  0.243 -0.012 -0.103 -0.125 -0.125
 0.496  1.331  0.245 -0.010 -0.102 -0.124 -0.124
 0.498  1.332  0.247 -0.009 -0.101 -0.123 -0.123
 0.500  1.334  0.248 -0.007 -0.101 -0.122 -0.122
 0.502  1.335  0.251 -0.006 -0.099 -0.121 -0.121
 0.504  1.337  0.252 -0.005 -0.099 -0.120 -0.120
 0.506  1.338  0.253 -0.003 -0.098 -0.119 -0.119
 0.508  1.340  0.255 -0.002 -0.097 -0.118 -0.118
 0.510  1.341  0.256 -0.001 -0.096 -0.116 -0.116
 0.512  1.342  0.258  0.000 -0.095 -0.115 -0.115
 0.514  1.344  0.259  0.002 -0.094 -0.114 -0.114
 0.516  1.345  0.260  0.003 -0.094 -0.113 -0.113
 0.518  1.346  0.261  0.004 -0.093 -0.112 -0.112
 0.520  1.347  0.263  0.005 -0.092 -0.111 -0.111
 0.522  1.348  0.265  0.007 -0.091 -0.110 -0.110
 0.524  1.349  0.266  0.007 -0.091 -0.109 -0.109
 0.526  1.350  0.267  0.008 -0.090 -0.108 -0.108
 0.528  1.351  0.268  0.010 -0.089 -0.107 -0.107
 0.530  1.352  0.269  0.010 -0.088 -0.106 -0.106
 0.532  1.353  0.270  0.011 -0.088 -0.105 -0.105
 0.534  1.354  0.271  0.012 -0.087 -0.104 -0.104
 0.536  1.355  0.272  0.014 -0.087 -0.104 -0.104
 0.538  1.356  0.273  0.014 -0.086 -0.102 -0.102
 0.540  1.356  0.274  0.015 -0.085 -0.102 -0.102
 0.542  1.357  0.275  0.016 -0.084 -0.101 -0.101
 0.544  1.358  0.276  0.017 -0.083 -0.100 -0.100
 0.546  1.358  0.276  0.018 -0.083 -0.099 -0.099
 0.548  1.359  0.277  0.018 -0.082 -0.099 -0.099
 0.550  1.359  0.279  0.019 -0.082 -0.097 -0.097
 0.552  1.360  0.280  0.020 -0.081 -0.097 -0.097
 0.554  1.360  0.280  0.021 -0.080 -0.096 -0.096
 0.556  1.361  0.281  0.022 -0.080 -0.095 -0.095
 0.558  1.361  0.281  0.022 -0.079 -0.095 -0.095
 0.560  1.361  0.282  0.022 -0.079 -0.093 -0.093
 0.562  1.362  0.283  0.023 -0.078 -0.093 -0.093
 0.564  1.362  0.283  0.024 -0.077 -0.092 -0.092
 0.566  1.362  0.284  0.024 -0.077 -0.092 -0.092
 0.568  1.362  0.284  0.025 -0.076 -0.091 -0.091
 0.570  1.362  0.284  0.026 -0.076 -0.090 -0.090
 0.572  1.362  0.285  0.026 -0.075 -0.090 -0.090
 0.574  1.362  0.285  0.026 -0.075 -0.089 -0.089
 0.576  1.362  0.285  0.027 -0.074 -0.088 -0.088
 0.578  1.362  0.286  0.027 -0.074 -0.087 -0.087
 0.580  1.362  0.286  0.028 -0.073 -0.087 -0.087
 0.582  1.362  0.286  0.028 -0.072 -0.086 -0.086
 0.584  1.362  0.286  0.029 -0.072 -0.086 -0.086
 0.586  1.362  0.287  0.029 -0.072 -0.085 -0.085
 0.588  1.362  0.287  0.029 -0.071 -0.085 -0.085
 0.590  1.362  0.287  0.029 -0.071 -0.084 -0.084
 0.592  1.362  0.287  0.030 -0.070 -0.083 -0.083
 0.594  1.362  0.287  0.030 -0.069 -0.083 -0.083
 0.596  1.362  0.287  0.030 -0.069 -0.082 -0.082
 0.598  1.362  0.287  0.031 -0.068 -0.082 -0.082
 0.600  1.362  0.287  0.031 -0.068 -0.081 -0.081
 0.602  1.362  0.287  0.032 -0.067 -0.081 -0.081
 0.604  1.362  0.287  0.032 -0.067 -0.081 -0.081
 0.606  1.362  0.287  0.032 -0.066 -0.080 -0.080
 0.608  1.362  0.287  0.033 -0.066 -0.080 -0.080
 0.610  1.362  0.287  0.033 -0.065 -0.079 -0.079
 0.612  1.362  0.287  0.033 -0.064 -0.078 -0.078
 0.614  1.361  0.287  0.033 -0.064 -0.078 -0.078
 0.616  1.361  0.287  0.033 -0.063 -0.078 -0.078
 0.618  1.361  0.287  0.033 -0.063 -0.077 -0.077
 0.620  1.361  0.287  0.034 -0.062 -0.077 -0.077
 0.622  1.361  0.286  0.034 -0.061 -0.077 -0.077
 0.624  1.361  0.286  0.034 -0.061 -0.076 -0.076
 0.626  1.361  0.286  0.034 -0.060 -0.076 -0.076
 0.628  1.361  0.286  0.035 -0.060 -0.076 -0.076
 0.630  1.361  0.285  0.035 -0.059 -0.075 -0.075
 0.632  1.361  0.285  0.035 -0.058 -0.074 -0.074
 0.634  1.361  0.285  0.035 -0.058 -0.074 -0.074
 0.636  1.361  0.284  0.035 -0.057 -0.074 -0.074
 0.638  1.361  0.284  0.036 -0.057 -0.074 -0.074
 0.640  1.361  0.283  0.036 -0.056 -0.073 -0.073
 0.642  1.361  0.283  0.036 -0.055 -0.073 -0.073
 0.644  1.361  0.282  0.036 -0.055 -0.073 -0.073
 0.646  1.361  0.282  0.036 -0.054 -0.073 -0.073
 0.648  1.360  0.282  0.036 -0.053 -0.072 -0.072
 0.650  1.360  0.281  0.036 -0.053 -0.072 -0.072
 0.652  1.360  0.281  0.036 -0.052 -0.072 -0.072
 0.654  1.360  0.280  0.036 -0.052 -0.071 -0.071
 0.656  1.360  0.280  0.036 -0.051 -0.071 -0.071
 0.658  1.360  0.279  0.036 -0.051 -0.071 -0.071
 0.660  1.360  0.279  0.036 -0.050 -0.071 -0.071
 0.662  1.360  0.277  0.036 -0.050 -0.070 -0.070
 0.664  1.359  0.277  0.036 -0.049 -0.070 -0.070
 0.666  1.359  0.276  0.036 -0.049 -0.069 -0.069
 0.668  1.359  0.276  0.036 -0.049 -0.069 -0.069
 0.670  1.359  0.275  0.035 -0.048 -0.069 -0.069
 0.672  1.359  0.275  0.035 -0.048 -0.068 -0.068
 0.674  1.358  0.274  0.035 -0.047 -0.068 -0.068
 0.676  1.358  0.274  0.035 -0.047 -0.068 -0.068
 0.678  1.358  0.273  0.034 -0.047 -0.067 -0.067
 0.680  1.358  0.273  0.034 -0.047 -0.067 -0.067
 0.682  1.357  0.272  0.034 -0.046 -0.067 -0.067
 0.684  1.357  0.272  0.033 -0.046 -0.066 -0.066
 0.686  1.357  0.271  0.033 -0.046 -0.066 -0.066
 0.688  1.357  0.271  0.033 -0.045 -0.066 -0.066
 0.690  1.356  0.270  0.033 -0.045 -0.065 -0.065
 0.692  1.356  0.270  0.032 -0.045 -0.064 -0.064
 0.694  1.356  0.269  0.032 -0.045 -0.064 -0.064
 0.696  1.355  0.269  0.031 -0.045 -0.064 -0.064
 0.698  1.355  0.268  0.031 -0.045 -0.063 -0.063
 0.700  1.354  0.268  0.030 -0.045 -0.063 -0.063
 0.702  1.354  0.267  0.030 -0.045 -0.062 -0.062
 0.704  1.354  0.267  0.029 -0.045 -0.062 -0.062
 0.706  1.353  0.266  0.029 -0.045 -0.062 -0.062
 0.708  1.353  0.266  0.028 -0.045 -0.061 -0.061
 0.710  1.352  0.265  0.028 -0.045 -0.060 -0.060
 0.712  1.352  0.265  0.027 -0.045 -0.060 -0.060
 0.714  1.351  0.263  0.026 -0.045 -0.060 -0.060
 0.716  1.351  0.263  0.026 -0.045 -0.059 -0.059
 0.718  1.351  0.262  0.026 -0.045 -0.059 -0.059
 0.720  1.350  0.262  0.025 -0.045 -0.058 -0.058
 0.722  1.350  0.261  0.024 -0.045 -0.058 -0.058
 0.724  1.349  0.261  0.024 -0.045 -0.057 -0.057
 0.726  1.349  0.261  0.023 -0.045 -0.057 -0.057
 0.728  1.349  0.260  0.022 -0.045 -0.056 -0.056
 0.730  1.349  0.260  0.022 -0.045 -0.055 -0.055
 0.732  1.349  0.260  0.022 -0.045 -0.055 -0.055
 0.734  1.349  0.260  0.022 -0.044 -0.054 -0.054
 0.736  1.349  0.260  0.022 -0.044 -0.054 -0.054
 0.738  1.349  0.260  0.022 -0.043 -0.053 -0.053
 0.740  1.349  0.260  0.022 -0.042 -0.052 -0.052
 0.742  1.349  0.260  0.022 -0.042 -0.052 -0.052
 0.744  1.349  0.260  0.022 -0.041 -0.051 -0.051
 0.746  1.349  0.261  0.023 -0.040 -0.050 -0.050
 0.748  1.350  0.261  0.023 -0.039 -0.049 -0.049
 0.750  1.350  0.261  0.024 -0.038 -0.049 -0.049
 0.752  1.350  0.262  0.024 -0.036 -0.048 -0.048
 0.754  1.351  0.262  0.025 -0.035 -0.047 -0.047
 0.756  1.351  0.263  0.026 -0.034 -0.046 -0.046
 0.758  1.352  0.263  0.026 -0.032 -0.045 -0.045
 0.760  1.352  0.265  0.027 -0.031 -0.045 -0.045
 0.762  1.353  0.265  0.028 -0.029 -0.044 -0.044
 0.764  1.354  0.266  0.029 -0.028 -0.043 -0.043
 0.766  1.355  0.267  0.029 -0.026 -0.042 -0.042
 0.768  1.355  0.268  0.031 -0.023 -0.041 -0.041
 0.770  1.356  0.268  0.032 -0.022 -0.040 -0.040
 0.772  1.357  0.269  0.033 -0.020 -0.039 -0.039
 0.774  1.358  0.270  0.035 -0.017 -0.039 -0.039
 0.776  1.359  0.271  0.036 -0.015 -0.038 -0.038
 0.778  1.360  0.272  0.037 -0.012 -0.036 -0.036
 0.780  1.361  0.273  0.039 -0.010 -0.035 -0.035
 0.782  1.362  0.275  0.041 -0.007 -0.035 -0.035
 0.784  1.364  0.276  0.043 -0.005 -0.034 -0.034
 0.786  1.365  0.277  0.045 -0.002 -0.033 -0.033
 0.788  1.366  0.279  0.046  0.000 -0.031 -0.031
 0.790  1.368  0.281  0.048  0.004 -0.030 -0.030
 0.792  1.369  0.282  0.050  0.006 -0.029 -0.029
 0.794  1.370  0.284  0.052  0.008 -0.027 -0.027
 0.796  1.372  0.285  0.054  0.012 -0.026 -0.026
 0.798  1.374  0.287  0.056  0.014 -0.025 -0.025
 0.800  1.375  0.288  0.058  0.017 -0.024 -0.024
 0.802  1.377  0.290  0.060  0.019 -0.022 -0.022
 0.804  1.380  0.293  0.063  0.022 -0.021 -0.021
 0.806  1.382  0.294  0.065  0.024 -0.019 -0.019
 0.808  1.384  0.296  0.068  0.027 -0.017 -0.017
 0.810  1.386  0.298  0.070  0.029 -0.016 -0.016
 0.812  1.388  0.300  0.072  0.032 -0.013 -0.013
 0.814  1.390  0.302  0.075  0.034 -0.012 -0.012
 0.816  1.392  0.304  0.077  0.036 -0.010 -0.010
 0.818  1.394  0.307  0.080  0.038 -0.008 -0.008
 0.820  1.397  0.309  0.083  0.040 -0.006 -0.006
 0.822  1.399  0.311  0.086  0.043 -0.004 -0.004
 0.824  1.401  0.313  0.088  0.045 -0.002 -0.002
 0.826  1.404  0.316  0.091  0.046 -0.000 -0.000
 0.828  1.406  0.318  0.094  0.048  0.002  0.002
 0.830  1.409  0.321  0.097  0.050  0.005  0.005
 0.832  1.412  0.324  0.099  0.052  0.007  0.007
 0.834  1.414  0.326  0.102  0.053  0.009  0.009
 0.836  1.417  0.329  0.106  0.055  0.012  0.012
 0.838  1.420  0.331  0.109  0.056  0.014  0.014
 0.840  1.423  0.335  0.111  0.058  0.017  0.017
 0.842  1.426  0.337  0.114  0.059  0.020  0.020
 0.844  1.429  0.340  0.117  0.061  0.023  0.023
 0.846  1.432  0.343  0.121  0.062  0.026  0.026
 0.848  1.435  0.346  0.125  0.064  0.028  0.028
 0.850  1.440  0.349  0.128  0.065  0.031  0.031
 0.852  1.443  0.352  0.132  0.066  0.034  0.034
 0.854  1.447  0.355  0.136  0.067  0.037  0.037
 0.856  1.450  0.358  0.140  0.068  0.040  0.040
 0.858  1.453  0.362  0.143  0.070  0.042  0.042
 0.860  1.456  0.364  0.146  0.071  0.045  0.045
 0.862  1.459  0.366  0.149  0.072  0.047  0.047
 0.864  1.461  0.367  0.152  0.072  0.049  0.049
 0.866  1.462  0.368  0.154  0.072  0.050  0.050
 0.868  1.462  0.368  0.155  0.071  0.051  0.051
 0.870  1.461  0.366  0.156  0.070  0.051  0.051
 0.872  1.460  0.364  0.156  0.068  0.050  0.050
 0.874  1.457  0.360  0.155  0.066  0.049  0.049
 0.876  1.453  0.355  0.153  0.063  0.047  0.047
 0.878  1.447  0.350  0.150  0.060  0.044  0.044
 0.880  1.441  0.342  0.147  0.056  0.041  0.041
 0.882  1.433  0.334  0.142  0.051  0.037  0.037
 0.884  1.425  0.325  0.136  0.046  0.033  0.033
 0.886  1.416  0.315  0.131  0.041  0.028  0.028
 0.888  1.406  0.303  0.124  0.035  0.022  0.022
 0.890  1.396  0.291  0.117  0.029  0.017  0.017
 0.892  1.385  0.280  0.108  0.022  0.010  0.010
 0.894  1.371  0.266  0.099  0.015  0.003  0.003
 0.896  1.359  0.252  0.091  0.007 -0.004 -0.004
 0.898  1.345  0.236  0.080 -0.002 -0.012 -0.012
 0.900  1.330  0.220  0.069 -0.011 -0.020 -0.020
 0.902  1.314  0.204  0.057 -0.020 -0.029 -0.029
 0.904  1.297  0.186  0.045 -0.030 -0.038 -0.038
 0.906  1.279  0.166  0.031 -0.041 -0.049 -0.049
 0.908  1.260  0.146  0.017 -0.052 -0.059 -0.059
 0.910  1.239  0.124  0.002 -0.064 -0.071 -0.071
 0.912  1.218  0.101 -0.015 -0.076 -0.083 -0.083
 0.914  1.194  0.076 -0.032 -0.089 -0.096 -0.096
 0.916  1.170  0.050 -0.051 -0.103 -0.110 -0.110
 0.918  1.145  0.024 -0.070 -0.118 -0.125 -0.125
 0.920  1.119 -0.004 -0.090 -0.132 -0.139 -0.139
 0.922  1.092 -0.032 -0.111 -0.148 -0.154 -0.154
 0.924  1.064 -0.061 -0.131 -0.163 -0.170 -0.170
 0.926  1.037 -0.091 -0.153 -0.180 -0.186 -0.186
 0.928  1.008 -0.120 -0.175 -0.196 -0.201 -0.201
 0.930  0.981 -0.150 -0.197 -0.212 -0.218 -0.218
 0.932  0.952 -0.180 -0.219 -0.229 -0.233 -0.233
 0.934  0.924 -0.209 -0.242 -0.245 -0.248 -0.248
 0.936  0.896 -0.239 -0.265 -0.262 -0.264 -0.264
 0.938  0.869 -0.267 -0.287 -0.279 -0.279 -0.279
 0.940  0.841 -0.295 -0.309 -0.295 -0.293 -0.293
 0.942  0.815 -0.323 -0.330 -0.311 -0.308 -0.308
 0.944  0.789 -0.350 -0.352 -0.327 -0.322 -0.322
 0.946  0.764 -0.376 -0.372 -0.342 -0.335 -0.335
 0.948  0.740 -0.402 -0.392 -0.357 -0.348 -0.348
 0.950  0.716 -0.425 -0.411 -0.371 -0.360 -0.360
 0.952  0.694 -0.449 -0.429 -0.385 -0.373 -0.373
 0.954  0.673 -0.471 -0.447 -0.398 -0.384 -0.384
 0.956  0.653 -0.491 -0.463 -0.410 -0.394 -0.394
 0.958  0.634 -0.510 -0.478 -0.422 -0.405 -0.405
 0.960  0.617 -0.529 -0.493 -0.432 -0.414 -0.414
 0.962  0.599 -0.547 -0.506 -0.442 -0.424 -0.424
 0.964  0.584 -0.563 -0.520 -0.452 -0.432 -0.432
 0.966  0.569 -0.579 -0.532 -0.461 -0.440 -0.440
 0.968  0.555 -0.593 -0.543 -0.470 -0.448 -0.448
 0.970  0.541 -0.607 -0.554 -0.478 -0.455 -0.455
 0.972  0.529 -0.620 -0.564 -0.486 -0.462 -0.462
 0.974  0.518 -0.632 -0.574 -0.493 -0.468 -0.468
 0.976  0.507 -0.644 -0.583 -0.500 -0.474 -0.474
 0.978  0.497 -0.655 -0.592 -0.507 -0.480 -0.480
 0.980  0.487 -0.665 -0.600 -0.512 -0.485 -0.485
 0.982  0.479 -0.673 -0.607 -0.518 -0.489 -0.489
 0.984  0.471 -0.682 -0.613 -0.523 -0.493 -0.493
 0.986  0.465 -0.688 -0.619 -0.527 -0.497 -0.497
 0.988  0.459 -0.695 -0.624 -0.531 -0.500 -0.500
 0.990  0.454 -0.699 -0.627 -0.534 -0.502 -0.502
 0.992  0.451 -0.703 -0.631 -0.537 -0.505 -0.505
 0.994  0.448 -0.707 -0.634 -0.539 -0.506 -0.506
 0.996  0.446 -0.709 -0.635 -0.541 -0.508 -0.508
 0.998  0.445 -0.710 -0.636 -0.541 -0.509 -0.509
