# IsPeriodic    : True
# Period        : 0.583379 days
# Normalization : <g_mag>=0
# 
# Phase u_mag  g_mag  r_mag  i_mag  z_mag  y_mag
 0.000  0.587 -0.650 -0.616 -0.566 -0.501 -0.501
 0.002  0.587 -0.650 -0.616 -0.566 -0.501 -0.501
 0.004  0.587 -0.649 -0.616 -0.566 -0.501 -0.501
 0.006  0.588 -0.648 -0.616 -0.566 -0.501 -0.501
 0.008  0.589 -0.647 -0.615 -0.565 -0.500 -0.500
 0.010  0.590 -0.644 -0.614 -0.564 -0.500 -0.500
 0.012  0.591 -0.642 -0.614 -0.564 -0.499 -0.499
 0.014  0.593 -0.640 -0.612 -0.563 -0.498 -0.498
 0.016  0.595 -0.638 -0.611 -0.562 -0.497 -0.497
 0.018  0.597 -0.636 -0.609 -0.561 -0.496 -0.496
 0.020  0.600 -0.633 -0.608 -0.559 -0.495 -0.495
 0.022  0.601 -0.629 -0.606 -0.558 -0.493 -0.493
 0.024  0.604 -0.626 -0.604 -0.557 -0.492 -0.492
 0.026  0.608 -0.624 -0.602 -0.556 -0.490 -0.490
 0.028  0.610 -0.621 -0.600 -0.554 -0.488 -0.488
 0.030  0.613 -0.616 -0.598 -0.552 -0.486 -0.486
 0.032  0.616 -0.613 -0.596 -0.550 -0.484 -0.484
 0.034  0.620 -0.610 -0.594 -0.549 -0.482 -0.482
 0.036  0.623 -0.607 -0.592 -0.547 -0.479 -0.479
 0.038  0.627 -0.603 -0.589 -0.545 -0.477 -0.477
 0.040  0.630 -0.598 -0.587 -0.543 -0.475 -0.475
 0.042  0.634 -0.595 -0.584 -0.541 -0.473 -0.473
 0.044  0.639 -0.591 -0.581 -0.539 -0.470 -0.470
 0.046  0.643 -0.586 -0.578 -0.536 -0.468 -0.468
 0.048  0.647 -0.582 -0.575 -0.534 -0.466 -0.466
 0.050  0.652 -0.577 -0.571 -0.532 -0.464 -0.464
 0.052  0.657 -0.572 -0.569 -0.529 -0.462 -0.462
 0.054  0.662 -0.567 -0.565 -0.526 -0.460 -0.460
 0.056  0.667 -0.562 -0.561 -0.524 -0.458 -0.458
 0.058  0.672 -0.557 -0.557 -0.521 -0.456 -0.456
 0.060  0.677 -0.551 -0.554 -0.518 -0.454 -0.454
 0.062  0.683 -0.546 -0.549 -0.515 -0.452 -0.452
 0.064  0.690 -0.540 -0.545 -0.512 -0.451 -0.451
 0.066  0.695 -0.535 -0.541 -0.509 -0.449 -0.449
 0.068  0.702 -0.528 -0.537 -0.505 -0.448 -0.448
 0.070  0.708 -0.522 -0.533 -0.502 -0.446 -0.446
 0.072  0.714 -0.517 -0.528 -0.498 -0.445 -0.445
 0.074  0.721 -0.510 -0.523 -0.495 -0.443 -0.443
 0.076  0.727 -0.504 -0.519 -0.492 -0.442 -0.442
 0.078  0.734 -0.497 -0.514 -0.488 -0.440 -0.440
 0.080  0.740 -0.491 -0.510 -0.485 -0.439 -0.439
 0.082  0.747 -0.484 -0.506 -0.482 -0.438 -0.438
 0.084  0.753 -0.478 -0.501 -0.478 -0.437 -0.437
 0.086  0.759 -0.473 -0.497 -0.475 -0.435 -0.435
 0.088  0.765 -0.466 -0.492 -0.472 -0.434 -0.434
 0.090  0.771 -0.460 -0.488 -0.468 -0.433 -0.433
 0.092  0.777 -0.454 -0.484 -0.465 -0.432 -0.432
 0.094  0.783 -0.448 -0.480 -0.462 -0.431 -0.431
 0.096  0.788 -0.443 -0.476 -0.459 -0.431 -0.431
 0.098  0.794 -0.437 -0.472 -0.457 -0.430 -0.430
 0.100  0.799 -0.431 -0.468 -0.453 -0.429 -0.429
 0.102  0.804 -0.425 -0.464 -0.450 -0.428 -0.428
 0.104  0.810 -0.420 -0.461 -0.448 -0.428 -0.428
 0.106  0.815 -0.415 -0.457 -0.445 -0.427 -0.427
 0.108  0.820 -0.409 -0.454 -0.443 -0.426 -0.426
 0.110  0.825 -0.404 -0.450 -0.440 -0.426 -0.426
 0.112  0.830 -0.399 -0.447 -0.437 -0.425 -0.425
 0.114  0.835 -0.393 -0.443 -0.435 -0.425 -0.425
 0.116  0.840 -0.389 -0.439 -0.432 -0.424 -0.424
 0.118  0.844 -0.384 -0.436 -0.430 -0.423 -0.423
 0.120  0.849 -0.379 -0.433 -0.427 -0.422 -0.422
 0.122  0.854 -0.374 -0.430 -0.425 -0.422 -0.422
 0.124  0.858 -0.370 -0.427 -0.422 -0.421 -0.421
 0.126  0.862 -0.364 -0.424 -0.420 -0.420 -0.420
 0.128  0.867 -0.360 -0.420 -0.418 -0.419 -0.419
 0.130  0.871 -0.356 -0.418 -0.416 -0.419 -0.419
 0.132  0.874 -0.351 -0.415 -0.414 -0.418 -0.418
 0.134  0.879 -0.347 -0.412 -0.412 -0.417 -0.417
 0.136  0.882 -0.343 -0.410 -0.410 -0.416 -0.416
 0.138  0.886 -0.339 -0.407 -0.408 -0.415 -0.415
 0.140  0.890 -0.334 -0.404 -0.406 -0.414 -0.414
 0.142  0.893 -0.330 -0.402 -0.404 -0.413 -0.413
 0.144  0.897 -0.326 -0.399 -0.402 -0.412 -0.412
 0.146  0.900 -0.322 -0.397 -0.401 -0.411 -0.411
 0.148  0.904 -0.318 -0.394 -0.399 -0.410 -0.410
 0.150  0.907 -0.314 -0.392 -0.397 -0.409 -0.409
 0.152  0.911 -0.310 -0.389 -0.395 -0.408 -0.408
 0.154  0.914 -0.306 -0.387 -0.393 -0.407 -0.407
 0.156  0.917 -0.302 -0.384 -0.392 -0.405 -0.405
 0.158  0.921 -0.299 -0.382 -0.390 -0.404 -0.404
 0.160  0.924 -0.295 -0.380 -0.388 -0.403 -0.403
 0.162  0.927 -0.290 -0.377 -0.387 -0.402 -0.402
 0.164  0.930 -0.287 -0.375 -0.385 -0.401 -0.401
 0.166  0.934 -0.283 -0.373 -0.383 -0.399 -0.399
 0.168  0.937 -0.278 -0.370 -0.382 -0.398 -0.398
 0.170  0.941 -0.274 -0.368 -0.380 -0.397 -0.397
 0.172  0.944 -0.271 -0.366 -0.378 -0.395 -0.395
 0.174  0.948 -0.267 -0.363 -0.377 -0.394 -0.394
 0.176  0.950 -0.262 -0.361 -0.375 -0.392 -0.392
 0.178  0.954 -0.258 -0.359 -0.373 -0.391 -0.391
 0.180  0.957 -0.254 -0.356 -0.371 -0.389 -0.389
 0.182  0.961 -0.251 -0.354 -0.370 -0.388 -0.388
 0.184  0.964 -0.246 -0.352 -0.368 -0.387 -0.387
 0.186  0.968 -0.242 -0.349 -0.366 -0.385 -0.385
 0.188  0.971 -0.238 -0.347 -0.365 -0.384 -0.384
 0.190  0.974 -0.233 -0.345 -0.364 -0.383 -0.383
 0.192  0.977 -0.229 -0.342 -0.362 -0.381 -0.381
 0.194  0.980 -0.225 -0.340 -0.360 -0.380 -0.380
 0.196  0.984 -0.222 -0.338 -0.359 -0.379 -0.379
 0.198  0.987 -0.217 -0.335 -0.357 -0.377 -0.377
 0.200  0.991 -0.213 -0.333 -0.355 -0.376 -0.376
 0.202  0.993 -0.209 -0.331 -0.354 -0.375 -0.375
 0.204  0.997 -0.204 -0.329 -0.352 -0.374 -0.374
 0.206  1.000 -0.200 -0.326 -0.351 -0.372 -0.372
 0.208  1.004 -0.196 -0.324 -0.349 -0.371 -0.371
 0.210  1.006 -0.192 -0.322 -0.347 -0.370 -0.370
 0.212  1.010 -0.187 -0.320 -0.346 -0.369 -0.369
 0.214  1.013 -0.183 -0.317 -0.345 -0.367 -0.367
 0.216  1.017 -0.179 -0.315 -0.343 -0.366 -0.366
 0.218  1.020 -0.174 -0.313 -0.341 -0.365 -0.365
 0.220  1.023 -0.170 -0.310 -0.340 -0.364 -0.364
 0.222  1.026 -0.166 -0.308 -0.338 -0.363 -0.363
 0.224  1.030 -0.162 -0.305 -0.337 -0.362 -0.362
 0.226  1.032 -0.157 -0.303 -0.335 -0.361 -0.361
 0.228  1.036 -0.153 -0.301 -0.334 -0.360 -0.360
 0.230  1.039 -0.149 -0.299 -0.332 -0.359 -0.359
 0.232  1.042 -0.145 -0.297 -0.331 -0.357 -0.357
 0.234  1.045 -0.141 -0.295 -0.330 -0.357 -0.357
 0.236  1.048 -0.137 -0.292 -0.328 -0.356 -0.356
 0.238  1.051 -0.133 -0.290 -0.326 -0.354 -0.354
 0.240  1.054 -0.129 -0.288 -0.325 -0.354 -0.354
 0.242  1.057 -0.125 -0.286 -0.323 -0.353 -0.353
 0.244  1.060 -0.122 -0.284 -0.322 -0.352 -0.352
 0.246  1.062 -0.118 -0.281 -0.321 -0.351 -0.351
 0.248  1.066 -0.113 -0.279 -0.319 -0.350 -0.350
 0.250  1.069 -0.110 -0.277 -0.318 -0.349 -0.349
 0.252  1.071 -0.106 -0.275 -0.316 -0.348 -0.348
 0.254  1.075 -0.102 -0.273 -0.315 -0.347 -0.347
 0.256  1.077 -0.099 -0.272 -0.313 -0.346 -0.346
 0.258  1.080 -0.095 -0.269 -0.312 -0.345 -0.345
 0.260  1.082 -0.092 -0.267 -0.311 -0.345 -0.345
 0.262  1.085 -0.089 -0.265 -0.309 -0.344 -0.344
 0.264  1.088 -0.084 -0.263 -0.308 -0.343 -0.343
 0.266  1.091 -0.081 -0.261 -0.306 -0.342 -0.342
 0.268  1.094 -0.078 -0.259 -0.305 -0.341 -0.341
 0.270  1.096 -0.075 -0.257 -0.303 -0.340 -0.340
 0.272  1.099 -0.071 -0.255 -0.302 -0.339 -0.339
 0.274  1.101 -0.068 -0.253 -0.301 -0.338 -0.338
 0.276  1.104 -0.065 -0.251 -0.299 -0.337 -0.337
 0.278  1.106 -0.062 -0.250 -0.298 -0.336 -0.336
 0.280  1.109 -0.058 -0.248 -0.297 -0.335 -0.335
 0.282  1.112 -0.055 -0.246 -0.295 -0.334 -0.334
 0.284  1.113 -0.052 -0.244 -0.294 -0.333 -0.333
 0.286  1.116 -0.049 -0.242 -0.293 -0.332 -0.332
 0.288  1.119 -0.046 -0.240 -0.292 -0.331 -0.331
 0.290  1.121 -0.042 -0.238 -0.290 -0.330 -0.330
 0.292  1.124 -0.040 -0.236 -0.289 -0.329 -0.329
 0.294  1.126 -0.037 -0.234 -0.287 -0.328 -0.328
 0.296  1.128 -0.034 -0.233 -0.286 -0.327 -0.327
 0.298  1.131 -0.031 -0.231 -0.285 -0.326 -0.326
 0.300  1.133 -0.027 -0.229 -0.283 -0.325 -0.325
 0.302  1.136 -0.025 -0.227 -0.282 -0.324 -0.324
 0.304  1.138 -0.022 -0.225 -0.280 -0.323 -0.323
 0.306  1.140 -0.019 -0.223 -0.279 -0.322 -0.322
 0.308  1.143 -0.016 -0.222 -0.278 -0.321 -0.321
 0.310  1.145 -0.012 -0.219 -0.276 -0.320 -0.320
 0.312  1.147 -0.009 -0.217 -0.275 -0.319 -0.319
 0.314  1.150 -0.006 -0.215 -0.274 -0.318 -0.318
 0.316  1.152 -0.004 -0.214 -0.272 -0.316 -0.316
 0.318  1.155 -0.001 -0.212 -0.271 -0.315 -0.315
 0.320  1.157  0.003 -0.210 -0.270 -0.314 -0.314
 0.322  1.159  0.006 -0.207 -0.268 -0.313 -0.313
 0.324  1.162  0.009 -0.205 -0.267 -0.312 -0.312
 0.326  1.163  0.012 -0.204 -0.265 -0.311 -0.311
 0.328  1.166  0.016 -0.202 -0.264 -0.310 -0.310
 0.330  1.169  0.019 -0.200 -0.262 -0.309 -0.309
 0.332  1.171  0.022 -0.198 -0.261 -0.308 -0.308
 0.334  1.173  0.025 -0.195 -0.260 -0.306 -0.306
 0.336  1.176  0.028 -0.194 -0.259 -0.306 -0.306
 0.338  1.178  0.032 -0.192 -0.257 -0.304 -0.304
 0.340  1.180  0.035 -0.190 -0.256 -0.303 -0.303
 0.342  1.182  0.038 -0.188 -0.254 -0.302 -0.302
 0.344  1.184  0.041 -0.186 -0.252 -0.301 -0.301
 0.346  1.187  0.045 -0.183 -0.251 -0.300 -0.300
 0.348  1.189  0.048 -0.181 -0.250 -0.299 -0.299
 0.350  1.191  0.051 -0.179 -0.248 -0.298 -0.298
 0.352  1.194  0.054 -0.177 -0.247 -0.297 -0.297
 0.354  1.196  0.057 -0.175 -0.246 -0.296 -0.296
 0.356  1.198  0.061 -0.173 -0.244 -0.295 -0.295
 0.358  1.201  0.064 -0.171 -0.242 -0.294 -0.294
 0.360  1.202  0.067 -0.169 -0.241 -0.293 -0.293
 0.362  1.205  0.070 -0.167 -0.239 -0.291 -0.291
 0.364  1.207  0.074 -0.165 -0.238 -0.291 -0.291
 0.366  1.209  0.077 -0.163 -0.237 -0.290 -0.290
 0.368  1.212  0.080 -0.161 -0.235 -0.288 -0.288
 0.370  1.214  0.083 -0.159 -0.234 -0.288 -0.288
 0.372  1.216  0.086 -0.157 -0.232 -0.286 -0.286
 0.374  1.218  0.090 -0.155 -0.231 -0.285 -0.285
 0.376  1.220  0.093 -0.153 -0.229 -0.284 -0.284
 0.378  1.222  0.095 -0.151 -0.228 -0.283 -0.283
 0.380  1.225  0.098 -0.149 -0.227 -0.282 -0.282
 0.382  1.226  0.101 -0.147 -0.226 -0.281 -0.281
 0.384  1.229  0.105 -0.145 -0.224 -0.280 -0.280
 0.386  1.231  0.108 -0.143 -0.223 -0.279 -0.279
 0.388  1.233  0.110 -0.141 -0.221 -0.278 -0.278
 0.390  1.235  0.113 -0.139 -0.220 -0.277 -0.277
 0.392  1.238  0.116 -0.138 -0.218 -0.276 -0.276
 0.394  1.239  0.119 -0.135 -0.217 -0.275 -0.275
 0.396  1.242  0.122 -0.133 -0.216 -0.274 -0.274
 0.398  1.244  0.125 -0.132 -0.214 -0.273 -0.273
 0.400  1.246  0.127 -0.130 -0.213 -0.272 -0.272
 0.402  1.248  0.130 -0.128 -0.212 -0.271 -0.271
 0.404  1.251  0.133 -0.126 -0.210 -0.270 -0.270
 0.406  1.252  0.136 -0.124 -0.209 -0.269 -0.269
 0.408  1.254  0.138 -0.123 -0.208 -0.268 -0.268
 0.410  1.257  0.141 -0.121 -0.206 -0.267 -0.267
 0.412  1.258  0.143 -0.119 -0.205 -0.266 -0.266
 0.414  1.260  0.145 -0.117 -0.204 -0.265 -0.265
 0.416  1.263  0.149 -0.116 -0.203 -0.264 -0.264
 0.418  1.264  0.151 -0.114 -0.201 -0.263 -0.263
 0.420  1.267  0.153 -0.112 -0.200 -0.262 -0.262
 0.422  1.269  0.156 -0.110 -0.199 -0.261 -0.261
 0.424  1.271  0.158 -0.109 -0.198 -0.260 -0.260
 0.426  1.273  0.160 -0.107 -0.196 -0.259 -0.259
 0.428  1.275  0.163 -0.105 -0.195 -0.258 -0.258
 0.430  1.277  0.166 -0.104 -0.194 -0.258 -0.258
 0.432  1.278  0.168 -0.102 -0.193 -0.257 -0.257
 0.434  1.281  0.170 -0.100 -0.191 -0.256 -0.256
 0.436  1.283  0.172 -0.099 -0.190 -0.255 -0.255
 0.438  1.284  0.174 -0.097 -0.189 -0.254 -0.254
 0.440  1.286  0.177 -0.095 -0.187 -0.253 -0.253
 0.442  1.289  0.179 -0.094 -0.186 -0.252 -0.252
 0.444  1.290  0.181 -0.092 -0.185 -0.251 -0.251
 0.446  1.292  0.183 -0.090 -0.184 -0.250 -0.250
 0.448  1.294  0.185 -0.089 -0.182 -0.249 -0.249
 0.450  1.296  0.187 -0.088 -0.181 -0.248 -0.248
 0.452  1.297  0.189 -0.086 -0.180 -0.247 -0.247
 0.454  1.299  0.192 -0.085 -0.179 -0.246 -0.246
 0.456  1.301  0.194 -0.083 -0.177 -0.246 -0.246
 0.458  1.302  0.196 -0.081 -0.176 -0.245 -0.245
 0.460  1.304  0.197 -0.080 -0.175 -0.244 -0.244
 0.462  1.306  0.199 -0.078 -0.174 -0.243 -0.243
 0.464  1.308  0.201 -0.077 -0.172 -0.242 -0.242
 0.466  1.309  0.203 -0.076 -0.171 -0.241 -0.241
 0.468  1.311  0.205 -0.073 -0.170 -0.240 -0.240
 0.470  1.313  0.207 -0.072 -0.169 -0.240 -0.240
 0.472  1.315  0.209 -0.071 -0.168 -0.239 -0.239
 0.474  1.316  0.211 -0.069 -0.166 -0.238 -0.238
 0.476  1.318  0.212 -0.068 -0.165 -0.237 -0.237
 0.478  1.319  0.214 -0.066 -0.164 -0.236 -0.236
 0.480  1.321  0.216 -0.065 -0.163 -0.235 -0.235
 0.482  1.322  0.217 -0.064 -0.162 -0.234 -0.234
 0.484  1.324  0.219 -0.062 -0.160 -0.234 -0.234
 0.486  1.325  0.221 -0.061 -0.159 -0.233 -0.233
 0.488  1.327  0.223 -0.059 -0.158 -0.232 -0.232
 0.490  1.328  0.224 -0.058 -0.157 -0.231 -0.231
 0.492  1.329  0.226 -0.056 -0.155 -0.231 -0.231
 0.494  1.331  0.227 -0.055 -0.154 -0.230 -0.230
 0.496  1.333  0.229 -0.054 -0.153 -0.229 -0.229
 0.498  1.334  0.230 -0.052 -0.152 -0.228 -0.228
 0.500  1.335  0.231 -0.051 -0.151 -0.228 -0.228
 0.502  1.336  0.233 -0.049 -0.149 -0.227 -0.227
 0.504  1.338  0.234 -0.048 -0.148 -0.226 -0.226
 0.506  1.339  0.236 -0.047 -0.147 -0.225 -0.225
 0.508  1.340  0.238 -0.046 -0.146 -0.225 -0.225
 0.510  1.341  0.239 -0.045 -0.144 -0.224 -0.224
 0.512  1.343  0.240 -0.043 -0.143 -0.223 -0.223
 0.514  1.344  0.241 -0.042 -0.142 -0.222 -0.222
 0.516  1.345  0.243 -0.041 -0.141 -0.222 -0.222
 0.518  1.346  0.244 -0.040 -0.140 -0.221 -0.221
 0.520  1.347  0.245 -0.039 -0.139 -0.220 -0.220
 0.522  1.348  0.246 -0.037 -0.138 -0.219 -0.219
 0.524  1.349  0.247 -0.037 -0.137 -0.219 -0.219
 0.526  1.350  0.248 -0.035 -0.136 -0.218 -0.218
 0.528  1.351  0.249 -0.035 -0.135 -0.218 -0.218
 0.530  1.352  0.251 -0.034 -0.134 -0.217 -0.217
 0.532  1.353  0.252 -0.033 -0.133 -0.216 -0.216
 0.534  1.353  0.254 -0.032 -0.133 -0.216 -0.216
 0.536  1.354  0.255 -0.031 -0.132 -0.215 -0.215
 0.538  1.355  0.255 -0.030 -0.131 -0.214 -0.214
 0.540  1.356  0.256 -0.030 -0.130 -0.214 -0.214
 0.542  1.357  0.257 -0.029 -0.129 -0.213 -0.213
 0.544  1.358  0.258 -0.028 -0.129 -0.213 -0.213
 0.546  1.359  0.259 -0.028 -0.128 -0.212 -0.212
 0.548  1.359  0.260 -0.027 -0.127 -0.211 -0.211
 0.550  1.359  0.261 -0.026 -0.127 -0.210 -0.210
 0.552  1.360  0.262 -0.026 -0.126 -0.210 -0.210
 0.554  1.361  0.263 -0.025 -0.125 -0.210 -0.210
 0.556  1.361  0.263 -0.025 -0.125 -0.209 -0.209
 0.558  1.362  0.265 -0.025 -0.124 -0.208 -0.208
 0.560  1.362  0.266 -0.024 -0.124 -0.208 -0.208
 0.562  1.363  0.267 -0.024 -0.123 -0.207 -0.207
 0.564  1.363  0.267 -0.023 -0.123 -0.207 -0.207
 0.566  1.364  0.268 -0.023 -0.122 -0.206 -0.206
 0.568  1.364  0.269 -0.023 -0.121 -0.205 -0.205
 0.570  1.365  0.269 -0.023 -0.121 -0.205 -0.205
 0.572  1.365  0.270 -0.022 -0.121 -0.204 -0.204
 0.574  1.365  0.271 -0.022 -0.120 -0.204 -0.204
 0.576  1.365  0.271 -0.022 -0.120 -0.203 -0.203
 0.578  1.365  0.272 -0.022 -0.120 -0.203 -0.203
 0.580  1.365  0.272 -0.021 -0.119 -0.202 -0.202
 0.582  1.365  0.273 -0.021 -0.119 -0.201 -0.201
 0.584  1.366  0.273 -0.021 -0.119 -0.201 -0.201
 0.586  1.366  0.274 -0.021 -0.119 -0.201 -0.201
 0.588  1.366  0.274 -0.021 -0.118 -0.200 -0.200
 0.590  1.366  0.275 -0.021 -0.118 -0.199 -0.199
 0.592  1.366  0.275 -0.021 -0.118 -0.199 -0.199
 0.594  1.367  0.275 -0.020 -0.118 -0.198 -0.198
 0.596  1.367  0.276 -0.020 -0.117 -0.198 -0.198
 0.598  1.367  0.276 -0.020 -0.117 -0.198 -0.198
 0.600  1.367  0.276 -0.019 -0.116 -0.197 -0.197
 0.602  1.367  0.277 -0.019 -0.116 -0.196 -0.196
 0.604  1.367  0.277 -0.018 -0.116 -0.196 -0.196
 0.606  1.367  0.277 -0.018 -0.116 -0.195 -0.195
 0.608  1.367  0.277 -0.018 -0.115 -0.195 -0.195
 0.610  1.367  0.278 -0.018 -0.115 -0.195 -0.195
 0.612  1.367  0.278 -0.018 -0.115 -0.194 -0.194
 0.614  1.367  0.278 -0.017 -0.115 -0.194 -0.194
 0.616  1.367  0.278 -0.017 -0.115 -0.193 -0.193
 0.618  1.367  0.278 -0.017 -0.115 -0.192 -0.192
 0.620  1.367  0.278 -0.016 -0.114 -0.192 -0.192
 0.622  1.367  0.278 -0.016 -0.114 -0.192 -0.192
 0.624  1.367  0.280 -0.016 -0.114 -0.191 -0.191
 0.626  1.366  0.280 -0.016 -0.114 -0.191 -0.191
 0.628  1.366  0.280 -0.015 -0.114 -0.190 -0.190
 0.630  1.366  0.278 -0.015 -0.114 -0.189 -0.189
 0.632  1.366  0.278 -0.014 -0.114 -0.189 -0.189
 0.634  1.366  0.278 -0.014 -0.113 -0.189 -0.189
 0.636  1.365  0.278 -0.013 -0.113 -0.188 -0.188
 0.638  1.365  0.278 -0.013 -0.113 -0.188 -0.188
 0.640  1.365  0.278 -0.013 -0.113 -0.187 -0.187
 0.642  1.365  0.278 -0.013 -0.113 -0.186 -0.186
 0.644  1.365  0.277 -0.012 -0.113 -0.186 -0.186
 0.646  1.365  0.277 -0.012 -0.113 -0.186 -0.186
 0.648  1.365  0.277 -0.011 -0.113 -0.185 -0.185
 0.650  1.364  0.277 -0.011 -0.113 -0.185 -0.185
 0.652  1.364  0.277 -0.011 -0.113 -0.184 -0.184
 0.654  1.364  0.277 -0.011 -0.113 -0.183 -0.183
 0.656  1.364  0.277 -0.011 -0.112 -0.183 -0.183
 0.658  1.363  0.277 -0.011 -0.112 -0.183 -0.183
 0.660  1.363  0.277 -0.011 -0.112 -0.182 -0.182
 0.662  1.363  0.277 -0.011 -0.112 -0.181 -0.181
 0.664  1.362  0.277 -0.011 -0.112 -0.181 -0.181
 0.666  1.362  0.277 -0.011 -0.111 -0.180 -0.180
 0.668  1.362  0.277 -0.011 -0.111 -0.180 -0.180
 0.670  1.361  0.277 -0.011 -0.111 -0.179 -0.179
 0.672  1.361  0.278 -0.011 -0.111 -0.179 -0.179
 0.674  1.361  0.278 -0.011 -0.111 -0.178 -0.178
 0.676  1.360  0.278 -0.011 -0.111 -0.178 -0.178
 0.678  1.360  0.280 -0.011 -0.111 -0.177 -0.177
 0.680  1.360  0.280 -0.011 -0.111 -0.177 -0.177
 0.682  1.360  0.281 -0.012 -0.111 -0.176 -0.176
 0.684  1.359  0.281 -0.012 -0.110 -0.176 -0.176
 0.686  1.359  0.282 -0.013 -0.110 -0.175 -0.175
 0.688  1.359  0.282 -0.013 -0.110 -0.174 -0.174
 0.690  1.359  0.283 -0.013 -0.110 -0.174 -0.174
 0.692  1.359  0.284 -0.014 -0.110 -0.173 -0.173
 0.694  1.359  0.284 -0.015 -0.110 -0.173 -0.173
 0.696  1.358  0.285 -0.016 -0.110 -0.172 -0.172
 0.698  1.358  0.286 -0.016 -0.109 -0.171 -0.171
 0.700  1.358  0.287 -0.017 -0.109 -0.171 -0.171
 0.702  1.357  0.288 -0.018 -0.109 -0.170 -0.170
 0.704  1.357  0.289 -0.018 -0.109 -0.170 -0.170
 0.706  1.357  0.290 -0.019 -0.109 -0.169 -0.169
 0.708  1.357  0.291 -0.021 -0.109 -0.168 -0.168
 0.710  1.356  0.292 -0.021 -0.109 -0.168 -0.168
 0.712  1.356  0.293 -0.022 -0.108 -0.167 -0.167
 0.714  1.356  0.295 -0.023 -0.108 -0.167 -0.167
 0.716  1.355  0.296 -0.024 -0.108 -0.166 -0.166
 0.718  1.355  0.297 -0.025 -0.107 -0.165 -0.165
 0.720  1.355  0.298 -0.025 -0.107 -0.165 -0.165
 0.722  1.355  0.300 -0.027 -0.107 -0.164 -0.164
 0.724  1.354  0.301 -0.028 -0.107 -0.163 -0.163
 0.726  1.354  0.303 -0.028 -0.107 -0.162 -0.162
 0.728  1.354  0.304 -0.028 -0.107 -0.162 -0.162
 0.730  1.354  0.306 -0.029 -0.106 -0.161 -0.161
 0.732  1.353  0.309 -0.029 -0.106 -0.160 -0.160
 0.734  1.353  0.311 -0.030 -0.106 -0.160 -0.160
 0.736  1.353  0.313 -0.030 -0.106 -0.159 -0.159
 0.738  1.353  0.315 -0.029 -0.106 -0.159 -0.159
 0.740  1.353  0.317 -0.029 -0.106 -0.158 -0.158
 0.742  1.353  0.319 -0.029 -0.106 -0.157 -0.157
 0.744  1.353  0.321 -0.028 -0.105 -0.156 -0.156
 0.746  1.353  0.325 -0.028 -0.105 -0.156 -0.156
 0.748  1.353  0.327 -0.027 -0.105 -0.155 -0.155
 0.750  1.353  0.330 -0.026 -0.105 -0.154 -0.154
 0.752  1.352  0.332 -0.025 -0.105 -0.153 -0.153
 0.754  1.352  0.335 -0.025 -0.105 -0.152 -0.152
 0.756  1.352  0.337 -0.023 -0.104 -0.151 -0.151
 0.758  1.352  0.341 -0.023 -0.104 -0.150 -0.150
 0.760  1.352  0.344 -0.021 -0.104 -0.149 -0.149
 0.762  1.352  0.346 -0.020 -0.104 -0.148 -0.148
 0.764  1.352  0.349 -0.018 -0.104 -0.147 -0.147
 0.766  1.352  0.352 -0.017 -0.104 -0.146 -0.146
 0.768  1.352  0.357 -0.015 -0.103 -0.144 -0.144
 0.770  1.352  0.360 -0.013 -0.103 -0.143 -0.143
 0.772  1.352  0.364 -0.011 -0.103 -0.142 -0.142
 0.774  1.352  0.368 -0.009 -0.103 -0.140 -0.140
 0.776  1.351  0.372 -0.007 -0.102 -0.138 -0.138
 0.778  1.351  0.376 -0.004 -0.102 -0.137 -0.137
 0.780  1.351  0.380 -0.002 -0.102 -0.135 -0.135
 0.782  1.351  0.385  0.001 -0.102 -0.133 -0.133
 0.784  1.351  0.389  0.003 -0.102 -0.132 -0.132
 0.786  1.351  0.393  0.006 -0.102 -0.129 -0.129
 0.788  1.351  0.396  0.008 -0.102 -0.128 -0.128
 0.790  1.352  0.401  0.011 -0.101 -0.126 -0.126
 0.792  1.352  0.404  0.014 -0.101 -0.123 -0.123
 0.794  1.353  0.407  0.017 -0.100 -0.121 -0.121
 0.796  1.353  0.410  0.020 -0.100 -0.119 -0.119
 0.798  1.353  0.414  0.022 -0.099 -0.117 -0.117
 0.800  1.354  0.416  0.025 -0.099 -0.114 -0.114
 0.802  1.355  0.418  0.027 -0.097 -0.112 -0.112
 0.804  1.356  0.420  0.030 -0.096 -0.110 -0.110
 0.806  1.357  0.421  0.032 -0.096 -0.107 -0.107
 0.808  1.359  0.422  0.035 -0.094 -0.105 -0.105
 0.810  1.359  0.422  0.038 -0.093 -0.102 -0.102
 0.812  1.361  0.422  0.040 -0.091 -0.099 -0.099
 0.814  1.363  0.421  0.042 -0.090 -0.096 -0.096
 0.816  1.365  0.420  0.045 -0.088 -0.093 -0.093
 0.818  1.366  0.419  0.047 -0.086 -0.090 -0.090
 0.820  1.369  0.417  0.049 -0.084 -0.087 -0.087
 0.822  1.371  0.414  0.052 -0.082 -0.084 -0.084
 0.824  1.373  0.410  0.054 -0.080 -0.081 -0.081
 0.826  1.376  0.407  0.056 -0.077 -0.079 -0.079
 0.828  1.378  0.404  0.058 -0.075 -0.077 -0.077
 0.830  1.381  0.399  0.061 -0.072 -0.075 -0.075
 0.832  1.384  0.394  0.063 -0.070 -0.074 -0.074
 0.834  1.387  0.389  0.065 -0.067 -0.073 -0.073
 0.836  1.390  0.384  0.066 -0.064 -0.073 -0.073
 0.838  1.393  0.377  0.068 -0.061 -0.073 -0.073
 0.840  1.397  0.371  0.070 -0.058 -0.074 -0.074
 0.842  1.400  0.364  0.072 -0.055 -0.075 -0.075
 0.844  1.403  0.357  0.074 -0.052 -0.076 -0.076
 0.846  1.408  0.349  0.076 -0.048 -0.078 -0.078
 0.848  1.411  0.341  0.078 -0.044 -0.080 -0.080
 0.850  1.416  0.332  0.080 -0.041 -0.082 -0.082
 0.852  1.420  0.324  0.082 -0.037 -0.085 -0.085
 0.854  1.424  0.314  0.083 -0.033 -0.088 -0.088
 0.856  1.429  0.304  0.085 -0.029 -0.092 -0.092
 0.858  1.434  0.293  0.086 -0.025 -0.096 -0.096
 0.860  1.437  0.283  0.087 -0.021 -0.100 -0.100
 0.862  1.441  0.272  0.088 -0.017 -0.105 -0.105
 0.864  1.444  0.260  0.089 -0.014 -0.110 -0.110
 0.866  1.447  0.248  0.089 -0.011 -0.116 -0.116
 0.868  1.448  0.236  0.088 -0.010 -0.122 -0.122
 0.870  1.449  0.224  0.087 -0.008 -0.129 -0.129
 0.872  1.449  0.211  0.085 -0.007 -0.136 -0.136
 0.874  1.447  0.198  0.082 -0.007 -0.143 -0.143
 0.876  1.446  0.184  0.079 -0.007 -0.151 -0.151
 0.878  1.442  0.171  0.075 -0.009 -0.160 -0.160
 0.880  1.438  0.157  0.070 -0.011 -0.169 -0.169
 0.882  1.433  0.143  0.064 -0.014 -0.178 -0.178
 0.884  1.427  0.128  0.058 -0.017 -0.187 -0.187
 0.886  1.420  0.114  0.051 -0.021 -0.197 -0.197
 0.888  1.412  0.099  0.044 -0.025 -0.207 -0.207
 0.890  1.403  0.084  0.037 -0.030 -0.218 -0.218
 0.892  1.395  0.069  0.028 -0.035 -0.228 -0.228
 0.894  1.384  0.053  0.019 -0.041 -0.239 -0.239
 0.896  1.374  0.037  0.010 -0.048 -0.249 -0.249
 0.898  1.363  0.022 -0.000 -0.054 -0.260 -0.260
 0.900  1.351  0.005 -0.011 -0.062 -0.270 -0.270
 0.902  1.338 -0.011 -0.021 -0.070 -0.281 -0.281
 0.904  1.323 -0.028 -0.033 -0.079 -0.291 -0.291
 0.906  1.309 -0.046 -0.046 -0.088 -0.301 -0.301
 0.908  1.292 -0.063 -0.059 -0.099 -0.312 -0.312
 0.910  1.275 -0.081 -0.073 -0.110 -0.321 -0.321
 0.912  1.257 -0.099 -0.088 -0.122 -0.330 -0.330
 0.914  1.237 -0.118 -0.104 -0.134 -0.339 -0.339
 0.916  1.216 -0.137 -0.121 -0.148 -0.348 -0.348
 0.918  1.195 -0.156 -0.138 -0.162 -0.356 -0.356
 0.920  1.173 -0.175 -0.155 -0.177 -0.364 -0.364
 0.922  1.150 -0.196 -0.174 -0.192 -0.372 -0.372
 0.924  1.126 -0.215 -0.193 -0.207 -0.379 -0.379
 0.926  1.102 -0.236 -0.211 -0.223 -0.387 -0.387
 0.928  1.078 -0.256 -0.231 -0.239 -0.393 -0.393
 0.930  1.053 -0.275 -0.250 -0.255 -0.400 -0.400
 0.932  1.029 -0.296 -0.269 -0.271 -0.407 -0.407
 0.934  1.005 -0.315 -0.288 -0.288 -0.413 -0.413
 0.936  0.980 -0.335 -0.307 -0.303 -0.419 -0.419
 0.938  0.956 -0.355 -0.325 -0.319 -0.425 -0.425
 0.940  0.933 -0.374 -0.344 -0.335 -0.431 -0.431
 0.942  0.910 -0.392 -0.362 -0.350 -0.436 -0.436
 0.944  0.887 -0.410 -0.380 -0.365 -0.441 -0.441
 0.946  0.866 -0.428 -0.396 -0.379 -0.446 -0.446
 0.948  0.844 -0.445 -0.413 -0.393 -0.451 -0.451
 0.950  0.824 -0.461 -0.429 -0.407 -0.455 -0.455
 0.952  0.805 -0.477 -0.444 -0.420 -0.459 -0.459
 0.954  0.786 -0.492 -0.458 -0.432 -0.463 -0.463
 0.956  0.769 -0.506 -0.472 -0.443 -0.467 -0.467
 0.958  0.753 -0.519 -0.485 -0.454 -0.470 -0.470
 0.960  0.738 -0.532 -0.497 -0.464 -0.473 -0.473
 0.962  0.723 -0.542 -0.508 -0.474 -0.476 -0.476
 0.964  0.709 -0.554 -0.518 -0.483 -0.479 -0.479
 0.966  0.696 -0.565 -0.529 -0.492 -0.481 -0.481
 0.968  0.684 -0.575 -0.539 -0.500 -0.483 -0.483
 0.970  0.672 -0.584 -0.547 -0.508 -0.485 -0.485
 0.972  0.662 -0.593 -0.557 -0.515 -0.488 -0.488
 0.974  0.652 -0.600 -0.564 -0.522 -0.489 -0.489
 0.976  0.642 -0.608 -0.572 -0.528 -0.491 -0.491
 0.978  0.633 -0.615 -0.579 -0.534 -0.493 -0.493
 0.980  0.625 -0.622 -0.585 -0.540 -0.494 -0.494
 0.982  0.617 -0.628 -0.591 -0.545 -0.495 -0.495
 0.984  0.610 -0.634 -0.597 -0.549 -0.497 -0.497
 0.986  0.604 -0.638 -0.602 -0.553 -0.498 -0.498
 0.988  0.599 -0.642 -0.606 -0.557 -0.499 -0.499
 0.990  0.595 -0.645 -0.609 -0.560 -0.500 -0.500
 0.992  0.591 -0.648 -0.612 -0.562 -0.500 -0.500
 0.994  0.589 -0.650 -0.614 -0.564 -0.500 -0.500
 0.996  0.587 -0.651 -0.616 -0.566 -0.501 -0.501
 0.998  0.586 -0.651 -0.616 -0.566 -0.501 -0.501
