# IsPeriodic    : True
# Period        : 0.557696 days
# Normalization : <g_mag>=0
# 
# Phase u_mag  g_mag  r_mag  i_mag  z_mag  y_mag
0 0.444 -0.766 -0.662 -0.570 -0.549 -0.549
0.00111539 0.444 -0.765 -0.662 -0.570 -0.548 -0.548
0.00223078 0.444 -0.764 -0.662 -0.569 -0.547 -0.547
0.00334618 0.445 -0.762 -0.661 -0.569 -0.546 -0.546
0.00446157 0.446 -0.759 -0.661 -0.568 -0.544 -0.544
0.00557696 0.448 -0.756 -0.660 -0.568 -0.542 -0.542
0.00669235 0.449 -0.751 -0.659 -0.567 -0.540 -0.540
0.00780774 0.451 -0.746 -0.657 -0.566 -0.537 -0.537
0.00892314 0.453 -0.740 -0.656 -0.566 -0.534 -0.534
0.0100385 0.456 -0.735 -0.654 -0.564 -0.532 -0.532
0.0111539 0.460 -0.729 -0.652 -0.564 -0.528 -0.528
0.0122693 0.462 -0.723 -0.650 -0.563 -0.525 -0.525
0.0133847 0.465 -0.717 -0.648 -0.561 -0.522 -0.522
0.0145001 0.469 -0.711 -0.646 -0.560 -0.519 -0.519
0.0156155 0.473 -0.704 -0.643 -0.559 -0.516 -0.516
0.0167309 0.476 -0.698 -0.641 -0.557 -0.513 -0.513
0.0178463 0.480 -0.693 -0.638 -0.555 -0.511 -0.511
0.0189617 0.484 -0.687 -0.636 -0.554 -0.508 -0.508
0.0200771 0.489 -0.682 -0.634 -0.552 -0.505 -0.505
0.0211924 0.493 -0.676 -0.630 -0.550 -0.503 -0.503
0.0223078 0.497 -0.670 -0.628 -0.548 -0.500 -0.500
0.0234232 0.503 -0.665 -0.625 -0.546 -0.497 -0.497
0.0245386 0.508 -0.659 -0.621 -0.544 -0.495 -0.495
0.025654 0.513 -0.653 -0.617 -0.541 -0.492 -0.492
0.0267694 0.519 -0.648 -0.614 -0.538 -0.489 -0.489
0.0278848 0.524 -0.641 -0.610 -0.536 -0.487 -0.487
0.0290002 0.531 -0.635 -0.607 -0.533 -0.485 -0.485
0.0301156 0.537 -0.628 -0.603 -0.530 -0.482 -0.482
0.031231 0.544 -0.622 -0.598 -0.527 -0.479 -0.479
0.0323464 0.550 -0.616 -0.594 -0.524 -0.477 -0.477
0.0334618 0.557 -0.609 -0.589 -0.521 -0.474 -0.474
0.0345772 0.564 -0.603 -0.585 -0.517 -0.472 -0.472
0.0356925 0.572 -0.596 -0.580 -0.514 -0.469 -0.469
0.0368079 0.578 -0.589 -0.575 -0.511 -0.467 -0.467
0.0379233 0.587 -0.582 -0.570 -0.508 -0.464 -0.464
0.0390387 0.594 -0.575 -0.565 -0.504 -0.462 -0.462
0.0401541 0.602 -0.569 -0.560 -0.500 -0.459 -0.459
0.0412695 0.610 -0.562 -0.554 -0.497 -0.457 -0.457
0.0423849 0.618 -0.555 -0.549 -0.493 -0.455 -0.455
0.0435003 0.626 -0.548 -0.544 -0.490 -0.453 -0.453
0.0446157 0.634 -0.542 -0.539 -0.486 -0.450 -0.450
0.0457311 0.643 -0.535 -0.534 -0.483 -0.448 -0.448
0.0468465 0.650 -0.528 -0.528 -0.479 -0.446 -0.446
0.0479619 0.658 -0.521 -0.523 -0.476 -0.444 -0.444
0.0490772 0.665 -0.515 -0.518 -0.472 -0.441 -0.441
0.0501926 0.673 -0.508 -0.513 -0.469 -0.439 -0.439
0.051308 0.680 -0.501 -0.509 -0.466 -0.437 -0.437
0.0524234 0.688 -0.495 -0.504 -0.463 -0.435 -0.435
0.0535388 0.694 -0.489 -0.500 -0.460 -0.433 -0.433
0.0546542 0.702 -0.482 -0.495 -0.457 -0.430 -0.430
0.0557696 0.708 -0.475 -0.491 -0.454 -0.428 -0.428
0.056885 0.715 -0.469 -0.486 -0.451 -0.426 -0.426
0.0580004 0.721 -0.463 -0.482 -0.448 -0.424 -0.424
0.0591158 0.728 -0.456 -0.477 -0.445 -0.422 -0.422
0.0602312 0.734 -0.450 -0.473 -0.443 -0.420 -0.420
0.0613466 0.741 -0.445 -0.469 -0.440 -0.418 -0.418
0.062462 0.747 -0.438 -0.465 -0.437 -0.416 -0.416
0.0635773 0.752 -0.432 -0.461 -0.434 -0.414 -0.414
0.0646927 0.759 -0.426 -0.457 -0.432 -0.412 -0.412
0.0658081 0.764 -0.421 -0.453 -0.429 -0.410 -0.410
0.0669235 0.771 -0.415 -0.450 -0.426 -0.409 -0.409
0.0680389 0.776 -0.410 -0.446 -0.424 -0.407 -0.407
0.0691543 0.781 -0.404 -0.442 -0.422 -0.404 -0.404
0.0702697 0.787 -0.398 -0.439 -0.419 -0.403 -0.403
0.0713851 0.792 -0.393 -0.435 -0.417 -0.401 -0.401
0.0725005 0.798 -0.387 -0.432 -0.415 -0.399 -0.399
0.0736159 0.802 -0.381 -0.428 -0.413 -0.397 -0.397
0.0747313 0.807 -0.377 -0.425 -0.411 -0.396 -0.396
0.0758467 0.812 -0.371 -0.423 -0.409 -0.394 -0.394
0.076962 0.817 -0.366 -0.419 -0.407 -0.392 -0.392
0.0780774 0.821 -0.361 -0.416 -0.404 -0.390 -0.390
0.0791928 0.826 -0.355 -0.414 -0.402 -0.389 -0.389
0.0803082 0.830 -0.351 -0.410 -0.400 -0.387 -0.387
0.0814236 0.834 -0.345 -0.408 -0.398 -0.386 -0.386
0.082539 0.838 -0.341 -0.405 -0.396 -0.384 -0.384
0.0836544 0.843 -0.336 -0.402 -0.394 -0.382 -0.382
0.0847698 0.847 -0.332 -0.399 -0.393 -0.381 -0.381
0.0858852 0.851 -0.326 -0.397 -0.391 -0.379 -0.379
0.0870006 0.856 -0.322 -0.393 -0.389 -0.377 -0.377
0.088116 0.860 -0.317 -0.391 -0.387 -0.376 -0.376
0.0892314 0.864 -0.312 -0.388 -0.385 -0.374 -0.374
0.0903468 0.868 -0.308 -0.385 -0.383 -0.373 -0.373
0.0914621 0.872 -0.303 -0.383 -0.381 -0.371 -0.371
0.0925775 0.876 -0.299 -0.380 -0.379 -0.369 -0.369
0.0936929 0.880 -0.294 -0.377 -0.377 -0.368 -0.368
0.0948083 0.885 -0.290 -0.374 -0.375 -0.366 -0.366
0.0959237 0.889 -0.285 -0.372 -0.373 -0.365 -0.365
0.0970391 0.893 -0.280 -0.369 -0.372 -0.363 -0.363
0.0981545 0.897 -0.275 -0.366 -0.370 -0.362 -0.362
0.0992699 0.901 -0.271 -0.364 -0.368 -0.360 -0.360
0.100385 0.905 -0.266 -0.361 -0.366 -0.359 -0.359
0.101501 0.909 -0.262 -0.358 -0.364 -0.357 -0.357
0.102616 0.914 -0.257 -0.356 -0.362 -0.356 -0.356
0.103731 0.918 -0.253 -0.352 -0.361 -0.354 -0.354
0.104847 0.922 -0.248 -0.350 -0.359 -0.352 -0.352
0.105962 0.926 -0.244 -0.348 -0.357 -0.351 -0.351
0.107078 0.930 -0.239 -0.344 -0.355 -0.349 -0.349
0.108193 0.934 -0.235 -0.342 -0.354 -0.347 -0.347
0.109308 0.939 -0.230 -0.339 -0.352 -0.346 -0.346
0.110424 0.943 -0.226 -0.336 -0.350 -0.344 -0.344
0.111539 0.947 -0.221 -0.334 -0.348 -0.342 -0.342
0.112655 0.950 -0.217 -0.331 -0.347 -0.341 -0.341
0.11377 0.955 -0.212 -0.329 -0.345 -0.339 -0.339
0.114885 0.959 -0.208 -0.325 -0.343 -0.337 -0.337
0.116001 0.963 -0.203 -0.323 -0.341 -0.336 -0.336
0.117116 0.967 -0.199 -0.321 -0.339 -0.334 -0.334
0.118232 0.971 -0.194 -0.318 -0.337 -0.333 -0.333
0.119347 0.975 -0.191 -0.315 -0.336 -0.331 -0.331
0.120462 0.979 -0.186 -0.312 -0.334 -0.330 -0.330
0.121578 0.984 -0.182 -0.310 -0.332 -0.328 -0.328
0.122693 0.987 -0.177 -0.307 -0.330 -0.326 -0.326
0.123809 0.991 -0.173 -0.304 -0.329 -0.325 -0.325
0.124924 0.996 -0.168 -0.302 -0.327 -0.323 -0.323
0.126039 0.999 -0.164 -0.299 -0.325 -0.321 -0.321
0.127155 1.003 -0.159 -0.297 -0.324 -0.319 -0.319
0.12827 1.007 -0.156 -0.294 -0.322 -0.318 -0.318
0.129385 1.011 -0.151 -0.292 -0.320 -0.316 -0.316
0.130501 1.015 -0.147 -0.289 -0.318 -0.314 -0.314
0.131616 1.018 -0.142 -0.286 -0.317 -0.313 -0.313
0.132732 1.022 -0.139 -0.284 -0.315 -0.311 -0.311
0.133847 1.026 -0.134 -0.281 -0.313 -0.310 -0.310
0.134962 1.030 -0.130 -0.279 -0.311 -0.308 -0.308
0.136078 1.033 -0.126 -0.276 -0.309 -0.307 -0.307
0.137193 1.036 -0.122 -0.274 -0.307 -0.305 -0.305
0.138309 1.041 -0.118 -0.272 -0.305 -0.304 -0.304
0.139424 1.044 -0.114 -0.269 -0.303 -0.302 -0.302
0.140539 1.047 -0.109 -0.267 -0.301 -0.301 -0.301
0.141655 1.052 -0.106 -0.264 -0.300 -0.299 -0.299
0.14277 1.055 -0.103 -0.263 -0.298 -0.298 -0.298
0.143886 1.058 -0.098 -0.260 -0.296 -0.296 -0.296
0.145001 1.061 -0.095 -0.258 -0.294 -0.295 -0.295
0.146116 1.064 -0.090 -0.255 -0.292 -0.293 -0.293
0.147232 1.069 -0.087 -0.253 -0.290 -0.292 -0.292
0.148347 1.072 -0.083 -0.250 -0.288 -0.290 -0.290
0.149463 1.075 -0.080 -0.248 -0.286 -0.289 -0.289
0.150578 1.078 -0.076 -0.246 -0.285 -0.287 -0.287
0.151693 1.082 -0.072 -0.244 -0.283 -0.286 -0.286
0.152809 1.085 -0.069 -0.241 -0.281 -0.285 -0.285
0.153924 1.088 -0.065 -0.239 -0.279 -0.284 -0.284
0.155039 1.091 -0.062 -0.237 -0.277 -0.282 -0.282
0.156155 1.095 -0.059 -0.235 -0.275 -0.281 -0.281
0.15727 1.098 -0.054 -0.232 -0.273 -0.280 -0.280
0.158386 1.100 -0.051 -0.231 -0.271 -0.278 -0.278
0.159501 1.103 -0.047 -0.228 -0.269 -0.276 -0.276
0.160616 1.106 -0.044 -0.226 -0.267 -0.275 -0.275
0.161732 1.110 -0.041 -0.224 -0.266 -0.274 -0.274
0.162847 1.113 -0.038 -0.222 -0.264 -0.273 -0.273
0.163963 1.116 -0.035 -0.219 -0.262 -0.272 -0.272
0.165078 1.118 -0.031 -0.218 -0.260 -0.270 -0.270
0.166193 1.121 -0.028 -0.215 -0.258 -0.269 -0.269
0.167309 1.125 -0.025 -0.213 -0.256 -0.268 -0.268
0.168424 1.128 -0.021 -0.211 -0.255 -0.267 -0.267
0.16954 1.130 -0.018 -0.209 -0.253 -0.266 -0.266
0.170655 1.133 -0.015 -0.206 -0.251 -0.264 -0.264
0.17177 1.137 -0.012 -0.204 -0.249 -0.263 -0.263
0.172886 1.140 -0.009 -0.202 -0.248 -0.261 -0.261
0.174001 1.142 -0.006 -0.200 -0.246 -0.260 -0.260
0.175117 1.145 -0.002 -0.197 -0.245 -0.259 -0.259
0.176232 1.148 0.001 -0.196 -0.243 -0.258 -0.258
0.177347 1.152 0.005 -0.193 -0.241 -0.257 -0.257
0.178463 1.154 0.007 -0.191 -0.239 -0.255 -0.255
0.179578 1.157 0.010 -0.188 -0.237 -0.254 -0.254
0.180694 1.160 0.014 -0.186 -0.236 -0.253 -0.253
0.181809 1.162 0.017 -0.184 -0.234 -0.251 -0.251
0.182924 1.166 0.020 -0.182 -0.233 -0.250 -0.250
0.18404 1.169 0.023 -0.179 -0.231 -0.249 -0.249
0.185155 1.172 0.026 -0.177 -0.230 -0.248 -0.248
0.18627 1.174 0.029 -0.174 -0.228 -0.246 -0.246
0.187386 1.177 0.033 -0.173 -0.226 -0.245 -0.245
0.188501 1.181 0.036 -0.170 -0.225 -0.243 -0.243
0.189617 1.183 0.038 -0.168 -0.224 -0.242 -0.242
0.190732 1.186 0.042 -0.165 -0.222 -0.241 -0.241
0.191847 1.188 0.045 -0.163 -0.220 -0.240 -0.240
0.192963 1.191 0.049 -0.160 -0.219 -0.238 -0.238
0.194078 1.195 0.051 -0.158 -0.217 -0.237 -0.237
0.195194 1.197 0.054 -0.155 -0.216 -0.235 -0.235
0.196309 1.200 0.058 -0.153 -0.214 -0.234 -0.234
0.197424 1.203 0.061 -0.151 -0.213 -0.232 -0.232
0.19854 1.205 0.063 -0.148 -0.212 -0.231 -0.231
0.199655 1.209 0.067 -0.146 -0.211 -0.230 -0.230
0.200771 1.211 0.070 -0.144 -0.209 -0.228 -0.228
0.201886 1.214 0.072 -0.142 -0.207 -0.227 -0.227
0.203001 1.217 0.076 -0.139 -0.206 -0.226 -0.226
0.204117 1.219 0.079 -0.137 -0.205 -0.224 -0.224
0.205232 1.223 0.082 -0.134 -0.203 -0.223 -0.223
0.206348 1.225 0.085 -0.132 -0.201 -0.222 -0.222
0.207463 1.228 0.088 -0.129 -0.200 -0.220 -0.220
0.208578 1.230 0.092 -0.127 -0.199 -0.219 -0.219
0.209694 1.233 0.094 -0.125 -0.197 -0.217 -0.217
0.210809 1.236 0.097 -0.123 -0.196 -0.216 -0.216
0.211924 1.239 0.101 -0.120 -0.194 -0.214 -0.214
0.21304 1.241 0.104 -0.118 -0.193 -0.213 -0.213
0.214155 1.244 0.106 -0.115 -0.192 -0.211 -0.211
0.215271 1.246 0.110 -0.114 -0.190 -0.210 -0.210
0.216386 1.250 0.113 -0.111 -0.188 -0.208 -0.208
0.217501 1.252 0.116 -0.109 -0.187 -0.207 -0.207
0.218617 1.255 0.119 -0.107 -0.185 -0.205 -0.205
0.219732 1.257 0.122 -0.105 -0.184 -0.204 -0.204
0.220848 1.260 0.125 -0.102 -0.182 -0.202 -0.202
0.221963 1.262 0.129 -0.101 -0.180 -0.201 -0.201
0.223078 1.266 0.131 -0.098 -0.179 -0.200 -0.200
0.224194 1.268 0.134 -0.096 -0.177 -0.198 -0.198
0.225309 1.271 0.138 -0.094 -0.176 -0.197 -0.197
0.226425 1.273 0.141 -0.092 -0.175 -0.195 -0.195
0.22754 1.275 0.145 -0.090 -0.173 -0.194 -0.194
0.228655 1.279 0.147 -0.088 -0.171 -0.192 -0.192
0.229771 1.281 0.150 -0.086 -0.169 -0.191 -0.191
0.230886 1.283 0.154 -0.084 -0.168 -0.189 -0.189
0.232002 1.286 0.157 -0.082 -0.166 -0.188 -0.188
0.233117 1.288 0.160 -0.079 -0.165 -0.186 -0.186
0.234232 1.291 0.163 -0.078 -0.163 -0.185 -0.185
0.235348 1.294 0.166 -0.075 -0.161 -0.183 -0.183
0.236463 1.296 0.169 -0.074 -0.160 -0.181 -0.181
0.237578 1.299 0.173 -0.072 -0.158 -0.180 -0.180
0.238694 1.301 0.176 -0.070 -0.156 -0.178 -0.178
0.239809 1.303 0.180 -0.068 -0.155 -0.177 -0.177
0.240925 1.305 0.182 -0.066 -0.153 -0.175 -0.175
0.24204 1.309 0.185 -0.064 -0.152 -0.174 -0.174
0.243155 1.311 0.189 -0.062 -0.150 -0.172 -0.172
0.244271 1.313 0.192 -0.061 -0.148 -0.170 -0.170
0.245386 1.315 0.195 -0.058 -0.146 -0.169 -0.169
0.246502 1.318 0.199 -0.057 -0.145 -0.167 -0.167
0.247617 1.321 0.201 -0.055 -0.143 -0.166 -0.166
0.248732 1.323 0.204 -0.052 -0.142 -0.164 -0.164
0.249848 1.325 0.208 -0.051 -0.140 -0.162 -0.162
0.250963 1.327 0.210 -0.049 -0.139 -0.161 -0.161
0.252079 1.329 0.213 -0.048 -0.137 -0.159 -0.159
0.253194 1.331 0.216 -0.046 -0.135 -0.158 -0.158
0.254309 1.333 0.218 -0.043 -0.134 -0.157 -0.157
0.255425 1.336 0.221 -0.042 -0.132 -0.155 -0.155
0.25654 1.338 0.224 -0.040 -0.131 -0.154 -0.154
0.257656 1.340 0.226 -0.039 -0.129 -0.153 -0.153
0.258771 1.342 0.228 -0.037 -0.127 -0.151 -0.151
0.259886 1.344 0.230 -0.035 -0.126 -0.150 -0.150
0.261002 1.346 0.233 -0.033 -0.124 -0.149 -0.149
0.262117 1.349 0.235 -0.031 -0.123 -0.147 -0.147
0.263233 1.351 0.237 -0.030 -0.121 -0.146 -0.146
0.264348 1.353 0.239 -0.028 -0.120 -0.144 -0.144
0.265463 1.355 0.242 -0.026 -0.118 -0.143 -0.143
0.266579 1.356 0.244 -0.025 -0.116 -0.142 -0.142
0.267694 1.358 0.245 -0.023 -0.115 -0.141 -0.141
0.268809 1.360 0.247 -0.021 -0.114 -0.140 -0.140
0.269925 1.363 0.249 -0.020 -0.112 -0.138 -0.138
0.27104 1.364 0.251 -0.018 -0.110 -0.137 -0.137
0.272156 1.366 0.253 -0.017 -0.109 -0.136 -0.136
0.273271 1.368 0.254 -0.015 -0.108 -0.135 -0.135
0.274386 1.369 0.255 -0.013 -0.106 -0.134 -0.134
0.275502 1.371 0.257 -0.012 -0.105 -0.133 -0.133
0.276617 1.373 0.259 -0.010 -0.103 -0.132 -0.132
0.277733 1.374 0.260 -0.008 -0.102 -0.131 -0.131
0.278848 1.377 0.261 -0.007 -0.100 -0.129 -0.129
0.279963 1.378 0.262 -0.005 -0.099 -0.129 -0.129
0.281079 1.380 0.263 -0.003 -0.097 -0.128 -0.128
0.282194 1.381 0.264 -0.002 -0.096 -0.126 -0.126
0.28331 1.383 0.265 -0.001 -0.095 -0.126 -0.126
0.284425 1.384 0.266 0.001 -0.093 -0.124 -0.124
0.28554 1.386 0.268 0.002 -0.092 -0.123 -0.123
0.286656 1.387 0.269 0.004 -0.091 -0.123 -0.123
0.287771 1.388 0.269 0.005 -0.090 -0.121 -0.121
0.288887 1.389 0.270 0.006 -0.088 -0.121 -0.121
0.290002 1.392 0.271 0.007 -0.088 -0.120 -0.120
0.291117 1.393 0.271 0.009 -0.086 -0.119 -0.119
0.292233 1.394 0.272 0.010 -0.085 -0.118 -0.118
0.293348 1.395 0.273 0.011 -0.084 -0.117 -0.117
0.294463 1.396 0.274 0.012 -0.083 -0.116 -0.116
0.295579 1.397 0.274 0.013 -0.082 -0.115 -0.115
0.296694 1.398 0.275 0.014 -0.081 -0.114 -0.114
0.29781 1.399 0.275 0.015 -0.080 -0.114 -0.114
0.298925 1.400 0.277 0.016 -0.079 -0.113 -0.113
0.30004 1.401 0.278 0.017 -0.078 -0.112 -0.112
0.301156 1.402 0.278 0.018 -0.077 -0.111 -0.111
0.302271 1.403 0.279 0.019 -0.076 -0.110 -0.110
0.303387 1.404 0.280 0.019 -0.076 -0.109 -0.109
0.304502 1.406 0.280 0.020 -0.075 -0.108 -0.108
0.305617 1.407 0.281 0.021 -0.074 -0.108 -0.108
0.306733 1.407 0.281 0.022 -0.073 -0.107 -0.107
0.307848 1.408 0.282 0.022 -0.073 -0.106 -0.106
0.308964 1.409 0.282 0.023 -0.072 -0.105 -0.105
0.310079 1.409 0.283 0.024 -0.071 -0.105 -0.105
0.311194 1.410 0.283 0.024 -0.071 -0.103 -0.103
0.31231 1.410 0.284 0.024 -0.071 -0.103 -0.103
0.313425 1.411 0.284 0.024 -0.070 -0.102 -0.102
0.314541 1.411 0.286 0.025 -0.069 -0.101 -0.101
0.315656 1.412 0.286 0.025 -0.069 -0.100 -0.100
0.316771 1.412 0.286 0.026 -0.069 -0.100 -0.100
0.317887 1.413 0.287 0.026 -0.068 -0.099 -0.099
0.319002 1.413 0.287 0.027 -0.067 -0.098 -0.098
0.320118 1.413 0.288 0.027 -0.067 -0.097 -0.097
0.321233 1.414 0.288 0.027 -0.067 -0.097 -0.097
0.322348 1.414 0.288 0.027 -0.066 -0.096 -0.096
0.323464 1.414 0.289 0.028 -0.066 -0.095 -0.095
0.324579 1.414 0.289 0.028 -0.065 -0.094 -0.094
0.325694 1.415 0.289 0.028 -0.065 -0.094 -0.094
0.32681 1.415 0.290 0.028 -0.065 -0.093 -0.093
0.327925 1.415 0.290 0.028 -0.064 -0.092 -0.092
0.329041 1.415 0.290 0.028 -0.063 -0.091 -0.091
0.330156 1.415 0.290 0.028 -0.063 -0.091 -0.091
0.331271 1.416 0.291 0.029 -0.063 -0.090 -0.090
0.332387 1.416 0.291 0.029 -0.062 -0.090 -0.090
0.333502 1.416 0.291 0.029 -0.062 -0.089 -0.089
0.334618 1.416 0.291 0.030 -0.061 -0.088 -0.088
0.335733 1.416 0.292 0.030 -0.061 -0.087 -0.087
0.336848 1.416 0.292 0.031 -0.061 -0.086 -0.086
0.337964 1.416 0.292 0.031 -0.060 -0.086 -0.086
0.339079 1.416 0.292 0.031 -0.059 -0.085 -0.085
0.340195 1.416 0.292 0.032 -0.059 -0.085 -0.085
0.34131 1.416 0.294 0.032 -0.059 -0.084 -0.084
0.342425 1.416 0.294 0.033 -0.058 -0.083 -0.083
0.343541 1.416 0.294 0.033 -0.057 -0.083 -0.083
0.344656 1.416 0.294 0.033 -0.057 -0.082 -0.082
0.345772 1.416 0.294 0.033 -0.057 -0.082 -0.082
0.346887 1.416 0.294 0.033 -0.056 -0.081 -0.081
0.348002 1.416 0.294 0.034 -0.055 -0.080 -0.080
0.349118 1.415 0.295 0.034 -0.055 -0.080 -0.080
0.350233 1.415 0.295 0.035 -0.055 -0.079 -0.079
0.351348 1.415 0.295 0.035 -0.054 -0.079 -0.079
0.352464 1.415 0.295 0.036 -0.054 -0.078 -0.078
0.353579 1.415 0.295 0.036 -0.054 -0.077 -0.077
0.354695 1.414 0.295 0.037 -0.053 -0.077 -0.077
0.35581 1.414 0.295 0.037 -0.052 -0.076 -0.076
0.356925 1.414 0.295 0.037 -0.052 -0.076 -0.076
0.358041 1.414 0.295 0.037 -0.051 -0.076 -0.076
0.359156 1.413 0.295 0.038 -0.051 -0.075 -0.075
0.360272 1.413 0.295 0.038 -0.050 -0.074 -0.074
0.361387 1.413 0.295 0.039 -0.050 -0.074 -0.074
0.362502 1.412 0.295 0.039 -0.050 -0.073 -0.073
0.363618 1.412 0.295 0.039 -0.049 -0.073 -0.073
0.364733 1.412 0.295 0.040 -0.048 -0.072 -0.072
0.365849 1.412 0.295 0.040 -0.048 -0.072 -0.072
0.366964 1.411 0.295 0.040 -0.048 -0.071 -0.071
0.368079 1.411 0.295 0.040 -0.048 -0.071 -0.071
0.369195 1.411 0.294 0.040 -0.047 -0.070 -0.070
0.37031 1.410 0.294 0.040 -0.047 -0.070 -0.070
0.371426 1.410 0.294 0.040 -0.047 -0.070 -0.070
0.372541 1.410 0.294 0.040 -0.046 -0.069 -0.069
0.373656 1.409 0.294 0.040 -0.046 -0.069 -0.069
0.374772 1.409 0.292 0.040 -0.046 -0.068 -0.068
0.375887 1.409 0.292 0.040 -0.046 -0.068 -0.068
0.377002 1.408 0.292 0.039 -0.046 -0.068 -0.068
0.378118 1.408 0.291 0.039 -0.046 -0.068 -0.068
0.379233 1.408 0.291 0.039 -0.046 -0.067 -0.067
0.380349 1.408 0.290 0.038 -0.045 -0.067 -0.067
0.381464 1.407 0.290 0.038 -0.045 -0.067 -0.067
0.382579 1.407 0.290 0.037 -0.045 -0.067 -0.067
0.383695 1.407 0.289 0.037 -0.045 -0.067 -0.067
0.38481 1.406 0.289 0.037 -0.045 -0.066 -0.066
0.385926 1.406 0.288 0.036 -0.045 -0.066 -0.066
0.387041 1.406 0.288 0.035 -0.045 -0.066 -0.066
0.388156 1.404 0.287 0.034 -0.045 -0.065 -0.065
0.389272 1.404 0.286 0.033 -0.046 -0.065 -0.065
0.390387 1.404 0.286 0.033 -0.046 -0.065 -0.065
0.391503 1.403 0.284 0.032 -0.046 -0.065 -0.065
0.392618 1.403 0.283 0.031 -0.046 -0.065 -0.065
0.393733 1.403 0.283 0.030 -0.046 -0.065 -0.065
0.394849 1.403 0.282 0.028 -0.046 -0.065 -0.065
0.395964 1.402 0.281 0.028 -0.046 -0.065 -0.065
0.39708 1.402 0.280 0.027 -0.046 -0.065 -0.065
0.398195 1.402 0.279 0.025 -0.046 -0.065 -0.065
0.39931 1.401 0.279 0.024 -0.046 -0.065 -0.065
0.400426 1.401 0.278 0.024 -0.047 -0.065 -0.065
0.401541 1.401 0.277 0.023 -0.047 -0.065 -0.065
0.402657 1.401 0.275 0.021 -0.047 -0.065 -0.065
0.403772 1.400 0.274 0.020 -0.047 -0.065 -0.065
0.404887 1.400 0.273 0.019 -0.047 -0.065 -0.065
0.406003 1.400 0.272 0.019 -0.046 -0.065 -0.065
0.407118 1.400 0.272 0.019 -0.046 -0.065 -0.065
0.408233 1.399 0.271 0.019 -0.046 -0.065 -0.065
0.409349 1.399 0.270 0.018 -0.046 -0.064 -0.064
0.410464 1.399 0.270 0.018 -0.046 -0.064 -0.064
0.41158 1.399 0.270 0.019 -0.045 -0.064 -0.064
0.412695 1.398 0.269 0.019 -0.044 -0.062 -0.062
0.41381 1.398 0.269 0.019 -0.044 -0.062 -0.062
0.414926 1.398 0.269 0.019 -0.043 -0.061 -0.061
0.416041 1.398 0.269 0.020 -0.042 -0.059 -0.059
0.417157 1.398 0.269 0.021 -0.042 -0.058 -0.058
0.418272 1.398 0.269 0.022 -0.041 -0.057 -0.057
0.419387 1.397 0.270 0.023 -0.040 -0.055 -0.055
0.420503 1.397 0.270 0.024 -0.039 -0.054 -0.054
0.421618 1.397 0.270 0.025 -0.038 -0.052 -0.052
0.422734 1.397 0.271 0.026 -0.037 -0.050 -0.050
0.423849 1.397 0.271 0.028 -0.036 -0.048 -0.048
0.424964 1.397 0.272 0.029 -0.035 -0.045 -0.045
0.42608 1.397 0.273 0.031 -0.034 -0.043 -0.043
0.427195 1.397 0.274 0.033 -0.033 -0.041 -0.041
0.428311 1.397 0.275 0.035 -0.031 -0.038 -0.038
0.429426 1.397 0.277 0.037 -0.030 -0.035 -0.035
0.430541 1.397 0.278 0.039 -0.029 -0.032 -0.032
0.431657 1.397 0.280 0.042 -0.027 -0.029 -0.029
0.432772 1.396 0.281 0.044 -0.025 -0.026 -0.026
0.433887 1.396 0.283 0.047 -0.024 -0.023 -0.023
0.435003 1.396 0.284 0.050 -0.023 -0.019 -0.019
0.436118 1.396 0.287 0.053 -0.021 -0.015 -0.015
0.437234 1.396 0.289 0.056 -0.019 -0.012 -0.012
0.438349 1.396 0.291 0.059 -0.018 -0.007 -0.007
0.439464 1.396 0.292 0.062 -0.016 -0.004 -0.004
0.44058 1.397 0.295 0.065 -0.014 0.000 0.000
0.441695 1.397 0.297 0.068 -0.012 0.005 0.005
0.442811 1.398 0.299 0.072 -0.010 0.009 0.009
0.443926 1.398 0.303 0.075 -0.008 0.014 0.014
0.445041 1.399 0.305 0.077 -0.006 0.018 0.018
0.446157 1.400 0.307 0.081 -0.003 0.022 0.022
0.447272 1.401 0.309 0.084 -0.001 0.026 0.026
0.448388 1.402 0.312 0.087 0.001 0.031 0.031
0.449503 1.403 0.314 0.090 0.003 0.034 0.034
0.450618 1.406 0.316 0.093 0.006 0.038 0.038
0.451734 1.407 0.319 0.096 0.008 0.041 0.041
0.452849 1.409 0.322 0.099 0.011 0.044 0.044
0.453965 1.411 0.324 0.101 0.013 0.047 0.047
0.45508 1.413 0.326 0.104 0.015 0.049 0.049
0.456195 1.415 0.328 0.107 0.018 0.050 0.050
0.457311 1.418 0.330 0.109 0.020 0.052 0.052
0.458426 1.421 0.332 0.113 0.023 0.053 0.053
0.459542 1.424 0.334 0.115 0.026 0.054 0.054
0.460657 1.427 0.336 0.118 0.028 0.055 0.055
0.461772 1.430 0.338 0.120 0.032 0.055 0.055
0.462888 1.434 0.340 0.122 0.034 0.055 0.055
0.464003 1.437 0.341 0.125 0.037 0.054 0.054
0.465118 1.441 0.342 0.127 0.040 0.053 0.053
0.466234 1.444 0.343 0.129 0.043 0.053 0.053
0.467349 1.449 0.344 0.131 0.047 0.052 0.052
0.468465 1.453 0.347 0.134 0.050 0.050 0.050
0.46958 1.457 0.348 0.136 0.053 0.049 0.049
0.470695 1.462 0.349 0.138 0.056 0.047 0.047
0.471811 1.467 0.350 0.140 0.060 0.044 0.044
0.472926 1.471 0.351 0.142 0.063 0.041 0.041
0.474042 1.477 0.352 0.144 0.066 0.039 0.039
0.475157 1.482 0.354 0.147 0.069 0.035 0.035
0.476272 1.487 0.356 0.149 0.073 0.032 0.032
0.477388 1.494 0.358 0.150 0.075 0.028 0.028
0.478503 1.499 0.359 0.152 0.078 0.024 0.024
0.479619 1.503 0.360 0.153 0.081 0.019 0.019
0.480734 1.508 0.361 0.154 0.082 0.014 0.014
0.481849 1.512 0.362 0.155 0.084 0.009 0.009
0.482965 1.515 0.362 0.155 0.085 0.003 0.003
0.48408 1.517 0.362 0.154 0.085 -0.002 -0.002
0.485196 1.519 0.361 0.153 0.084 -0.008 -0.008
0.486311 1.519 0.359 0.150 0.083 -0.014 -0.014
0.487426 1.516 0.357 0.148 0.081 -0.020 -0.020
0.488542 1.514 0.353 0.144 0.077 -0.027 -0.027
0.489657 1.510 0.349 0.139 0.073 -0.034 -0.034
0.490772 1.505 0.344 0.133 0.069 -0.041 -0.041
0.491888 1.498 0.339 0.127 0.064 -0.048 -0.048
0.493003 1.491 0.331 0.119 0.058 -0.056 -0.056
0.494119 1.482 0.323 0.112 0.052 -0.063 -0.063
0.495234 1.472 0.315 0.104 0.045 -0.071 -0.071
0.496349 1.462 0.305 0.095 0.037 -0.079 -0.079
0.497465 1.451 0.294 0.085 0.029 -0.088 -0.088
0.49858 1.438 0.282 0.074 0.020 -0.096 -0.096
0.499696 1.425 0.269 0.064 0.011 -0.105 -0.105
0.500811 1.411 0.255 0.052 0.001 -0.114 -0.114
0.501926 1.396 0.240 0.040 -0.009 -0.123 -0.123
0.503042 1.380 0.225 0.028 -0.020 -0.132 -0.132
0.504157 1.361 0.207 0.014 -0.031 -0.141 -0.141
0.505273 1.343 0.190 -0.001 -0.044 -0.151 -0.151
0.506388 1.323 0.171 -0.017 -0.057 -0.161 -0.161
0.507503 1.301 0.150 -0.033 -0.071 -0.172 -0.172
0.508619 1.279 0.129 -0.050 -0.086 -0.182 -0.182
0.509734 1.254 0.107 -0.068 -0.102 -0.192 -0.192
0.51085 1.228 0.084 -0.088 -0.119 -0.203 -0.203
0.511965 1.201 0.060 -0.107 -0.136 -0.214 -0.214
0.51308 1.174 0.035 -0.128 -0.154 -0.225 -0.225
0.514196 1.145 0.009 -0.149 -0.172 -0.237 -0.237
0.515311 1.116 -0.018 -0.171 -0.191 -0.248 -0.248
0.516426 1.086 -0.046 -0.192 -0.209 -0.260 -0.260
0.517542 1.056 -0.074 -0.215 -0.228 -0.272 -0.272
0.518657 1.025 -0.104 -0.237 -0.246 -0.284 -0.284
0.519773 0.994 -0.134 -0.259 -0.264 -0.297 -0.297
0.520888 0.964 -0.166 -0.281 -0.282 -0.310 -0.310
0.522003 0.934 -0.197 -0.303 -0.300 -0.322 -0.322
0.523119 0.904 -0.230 -0.325 -0.317 -0.336 -0.336
0.524234 0.875 -0.263 -0.346 -0.333 -0.348 -0.348
0.52535 0.846 -0.294 -0.367 -0.349 -0.362 -0.362
0.526465 0.818 -0.327 -0.388 -0.364 -0.374 -0.374
0.52758 0.791 -0.359 -0.407 -0.379 -0.387 -0.387
0.528696 0.764 -0.389 -0.426 -0.394 -0.399 -0.399
0.529811 0.739 -0.419 -0.445 -0.407 -0.410 -0.410
0.530927 0.716 -0.447 -0.462 -0.421 -0.422 -0.422
0.532042 0.692 -0.473 -0.478 -0.434 -0.432 -0.432
0.533157 0.671 -0.498 -0.495 -0.445 -0.442 -0.442
0.534273 0.650 -0.521 -0.509 -0.457 -0.452 -0.452
0.535388 0.632 -0.544 -0.523 -0.468 -0.461 -0.461
0.536504 0.614 -0.565 -0.536 -0.478 -0.470 -0.470
0.537619 0.596 -0.586 -0.549 -0.488 -0.478 -0.478
0.538734 0.580 -0.605 -0.561 -0.497 -0.486 -0.486
0.53985 0.565 -0.622 -0.572 -0.506 -0.493 -0.493
0.540965 0.550 -0.639 -0.582 -0.513 -0.500 -0.500
0.542081 0.537 -0.656 -0.593 -0.521 -0.506 -0.506
0.543196 0.524 -0.670 -0.602 -0.528 -0.512 -0.512
0.544311 0.512 -0.684 -0.611 -0.534 -0.518 -0.518
0.545427 0.501 -0.697 -0.619 -0.540 -0.523 -0.523
0.546542 0.491 -0.710 -0.626 -0.546 -0.528 -0.528
0.547657 0.481 -0.721 -0.633 -0.550 -0.532 -0.532
0.548773 0.473 -0.731 -0.639 -0.555 -0.536 -0.536
0.549888 0.465 -0.740 -0.645 -0.558 -0.539 -0.539
0.551004 0.459 -0.748 -0.650 -0.561 -0.543 -0.543
0.552119 0.453 -0.754 -0.653 -0.564 -0.544 -0.544
0.553234 0.449 -0.759 -0.656 -0.566 -0.546 -0.546
0.55435 0.446 -0.763 -0.659 -0.568 -0.547 -0.547
0.555465 0.444 -0.765 -0.661 -0.569 -0.549 -0.549
0.556581 0.442 -0.766 -0.662 -0.570 -0.549 -0.549
